AIMSum (Version 19.02.13, Professional)
Copyright (c) 1997-2019 by Todd A. Keith
AIMSum is a component of the AIMAll package ( http://aim.tkgristmill.com )

TP:  64-bit Linux

Much of the Quantum Theory of Atoms in Molecules (QTAIM) is described in the book:
  "Atoms in Molecules - A Quantum Theory"
  R.F.W. Bader, Oxford University Press, Oxford, 1990

For additional references see:  http://aim.tkgristmill.com/references.html

Wfn File:  /home/mhennefarth/Documents/ML_Diels/summary-levandowski2018/r_5-opt/r_5-opt.wfn
Sum File:  /home/mhennefarth/Documents/ML_Diels/summary-levandowski2018/r_5-opt/r_5-opt.sum

SumViz File:  /home/mhennefarth/Documents/ML_Diels/summary-levandowski2018/r_5-opt/r_5-opt.sumviz

Wfn Title:   Title Card Required                                                           
 
Total memory allocated for AIMSum =        0.929 Megabytes

Atomic units (a.u.) used throughout, except where stated otherwise

Model:  Restricted SCF
 
Restricted, closed-shell, single-determinant wavefunction.
  Number of electrons (from MO Occs)                   =          60.0000000000
  Number of Alpha electrons (from MO Occs)             =          30.0000000000
  Number of Beta electrons (from MO Occs)              =          30.0000000000
  Number of electron pairs (N*(N-1)/2)                 =        1770.0000000000
  Number of electron pairs (from Muller 2EDM)          =        1770.0000000000
 
Nuclear Charges and Cartesian Coordinates:
-------------------------------------------------------------------------------
Atom      Charge                X                  Y                  Z
-------------------------------------------------------------------------------
C1         6.0           2.2722514800E+00   1.7597173100E+00   3.1761530000E-02
C2         6.0           2.3564988800E+00  -1.4585000000E-02  -2.2120909100E+00
H3         1.0           2.3737927100E+00   6.5681732000E-01  -4.1467004100E+00
C4         6.0           2.4565577700E+00  -2.4215524300E+00  -1.3947395600E+00
H5         1.0           2.5952279100E+00  -4.1017699200E+00  -2.5629607500E+00
C6         6.0           2.2106140000E+00  -6.5201870000E-02   2.2555432200E+00
H7         1.0           2.1260092600E+00   5.4221814000E-01   4.2126104800E+00
C8         6.0           2.3641115100E+00  -2.4548438300E+00   1.3944795100E+00
H9         1.0           2.4216235900E+00  -4.1643011200E+00   2.5280445400E+00
C10        6.0          -5.2757010900E+00  -5.9922712000E-01  -1.2922614200E+00
H11        1.0          -3.6658654700E+00  -1.2867166500E+00  -2.3679665600E+00
H12        1.0          -6.8581045200E+00   1.4104761000E-01  -2.3752054500E+00
C13        6.0          -5.2993283200E+00  -6.6239785000E-01   1.2259691400E+00
H14        1.0          -6.9045127600E+00   1.9871340000E-02   2.3140727800E+00
H15        1.0          -3.7106467900E+00  -1.4068877100E+00   2.2950731700E+00
H16        1.0           4.0981332200E+00   2.7686418200E+00   9.9954750000E-02
N17        7.0           2.9674836000E-01   3.6983521900E+00  -1.8200381000E-01
H18        1.0          -1.4286854300E+00   2.8385514900E+00  -1.3400706000E-01
H19        1.0           3.6576434000E-01   4.8526071100E+00   1.3591420000E+00
 
Some Atomic Properties:
----------------------
  q(A) = Net Charge of Atom A
  L(A) = Lagrangian of Atom A = -(1/4) Times Atomic Integral of the Laplacian of the Electron Density
  K(A) = Electronic Kinetic Energy of Atom A (Hamiltonian Form)
  K_Scaled(A) = K(A) * E(Mol)/K(Mol) = Approximation to Virial-Based Total Energy of Atom A.
  |Mu_Intra(A)| = Magnitude of Intraatomic Dipole Moment of Atom A
--------------------------------------------------------------------------------------------------
Atom A          q(A)              L(A)              K(A)          K_Scaled(A)      |Mu_Intra(A)|
--------------------------------------------------------------------------------------------------
C1        3.5688880150E-01 -3.2451377958E-05  3.7499029482E+01 -3.7872532566E+01  3.5964988161E-01
C2       -6.6257293600E-02  1.6664920274E-05  3.7749051047E+01 -3.8125044430E+01  1.7297766502E-01
H3        5.9920869890E-02  2.1472742809E-05  5.8622167995E-01 -5.9206064719E-01  1.4913065330E-01
C4       -6.3865148500E-02 -1.5167141113E-05  3.7730497955E+01 -3.8106306543E+01  1.5284000818E-01
H5        4.5688285770E-02  2.1905428560E-05  5.9270854047E-01 -5.9861211905E-01  1.4979112580E-01
C6       -9.2796451700E-02 -1.8501570256E-05  3.7761047788E+01 -3.8137160663E+01  1.5925019677E-01
H7        4.2621958750E-02  2.1143493871E-05  5.9220387289E-01 -5.9810242482E-01  1.5210842721E-01
C8       -6.3031849300E-02 -3.7221443131E-05  3.7728923511E+01 -3.8104716417E+01  1.5294494345E-01
H9        4.4654280330E-02  1.9715728612E-05  5.9297866110E-01 -5.9888493018E-01  1.5031834619E-01
C10      -8.6354138000E-02  7.4907774046E-05  3.7698998722E+01 -3.8074493567E+01  9.9674505343E-02
H11       5.4073638460E-02  2.1514752645E-05  5.8970338156E-01 -5.9557702774E-01  1.4308363050E-01
H12       4.0636472700E-02  1.7468538075E-05  5.9541995543E-01 -6.0135054062E-01  1.4683105274E-01
C13      -9.0727915700E-02  2.4210994660E-05  3.7699777453E+01 -3.8075280054E+01  9.9450926014E-02
H14       3.8189920130E-02  1.8256552257E-05  5.9628621395E-01 -6.0222542738E-01  1.4751099190E-01
H15       5.1523949870E-02  3.0812194210E-05  5.9073039401E-01 -5.9661426958E-01  1.4366932107E-01
H16       3.9136176130E-02  3.4138376317E-05  6.0225766279E-01 -6.0825635388E-01  1.5392032807E-01
N17      -1.0136371751E+00 -1.3727801309E-04  5.4643245487E+01 -5.5187510791E+01  2.3799712944E-01
H18       3.6417250855E-01  5.1054077637E-05  4.6578929709E-01 -4.7042871685E-01  1.9451973919E-01
H19       3.3932146744E-01  3.4074978918E-05  4.8029556480E-01 -4.8507947192E-01  2.0114094444E-01
--------------------------------------------------------------------------------------------------
Total     1.5835762000E-04  1.6672100734E-04  3.2479516667E+02 -3.2803023696E+02
 
1st Largest |L(A)| = 1.3727801309E-04, atom N17     
2nd Largest |L(A)| = 7.4907774046E-05, atom C10     
 
Molecular charge q(Mol) from the wfn file:   0.0000000000E+00
Molecular energy E(Mol) from the wfn file:  -3.2803019715E+02
Molecular virial ratio (-V(Mol)/T(Mol)) from the wfn file:   2.0099603400E+00
Note.  K_Scaled(A) = (1+V(Mol)/T(Mol))*K(A) = (E(Mol)/T(Mol))*K(A)
       Only use K_Scaled(A) data with caution.
 
N_AIMInt(SumA)     =         59.999842
N_Analytic(Mol)    =         59.999991
 
G_AIMInt(SumA)     =        324.795000
G_Analytic(Mol)    =        324.795107
 
K_AIMInt(SumA)     =        324.795167
K_Analytic(Mol)    =        324.795107
 
L_AIMInt(SumA)     =          0.000167
L_Analytic(Mol)    =          0.000000
 
VenT_AIMInt(SumA)  =      -1441.111211
VenT_Analytic(Mol) =      -1441.112222
 
Some Information About the Atomic Calculations:
----------------------------------------------
  Time(sec) = "Elapsed User Time", in Seconds, for Atom A by AIMInt and, if used, by TWOe
  NProc = Number of Processors Used for AIMInt Job
  BIM = Basin Integration Method
  OAQ = Angular Quadrature Outside of Beta Sphere
  ORQ = Multiple of Default for Radial Quadrature Outside of Beta Sphere
  IAQ = Multiple of Default for Angular Quadrature Inside of Beta Sphere
  IRQ = Multiple of Default for Radial Quadrature Inside of Beta Sphere
  MIR = Maximum Integration Radius
------------------------------------------------------------------------------------------------------
Atom A     Time(sec)   NProc      BIM          OAQ                     ORQ      IAQ      IRQ      MIR
------------------------------------------------------------------------------------------------------
C1             28        8     Proaim(5)    4500(GS4)                  1.00     1.00     1.00    13.00
C2             29        8     Proaim(5)    4500(GS4)                  1.00     1.00     1.00    13.00
H3              5        8     Proaim(5)    1800(GS4)                  1.00     1.00     1.00    13.00
C4             23        8     Proaim(5)    4500(GS4)                  1.00     1.00     1.00    13.00
H5              5        8     Proaim(5)    1800(GS4)                  1.00     1.00     1.00    13.00
C6             29        8     Proaim(5)    4500(GS4)                  1.00     1.00     1.00    13.00
H7              6        8     Proaim(5)    1800(GS4)                  1.00     1.00     1.00    13.00
C8             22        8     Proaim(5)    4500(GS4)                  1.00     1.00     1.00    13.00
H9              5        8     Proaim(5)    1800(GS4)                  1.00     1.00     1.00    13.00
C10            28        8     Proaim(5)    4500(GS4)                  1.00     1.00     1.00    13.00
H11            12        8     Proaim(5)    4500(GS4)                  1.00     1.00     1.00    13.00
H12             5        8     Proaim(5)    1800(GS4)                  1.00     1.00     1.00    13.00
C13            21        8     Proaim(5)    4500(GS4)                  1.00     1.00     1.00    13.00
H14             4        8     Proaim(5)    1800(GS4)                  1.00     1.00     1.00    13.00
H15            13        8     Proaim(5)    4500(GS4)                  1.00     1.00     1.00    13.00
H16             5        8     Proaim(5)    1800(GS4)                  1.00     1.00     1.00    13.00
N17            21        8     Proaim(5)    4500(GS4)                  1.00     1.00     1.00    13.00
H18            11        8     Proaim(5)    4500(GS4)                  1.00     1.00     1.00    13.00
H19             4        8     Proaim(5)    1800(GS4)                  1.00     1.00     1.00    13.00
------------------------------------------------------------------------------------------------------
Total         276
Note:  Total wall clock time is less than total of atomic times if more than one atom
       was calculated at a time
 
Electron Density Critical Point Analysis of Molecular Structure:               
---------------------------------------------------------------                
  NACP = Nuclear Attractor Critical Point                                      
  NNACP = Non-Nuclear Attractor Critical Point                                 
  BCP = Bond Critical Point                                                    
  RCP = Ring Critical Point                                                    
  CCP = Cage Critical Point                                                    
  Rho = Electron Density                                                       
  GradRho = Gradient of Electron Density                                       
  HessRho_EigVals = Eigenvalues of the Hessian of Rho, Ascending Order         
  HessRho_EigVecs = Eigenvectors of the Hessian of Rho                         
  DelSqRho = Laplacian of Rho = Trace of Hessian of Rho                        
  Bond Ellipticity = (HessRho_EigVal(1) / HessRho_EigVal(2)) - 1               
  V = Virial Field = Potential Energy Density = Trace of Stress Tensor         
  G = Lagrangian Form of Kinetic Energy Density                                
  K = Hamiltonian Form of Kinetic Energy Density                               
  L = K - G = Lagrangian Density = (-1/4)DelSqRho                              
  Vnuc = Electrostatic Potential from Nuclei                                   
  Ven = Electron-nuclear attractive contribution to Virial Field V             
  Vrep = V - Ven = Repulsive contribution to Virial Field V                    
  DelSqV = Laplacian of V                                                      
  DelSqVen = Laplacian of Ven                                                  
  DelSqVrep = Laplacian of Vrep                                                
  DelSqG = Laplacian of G                                                      
  DelSqK = Laplacian of K                                                      
  Stress_EigVals = Eigenvalues of Stress Tensor, Ascending Order               
  Stress_EigVecs = Eigenvectors of Stress Tensor                               
  -DivStress = Ehrenfest Force Density = Minus Divergence of Stress Tensor     
  ESP = Total Electrostatic Potential                                          
  ESPe = Electrostatic Potential from Electrons                                
  ESPn = Electrostatic Potential from Nuclei                                   
  BP = Bond Path                                                               
  BPL = Bond Path Length                                                       
  GBL = Geometric Bond Length                                                  
  GBL_I = Distance Between Nuclear Attractors                                  
  GBL_II = Distance Between Nuclei                                             
  GBL_III = Sum of Distances Between BCP and Nuclear Attractors                
  GBL_IV = Sum of Distances Between BCP and Nuclei                             

CP# 1      Coords =  2.27224953619398E+00  1.75971887826041E+00  3.17614393184685E-02
           Type = (3,-3) NACP C1
           Rho =  1.1753273936E+02     Rho at Nucleus =  1.1753273891E+02
           GradRho = -2.7368823189E-09  2.2132185702E-09 -1.1886588588E-10
           HessRho_EigVals = -1.4482365196E+05 -1.4482300189E+05 -1.4482259686E+05
           HessRho_EigVec1 =  7.9790066179E-01 -5.9743701893E-01  8.0147004464E-02
           HessRho_EigVec2 = -1.4768321950E-01 -6.4841827077E-02  9.8690688727E-01
           HessRho_EigVec3 =  5.8441783049E-01  7.9929002613E-01  1.3996875914E-01
           DelSqRho = -4.3446925071E+05
           Bond Ellipticity = NA
           V = -1.0862751765E+05
           G =  5.1024864965E+00
           K =  1.0862241516E+05
           L =  1.0861731268E+05
           Vnuc =  2.4007727556E+06
           Ven = -2.8216939856E+08
           Vrep =  2.8206077104E+08
           DelSqV =  2.4921525320E+09
           DelSqVen =  1.0430619730E+12
           DelSqVrep = -1.0405698205E+12
           DelSqG =  1.3386040617E+08
           DelSqK = -2.6260129382E+09
           Stress_EigVals = -3.6209320930E+04 -3.6209164913E+04 -3.6209031806E+04
           Stress_EigVec1 =  6.0155649381E-01  7.8812293165E-01  1.3035347854E-01
           Stress_EigVec2 = -1.5643840889E-01 -4.3794389379E-02  9.8671630963E-01
           Stress_EigVec3 =  7.8336250164E-01 -6.1395789438E-01  9.6947898110E-02
           -DivStress =  1.5787909837E+03 -1.2683605600E+03  7.5647555365E+01
           ESP =  -1.4707600232E+01     ESP at Nucleus =  -1.4707600263E+01
           ESPe = -2.7875302608E+01     ESPe at Nucleus = -2.7875302480E+01
           ESPn =  1.3167702376E+01     ESPn at Nucleus =  1.3167702217E+01

CP# 2      Coords =  2.35649923270892E+00 -1.45839988636040E-02 -2.21209067702889E+00
           Type = (3,-3) NACP C2
           Rho =  1.1770131106E+02     Rho at Nucleus =  1.1770131097E+02
           GradRho =  1.2392223359E-10  2.6634252789E-10  6.5985336986E-11
           HessRho_EigVals = -1.4503620554E+05 -1.4503545182E+05 -1.4503506192E+05
           HessRho_EigVec1 =  9.7424018378E-01  1.7900858948E-01  1.3715680519E-01
           HessRho_EigVec2 = -1.9374910095E-01  3.5317958277E-01  9.1527343903E-01
           HessRho_EigVec3 = -1.1540082408E-01  9.1827017114E-01 -3.7876449490E-01
           DelSqRho = -4.3510671928E+05
           Bond Ellipticity = NA
           V = -1.0878695250E+05
           G =  5.1363400402E+00
           K =  1.0878181616E+05
           L =  1.0877667982E+05
           Vnuc =  5.5212304234E+06
           Ven = -6.4985605949E+08
           Vrep =  6.4974727253E+08
           DelSqV =  2.4957982567E+09
           DelSqVen =  2.4023246438E+12
           DelSqVrep = -2.3998288456E+12
           DelSqG =  1.3406237654E+08
           DelSqK = -2.6298606332E+09
           Stress_EigVals = -3.6262597657E+04 -3.6262386652E+04 -3.6261968191E+04
           Stress_EigVec1 = -4.4404113110E-02  7.9266046535E-01 -6.0804412784E-01
           Stress_EigVec2 = -1.2773298712E-01  5.9914416911E-01  7.9038632872E-01
           Stress_EigVec3 =  9.9081408889E-01  1.1276369669E-01  7.4644423560E-02
           -DivStress = -2.8708454014E+02 -8.1240096259E+02 -1.9414831223E+02
           ESP =  -1.4751652507E+01     ESP at Nucleus =  -1.4751652517E+01
           ESPe = -2.7048189050E+01     ESPe at Nucleus = -2.7048189130E+01
           ESPn =  1.2296536542E+01     ESPn at Nucleus =  1.2296536612E+01

CP# 3      Coords =  2.37356470023125E+00  6.45148639738808E-01 -4.11323786736074E+00
           Type = (3,-3) NACP H3
           Rho =  4.2367222271E-01     Rho at Nucleus =  4.1989941838E-01
           GradRho = -2.6111844024E-11 -1.3088470472E-09  3.7622636938E-09
           HessRho_EigVals = -6.4554643916E+00 -6.4495468496E+00 -5.8472404551E+00
           HessRho_EigVec1 = -1.6019327547E-02  9.4508525156E-01  3.2643107760E-01
           HessRho_EigVec2 =  9.9984675504E-01  1.2835908770E-02  1.1904027722E-02
           HessRho_EigVec3 = -7.0602815024E-03 -3.2657174820E-01  9.4514604464E-01
           DelSqRho = -1.8752251696E+01
           Bond Ellipticity = NA
           V = -4.6972801823E+00
           G =  4.6086291184E-03
           K =  4.6926715532E+00
           L =  4.6880629241E+00
           Vnuc =  4.0012321097E+01
           Ven = -1.6952109015E+01
           Vrep =  1.2254828832E+01
           DelSqV =  7.0582105764E+02
           DelSqVen =  7.5032112248E+02
           DelSqVrep = -4.4500064833E+01
           DelSqG =  6.9509790156E+01
           DelSqK = -7.7533084780E+02
           Stress_EigVals = -1.6171339651E+00 -1.6167253513E+00 -1.4634208659E+00
           Stress_EigVec1 = -6.5394756107E-02  9.4259845168E-01  3.2746249368E-01
           Stress_EigVec2 =  9.9783769929E-01  5.9604039110E-02  2.7699898997E-02
           Stress_EigVec3 = -6.5917946258E-03 -3.2856584944E-01  9.4445806197E-01
           -DivStress =  5.1176965856E-02  2.6255617549E+00 -7.5268751035E+00
           ESP =  -1.1070680046E+00     ESP at Nucleus =  -1.1096433177E+00
           ESPe = -1.2902215801E+01     ESPe at Nucleus = -1.2811137019E+01
           ESPn =  1.1795147796E+01     ESPn at Nucleus =  1.1701493701E+01

CP# 4      Coords =  2.45655789282262E+00 -2.42155366586333E+00 -1.39473856121976E+00
           Type = (3,-3) NACP C4
           Rho =  1.1767983699E+02     Rho at Nucleus =  1.1767983680E+02
           GradRho =  4.5103067114E-11 -7.1184435430E-10  5.5302416693E-10
           HessRho_EigVals = -1.4500452206E+05 -1.4500367313E+05 -1.4500331911E+05
           HessRho_EigVec1 =  9.9590353164E-01  6.5121230220E-02  6.2732615467E-02
           HessRho_EigVec2 = -7.1184756512E-02  1.3684212361E-01  9.8803186368E-01
           HessRho_EigVec3 = -5.5757386140E-02  9.8845002837E-01 -1.4091719310E-01
           DelSqRho = -4.3501151429E+05
           Bond Ellipticity = NA
           V = -1.0876313017E+05
           G =  5.1257964765E+00
           K =  1.0875800437E+05
           L =  1.0875287857E+05
           Vnuc =  3.7647425635E+06
           Ven = -4.4303429117E+08
           Vrep =  4.4292552804E+08
           DelSqV =  2.4952486974E+09
           DelSqVen =  1.6377063711E+12
           DelSqVrep = -1.6352111142E+12
           DelSqG =  1.3402779004E+08
           DelSqK = -2.6292764875E+09
           Stress_EigVals = -3.6254655001E+04 -3.6254467019E+04 -3.6254008147E+04
           Stress_EigVec1 = -5.9052092092E-02  9.9759280880E-01  3.6351592217E-02
           Stress_EigVec2 = -4.6609873086E-02 -3.9130817932E-02  9.9814643155E-01
           Stress_EigVec3 =  9.9716616978E-01  5.7248291897E-02  4.8808430874E-02
           -DivStress = -9.8954869144E+01  9.9922892632E+02 -8.1551494403E+02
           ESP =  -1.4744295586E+01     ESP at Nucleus =  -1.4744295606E+01
           ESPe = -2.6587860529E+01     ESPe at Nucleus = -2.6587861545E+01
           ESPn =  1.1843564943E+01     ESPn at Nucleus =  1.1843565939E+01

CP# 5      Coords =  2.59285849942691E+00 -4.07322262404705E+00 -2.54294436727473E+00
           Type = (3,-3) NACP H5
           Rho =  4.2635100057E-01     Rho at Nucleus =  4.2264946202E-01
           GradRho =  6.0335850899E-16  8.3601745318E-15  5.1482764178E-15
           HessRho_EigVals = -6.5084064138E+00 -6.5028221318E+00 -5.9044913679E+00
           HessRho_EigVec1 = -7.4761264345E-04 -5.7465011964E-01  8.1839885207E-01
           HessRho_EigVec2 =  9.9770838593E-01  5.4941496584E-02  3.9489347898E-02
           HessRho_EigVec3 = -6.7656616230E-02  8.1655292048E-01  5.7329216838E-01
           DelSqRho = -1.8915719914E+01
           Bond Ellipticity = NA
           V = -4.7379078186E+00
           G =  4.4889200955E-03
           K =  4.7334188985E+00
           L =  4.7289299784E+00
           Vnuc =  3.9848292977E+01
           Ven = -1.6989359581E+01
           Vrep =  1.2251451763E+01
           DelSqV =  7.1249533531E+02
           DelSqVen =  7.5375914898E+02
           DelSqVrep = -4.1263813671E+01
           DelSqG =  7.0278270102E+01
           DelSqK = -7.8277360541E+02
           Stress_EigVals = -1.6303319938E+00 -1.6297683331E+00 -1.4778074917E+00
           Stress_EigVec1 = -4.6024105579E-02 -5.7557240856E-01  8.1645464308E-01
           Stress_EigVec2 =  9.9664699479E-01  2.8893137850E-02  7.6550338695E-02
           Stress_EigVec3 = -6.7650199370E-02  8.1724022728E-01  5.7231273045E-01
           -DivStress =  5.3742923657E-01 -6.4767037496E+00 -4.5404210429E+00
           ESP =  -1.1040953987E+00     ESP at Nucleus =  -1.1066226719E+00
           ESPe = -1.2336749999E+01     ESPe at Nucleus = -1.2247717548E+01
           ESPn =  1.1232654601E+01     ESPn at Nucleus =  1.1141094876E+01

CP# 6      Coords =  2.21061430155787E+00 -6.52010562914555E-02  2.25554365764502E+00
           Type = (3,-3) NACP C6
           Rho =  1.1770740289E+02     Rho at Nucleus =  1.1770740283E+02
           GradRho =  3.9247216588E-11  1.7805687480E-10  1.0186206045E-10
           HessRho_EigVals = -1.4504479865E+05 -1.4504405755E+05 -1.4504372539E+05
           HessRho_EigVec1 =  9.8469538819E-01  1.5999167947E-01 -6.9120582818E-02
           HessRho_EigVec2 =  9.3789833906E-02 -1.5217766146E-01  9.8389299541E-01
           HessRho_EigVec3 = -1.4689608410E-01  9.7531770304E-01  1.6485423447E-01
           DelSqRho = -4.3513258159E+05
           Bond Ellipticity = NA
           V = -1.0879341182E+05
           G =  5.1332101148E+00
           K =  1.0878827861E+05
           L =  1.0878314540E+05
           Vnuc =  6.1734794128E+06
           Ven = -7.2666422850E+08
           Vrep =  7.2655543509E+08
           DelSqV =  2.4959470514E+09
           DelSqVen =  2.6862821704E+12
           DelSqVrep = -2.6837861578E+12
           DelSqG =  1.3407144129E+08
           DelSqK = -2.6300184927E+09
           Stress_EigVals = -3.6264728155E+04 -3.6264556334E+04 -3.6264127328E+04
           Stress_EigVec1 = -7.7582981624E-02  8.1521360876E-01  5.7394046124E-01
           Stress_EigVec2 =  6.6096809404E-02 -5.7020337575E-01  8.1884022988E-01
           Stress_EigVec3 =  9.9479248728E-01  1.0146369978E-01 -9.6449404987E-03
           -DivStress = -2.4576795726E+02 -6.5960260660E+02 -3.5050972509E+02
           ESP =  -1.4751310832E+01     ESP at Nucleus =  -1.4751310844E+01
           ESPe = -2.7039127005E+01     ESPe at Nucleus = -2.7039127992E+01
           ESPn =  1.2287816173E+01     ESPn at Nucleus =  1.2287817148E+01

CP# 7      Coords =  2.12745651623263E+00  5.32062570997699E-01  4.17932749598369E+00
           Type = (3,-3) NACP H7
           Rho =  4.2454626961E-01     Rho at Nucleus =  4.2088759886E-01
           GradRho =  1.2218620300E-10 -8.5807618454E-10 -2.8150436198E-09
           HessRho_EigVals = -6.4736330914E+00 -6.4680011677E+00 -5.8768316295E+00
           HessRho_EigVec1 =  1.2671538623E-02  9.5660615544E-01 -2.9110839131E-01
           HessRho_EigVec2 =  9.9905987669E-01 -4.1408643238E-05  4.3351598334E-02
           HessRho_EigVec3 = -4.1458351411E-02  2.9138404497E-01  9.5570735240E-01
           DelSqRho = -1.8818465889E+01
           Bond Ellipticity = NA
           V = -4.7140762465E+00
           G =  4.7298871565E-03
           K =  4.7093463593E+00
           L =  4.7046164721E+00
           Vnuc =  4.0500376852E+01
           Ven = -1.7194283910E+01
           Vrep =  1.2480207664E+01
           DelSqV =  7.0891634220E+02
           DelSqVen =  7.6215496511E+02
           DelSqVrep = -5.3238622909E+01
           DelSqG =  6.9857862403E+01
           DelSqK = -7.7877420460E+02
           Stress_EigVals = -1.6217971827E+00 -1.6213856694E+00 -1.4708933943E+00
           Stress_EigVec1 = -4.2284829457E-02  9.5447456121E-01 -2.9528004537E-01
           Stress_EigVec2 =  9.9822733196E-01  5.2749785016E-02  2.7561819854E-02
           Stress_EigVec3 = -4.1883014824E-02  2.9359116502E-01  9.5501311032E-01
           -DivStress = -3.2705163146E-01  2.2930040822E+00  7.5130925740E+00
           ESP =  -1.1017397437E+00     ESP at Nucleus =  -1.1042411537E+00
           ESPe = -1.2889557728E+01     ESPe at Nucleus = -1.2800427014E+01
           ESPn =  1.1787817984E+01     ESPn at Nucleus =  1.1696185861E+01

CP# 8      Coords =  2.36411162022455E+00 -2.45484500382932E+00  1.39447855865033E+00
           Type = (3,-3) NACP C8
           Rho =  1.1768128848E+02     Rho at Nucleus =  1.1768128831E+02
           GradRho =  5.9514157491E-11 -6.2085916616E-10 -4.8351336910E-10
           HessRho_EigVals = -1.4500627340E+05 -1.4500540491E+05 -1.4500507235E+05
           HessRho_EigVec1 =  9.9825331644E-01  5.9053761681E-02  1.7232093550E-03
           HessRho_EigVec2 =  8.0677186852E-03 -1.6515654455E-01  9.8623436754E-01
           HessRho_EigVec3 = -5.8525448605E-02  9.8449782581E-01  1.6534449746E-01
           DelSqRho = -4.3501675065E+05
           Bond Ellipticity = NA
           V = -1.0876442920E+05
           G =  5.1207681426E+00
           K =  1.0875930843E+05
           L =  1.0875418766E+05
           Vnuc =  3.9605235863E+06
           Ven = -4.6607951868E+08
           Vrep =  4.6597075425E+08
           DelSqV =  2.4952784272E+09
           DelSqVen =  1.7228940657E+12
           DelSqVrep = -1.7203988036E+12
           DelSqG =  1.3402933969E+08
           DelSqK = -2.6293077668E+09
           Stress_EigVals = -3.6255085220E+04 -3.6254903949E+04 -3.6254440030E+04
           Stress_EigVec1 = -5.3483390911E-02  9.9836989886E-01 -1.9926664085E-02
           Stress_EigVec2 = -1.8609712884E-02  1.8955220879E-02  9.9964712683E-01
           Stress_EigVec3 =  9.9839531523E-01  5.3835347555E-02  1.7565587681E-02
           -DivStress = -8.9105892288E+01  9.4851792475E+02  7.7648155655E+02
           ESP =  -1.4743090444E+01     ESP at Nucleus =  -1.4743090463E+01
           ESPe = -2.6594119474E+01     ESPe at Nucleus = -2.6594120463E+01
           ESPn =  1.1851029030E+01     ESPn at Nucleus =  1.1851030000E+01

CP# 9      Coords =  2.42063632180882E+00 -4.13531122914241E+00  2.50867432617166E+00
           Type = (3,-3) NACP H9
           Rho =  4.2625835620E-01     Rho at Nucleus =  4.2257106643E-01
           GradRho = -1.6293390248E-15  6.3795540031E-15 -5.2591530306E-15
           HessRho_EigVals = -6.5073550638E+00 -6.5017491699E+00 -5.9047131718E+00
           HessRho_EigVec1 = -5.6496045679E-02  5.5389859194E-01  8.3066512306E-01
           HessRho_EigVec2 =  9.9801190757E-01  5.4610769381E-02  3.1462616314E-02
           HessRho_EigVec3 = -2.7936162593E-02  8.3079119742E-01 -5.5588268286E-01
           DelSqRho = -1.8913817406E+01
           Bond Ellipticity = NA
           V = -4.7374509400E+00
           G =  4.4982943101E-03
           K =  4.7329526457E+00
           L =  4.7284543514E+00
           Vnuc =  3.9917811699E+01
           Ven = -1.7015300798E+01
           Vrep =  1.2277849858E+01
           DelSqV =  7.1248855396E+02
           DelSqVen =  7.5499820169E+02
           DelSqVrep = -4.2509647737E+01
           DelSqG =  7.0278442963E+01
           DelSqK = -7.8276699692E+02
           Stress_EigVals = -1.6300610902E+00 -1.6294773125E+00 -1.4779125374E+00
           Stress_EigVec1 = -8.9268593112E-03  5.5498547650E-01  8.3181213748E-01
           Stress_EigVec2 =  9.9956433654E-01  2.8355492145E-02 -8.1916526670E-03
           Stress_EigVec3 = -2.8132690789E-02  8.3137662160E-01 -5.5499681510E-01
           -DivStress =  2.2390329419E-01 -6.5764513625E+00  4.3934076689E+00
           ESP =  -1.1033323765E+00     ESP at Nucleus =  -1.1058506988E+00
           ESPe = -1.2351174862E+01     ESPe at Nucleus = -1.2262461718E+01
           ESPn =  1.1247842485E+01     ESPn at Nucleus =  1.1156611020E+01

CP# 10     Coords = -5.27570118372309E+00 -5.99226862853143E-01 -1.29226222391772E+00
           Type = (3,-3) NACP C10
           Rho =  1.1769059784E+02     Rho at Nucleus =  1.1769059779E+02
           GradRho =  4.6650162899E-11  4.8215592868E-11 -1.4338108305E-10
           HessRho_EigVals = -1.4502295405E+05 -1.4502181709E+05 -1.4502164314E+05
           HessRho_EigVec1 =  4.0684931201E-01  9.1279906424E-01  3.5658177746E-02
           HessRho_EigVec2 =  9.0095662500E-01 -4.0740438803E-01  1.4932790921E-01
           HessRho_EigVec3 = -1.5083367388E-01  2.8627485652E-02  9.8814455921E-01
           DelSqRho = -4.3506641428E+05
           Bond Ellipticity = NA
           V = -1.0877679731E+05
           G =  5.0968715181E+00
           K =  1.0877170044E+05
           L =  1.0876660357E+05
           Vnuc =  7.0652301179E+06
           Ven = -8.3151115648E+08
           Vrep =  8.3140237968E+08
           DelSqV =  2.4955672721E+09
           DelSqVen =  3.0738436588E+12
           DelSqVrep = -3.0713483536E+12
           DelSqG =  1.3404994307E+08
           DelSqK = -2.6296172152E+09
           Stress_EigVals = -3.6259196616E+04 -3.6259088218E+04 -3.6258512479E+04
           Stress_EigVec1 = -7.5898534377E-02 -2.7603490326E-05  9.9711554582E-01
           Stress_EigVec2 =  9.1057734626E-01 -4.0748789961E-01  6.9300130982E-02
           Stress_EigVec3 =  4.0631060651E-01  9.1321060600E-01  3.0952869470E-02
           -DivStress =  7.6588560226E+01 -2.0878595104E+02  6.5282708574E+02
           ESP =  -1.4743404016E+01     ESP at Nucleus =  -1.4743404027E+01
           ESPe = -2.4167832733E+01     ESPe at Nucleus = -2.4167833516E+01
           ESPn =  9.4244287174E+00     ESPn at Nucleus =  9.4244294893E+00

CP# 11     Coords = -3.69373896154199E+00 -1.27482697991722E+00 -2.34949413612767E+00
           Type = (3,-3) NACP H11
           Rho =  4.2377593539E-01     Rho at Nucleus =  4.1999718095E-01
           GradRho = -4.9565657568E-15  2.5171108687E-15  2.5145358885E-15
           HessRho_EigVals = -6.4464705140E+00 -6.4399541740E+00 -5.8395085690E+00
           HessRho_EigVec1 =  4.6787990338E-01 -2.3021239374E-01  8.5328228025E-01
           HessRho_EigVec2 =  4.0577304959E-01  9.1365859268E-01  2.4004338208E-02
           HessRho_EigVec3 =  7.8513478349E-01 -3.3500780557E-01 -5.2089647913E-01
           DelSqRho = -1.8725933257E+01
           Bond Ellipticity = NA
           V = -4.6905158421E+00
           G =  4.5162639092E-03
           K =  4.6859995782E+00
           L =  4.6814833143E+00
           Vnuc =  3.9713376665E+01
           Ven = -1.6829573344E+01
           Vrep =  1.2139057502E+01
           DelSqV =  7.0456321594E+02
           DelSqVen =  7.4367004085E+02
           DelSqVrep = -3.9106824904E+01
           DelSqG =  6.9296755946E+01
           DelSqK = -7.7385997189E+02
           Stress_EigVals = -1.6148697333E+00 -1.6141136828E+00 -1.4615324260E+00
           Stress_EigVec1 =  4.6762290059E-01 -2.3433951199E-01  8.5229913526E-01
           Stress_EigVec2 =  4.0768241391E-01  9.1271643358E-01  2.7271986744E-02
           Stress_EigVec3 =  7.8429833115E-01 -3.3471436329E-01 -5.2234320401E-01
           -DivStress =  6.2584829803E+00 -2.6702153648E+00 -4.1490656992E+00
           ESP =  -1.1103564968E+00     ESP at Nucleus =  -1.1128596737E+00
           ESPe = -1.2646626756E+01     ESPe at Nucleus = -1.2595836942E+01
           ESPn =  1.1536270259E+01     ESPn at Nucleus =  1.1482977268E+01

CP# 12     Coords = -6.83119716049592E+00  1.28456344384691E-01 -2.35678957399096E+00
           Type = (3,-3) NACP H12
           Rho =  4.2560382131E-01     Rho at Nucleus =  4.2191611318E-01
           GradRho =  1.8236280541E-16 -1.0720184506E-15  7.9414421003E-16
           HessRho_EigVals = -6.4800220567E+00 -6.4738875058E+00 -5.8802169700E+00
           HessRho_EigVec1 = -4.8926043973E-01  1.9526708860E-01  8.4999705072E-01
           HessRho_EigVec2 =  4.0903920896E-01  9.1214920535E-01  2.5898894031E-02
           HessRho_EigVec3 =  7.7026693273E-01 -3.6035342552E-01  5.2615041676E-01
           DelSqRho = -1.8834126532E+01
           Bond Ellipticity = NA
           V = -4.7174856071E+00
           G =  4.4769869831E-03
           K =  4.7130086201E+00
           L =  4.7085316331E+00
           Vnuc =  3.8417551200E+01
           Ven = -1.6350656596E+01
           Vrep =  1.1633170989E+01
           DelSqV =  7.0915287886E+02
           DelSqVen =  7.2356102038E+02
           DelSqVrep = -1.4408141520E+01
           DelSqG =  6.9787487265E+01
           DelSqK = -7.7894036612E+02
           Stress_EigVals = -1.6233157610E+00 -1.6225167141E+00 -1.4716531321E+00
           Stress_EigVec1 = -4.9169185911E-01  1.9379907391E-01  8.4892934608E-01
           Stress_EigVec2 =  4.0794917966E-01  9.1257667361E-01  2.7951414869E-02
           Stress_EigVec3 =  7.6929616046E-01 -3.6006351346E-01  5.2776669445E-01
           -DivStress = -6.0758796258E+00  2.8435767987E+00 -4.1603967100E+00
           ESP =  -1.1085680414E+00     ESP at Nucleus =  -1.1110206013E+00
           ESPe = -1.0916017007E+01     ESPe at Nucleus = -1.0838634298E+01
           ESPn =  9.8074489655E+00     ESPn at Nucleus =  9.7276136963E+00

CP# 13     Coords = -5.29932845997433E+00 -6.62397666507188E-01  1.22597002119120E+00
           Type = (3,-3) NACP C13
           Rho =  1.1768826711E+02     Rho at Nucleus =  1.1768826705E+02
           GradRho = -2.6872519401E-11  3.6156621100E-11  1.5377332025E-10
           HessRho_EigVals = -1.4501980107E+05 -1.4501869243E+05 -1.4501851215E+05
           HessRho_EigVec1 =  4.0683457439E-01  9.1328528287E-01  1.9890228152E-02
           HessRho_EigVec2 =  9.0396913693E-01 -3.9935632026E-01 -1.5282123198E-01
           HessRho_EigVec3 =  1.3162609375E-01 -8.0153113246E-02  9.8805366751E-01
           DelSqRho = -4.3505700565E+05
           Bond Ellipticity = NA
           V = -1.0877444375E+05
           G =  5.0961703193E+00
           K =  1.0876934758E+05
           L =  1.0876425141E+05
           Vnuc =  6.5868159829E+06
           Ven = -7.7519095879E+08
           Vrep =  7.7508218434E+08
           DelSqV =  2.4955132159E+09
           DelSqVen =  2.8656407675E+12
           DelSqVrep = -2.8631452543E+12
           DelSqG =  1.3404681460E+08
           DelSqK = -2.6295600305E+09
           Stress_EigVals = -3.6258410949E+04 -3.6258300455E+04 -3.6257732350E+04
           Stress_EigVec1 =  5.7971216158E-02 -5.1762577432E-02  9.9697541277E-01
           Stress_EigVec2 =  9.1181019211E-01 -4.0389083550E-01 -7.3988962459E-02
           Stress_EigVec3 =  4.0649909183E-01  9.1334157279E-01  2.3783602743E-02
           -DivStress =  1.1430819486E+02 -1.4830102374E+02 -7.1551016548E+02
           ESP =  -1.4743078608E+01     ESP at Nucleus =  -1.4743078621E+01
           ESPe = -2.4156053159E+01     ESPe at Nucleus = -2.4156054036E+01
           ESPn =  9.4129745506E+00     ESPn at Nucleus =  9.4129754151E+00

CP# 14     Coords = -6.87726813135474E+00  8.30363440833449E-03  2.29563619777253E+00
           Type = (3,-3) NACP H14
           Rho =  4.2569567165E-01     Rho at Nucleus =  4.2202365849E-01
           GradRho =  5.2142535081E-15 -1.0426365717E-15 -2.5055912206E-16
           HessRho_EigVals = -6.4816746847E+00 -6.4754463563E+00 -5.8833870727E+00
           HessRho_EigVec1 =  4.7092802869E-01 -2.4137802301E-01  8.4850659503E-01
           HessRho_EigVec2 =  4.0909469403E-01  9.1191774567E-01  3.2365976824E-02
           HessRho_EigVec3 =  7.8158065682E-01 -3.3187750021E-01 -5.2819409476E-01
           DelSqRho = -1.8840508114E+01
           Bond Ellipticity = NA
           V = -4.7191473915E+00
           G =  4.5101815193E-03
           K =  4.7146372099E+00
           L =  4.7101270284E+00
           Vnuc =  3.8469762001E+01
           Ven = -1.6376411174E+01
           Vrep =  1.1657263782E+01
           DelSqV =  7.0947089169E+02
           DelSqVen =  7.2478986312E+02
           DelSqVrep = -1.5318971426E+01
           DelSqG =  6.9820259376E+01
           DelSqK = -7.7929115107E+02
           Stress_EigVals = -1.6237336830E+00 -1.6229544077E+00 -1.4724593008E+00
           Stress_EigVec1 =  4.7430280731E-01 -2.3782178853E-01  8.4763060580E-01
           Stress_EigVec2 =  4.0702164489E-01  9.1297684283E-01  2.8401849439E-02
           Stress_EigVec3 =  7.8062169300E-01 -3.3153292651E-01 -5.2982609512E-01
           -DivStress = -6.1540940498E+00  2.6132800407E+00  4.1665062390E+00
           ESP =  -1.1078703333E+00     ESP at Nucleus =  -1.1103134102E+00
           ESPe = -1.0900537861E+01     ESPe at Nucleus = -1.0823357351E+01
           ESPn =  9.7926675281E+00     ESPn at Nucleus =  9.7130439412E+00

CP# 15     Coords = -3.73812280938660E+00 -1.39402958161320E+00  2.27677921939540E+00
           Type = (3,-3) NACP H15
           Rho =  4.2399783749E-01     Rho at Nucleus =  4.2023033804E-01
           GradRho = -3.6696990932E-15  1.5280525190E-15 -2.7859930075E-15
           HessRho_EigVals = -6.4500699544E+00 -6.4434905661E+00 -5.8440276770E+00
           HessRho_EigVec1 = -4.8495963437E-01  1.8287559692E-01  8.5520212177E-01
           HessRho_EigVec2 =  4.0495203643E-01  9.1369613442E-01  3.4252330285E-02
           HessRho_EigVec3 =  7.7513095747E-01 -3.6292683834E-01  5.1716158866E-01
           DelSqRho = -1.8737588197E+01
           Bond Ellipticity = NA
           V = -4.6935009982E+00
           G =  4.5519744252E-03
           K =  4.6889490238E+00
           L =  4.6843970494E+00
           Vnuc =  3.9742505976E+01
           Ven = -1.6850736590E+01
           Vrep =  1.2157235592E+01
           DelSqV =  7.0506288175E+02
           DelSqVen =  7.4467871091E+02
           DelSqVrep = -3.9615829163E+01
           DelSqG =  6.9348459423E+01
           DelSqK = -7.7441134117E+02
           Stress_EigVals = -1.6157758597E+00 -1.6150381932E+00 -1.4626869453E+00
           Stress_EigVec1 = -4.8473387391E-01  1.8699202415E-01  8.5443961424E-01
           Stress_EigVec2 =  4.0683662926E-01  9.1297474987E-01  3.1001019188E-02
           Stress_EigVec3 =  7.7428484976E-01 -3.6264457669E-01  5.1862499209E-01
           -DivStress =  6.1731774617E+00 -2.8892156193E+00  4.1114943980E+00
           ESP =  -1.1097336686E+00     ESP at Nucleus =  -1.1122295346E+00
           ESPe = -1.2623600054E+01     ESPe at Nucleus = -1.2572804958E+01
           ESPn =  1.1513866386E+01     ESPn at Nucleus =  1.1460575424E+01

CP# 16     Coords =  4.06924856334227E+00  2.75270543688150E+00  9.90552286437313E-02
           Type = (3,-3) NACP H16
           Rho =  4.2305438396E-01     Rho at Nucleus =  4.1975490593E-01
           GradRho = -7.8246870788E-16 -3.2115152551E-15 -7.8821497940E-17
           HessRho_EigVals = -6.4834764604E+00 -6.4783583269E+00 -5.9187199293E+00
           HessRho_EigVec1 = -4.4805968620E-01  8.3411450554E-01 -3.2170717934E-01
           HessRho_EigVec2 = -1.7910490498E-01  2.6880341843E-01  9.4639640493E-01
           HessRho_EigVec3 =  8.7587895888E-01  4.8166141000E-01  2.8954023944E-02
           DelSqRho = -1.8880554717E+01
           Bond Ellipticity = NA
           V = -4.7298667233E+00
           G =  4.8640220880E-03
           K =  4.7250027012E+00
           L =  4.7201386791E+00
           Vnuc =  4.2811800367E+01
           Ven = -1.8111719830E+01
           Vrep =  1.3381853107E+01
