AIMSum (Version 19.02.13, Professional)
Copyright (c) 1997-2019 by Todd A. Keith
AIMSum is a component of the AIMAll package ( http://aim.tkgristmill.com )

TP:  64-bit Linux

Much of the Quantum Theory of Atoms in Molecules (QTAIM) is described in the book:
  "Atoms in Molecules - A Quantum Theory"
  R.F.W. Bader, Oxford University Press, Oxford, 1990

For additional references see:  http://aim.tkgristmill.com/references.html

Wfn File:  /home/mhennefarth/Documents/ML_Diels/summary-levandowski2018/r_4-opt/r_4-opt.wfn
Sum File:  /home/mhennefarth/Documents/ML_Diels/summary-levandowski2018/r_4-opt/r_4-opt.sum

SumViz File:  /home/mhennefarth/Documents/ML_Diels/summary-levandowski2018/r_4-opt/r_4-opt.sumviz

Wfn Title:   Title Card Required                                                           
 
Total memory allocated for AIMSum =        0.998 Megabytes

Atomic units (a.u.) used throughout, except where stated otherwise

Model:  Restricted SCF
 
Restricted, closed-shell, single-determinant wavefunction.
  Number of electrons (from MO Occs)                   =          60.0000000000
  Number of Alpha electrons (from MO Occs)             =          30.0000000000
  Number of Beta electrons (from MO Occs)              =          30.0000000000
  Number of electron pairs (N*(N-1)/2)                 =        1770.0000000000
  Number of electron pairs (from Muller 2EDM)          =        1770.0000000000
 
Nuclear Charges and Cartesian Coordinates:
-------------------------------------------------------------------------------
Atom      Charge                X                  Y                  Z
-------------------------------------------------------------------------------
C1         6.0          -2.8447932800E+00   1.3637080500E+00   9.8112400000E-03
C2         6.0          -2.3591145500E+00  -3.6211774000E-01   2.2327282600E+00
H3         1.0          -2.5025798800E+00   2.4493515000E-01   4.1855528500E+00
C4         6.0          -1.7587986700E+00  -2.6926706100E+00   1.3926839800E+00
H5         1.0          -1.3321451400E+00  -4.3331819900E+00   2.5478528500E+00
C6         6.0          -2.3948408500E+00  -3.6385806000E-01  -2.2192062700E+00
H7         1.0          -2.5698519700E+00   2.4146139000E-01  -4.1699800000E+00
C8         6.0          -1.7812591400E+00  -2.6937976900E+00  -1.3870021700E+00
H9         1.0          -1.3743844900E+00  -4.3355989000E+00  -2.5474845300E+00
C10        6.0           5.6093505700E+00  -7.3657560000E-02   1.2477049400E+00
H11        1.0           3.9539459700E+00  -6.0137932000E-01   2.3442324600E+00
H12        1.0           7.2874512000E+00   4.5937221000E-01   2.3087559600E+00
C13        6.0           5.5723979700E+00  -8.2411320000E-02  -1.2691234200E+00
H14        1.0           7.2187366600E+00   4.4319344000E-01  -2.3823706700E+00
H15        1.0           3.8854238500E+00  -6.1716061000E-01  -2.3127693900E+00
H16        1.0          -4.8553217000E+00   1.9224409600E+00   2.5625960000E-02
C17        6.0          -1.2408733300E+00   3.7955622500E+00  -3.8616300000E-03
H18        1.0          -1.6643308800E+00   4.9446540900E+00  -1.6740016500E+00
H19        1.0          -1.6361676800E+00   4.9448039800E+00   1.6730159400E+00
H20        1.0           7.7681167000E-01   3.3419156800E+00  -2.0839250000E-02
 
Some Atomic Properties:
----------------------
  q(A) = Net Charge of Atom A
  L(A) = Lagrangian of Atom A = -(1/4) Times Atomic Integral of the Laplacian of the Electron Density
  K(A) = Electronic Kinetic Energy of Atom A (Hamiltonian Form)
  K_Scaled(A) = K(A) * E(Mol)/K(Mol) = Approximation to Virial-Based Total Energy of Atom A.
  |Mu_Intra(A)| = Magnitude of Intraatomic Dipole Moment of Atom A
--------------------------------------------------------------------------------------------------
Atom A          q(A)              L(A)              K(A)          K_Scaled(A)      |Mu_Intra(A)|
--------------------------------------------------------------------------------------------------
C1        3.8304212700E-02  8.3402733078E-05  3.7677181452E+01 -3.8061662772E+01  1.0988288006E-01
C2       -7.7797264800E-02  8.9878947909E-06  3.7745208909E+01 -3.8130384422E+01  1.6440107560E-01
H3        4.5624757140E-02  2.1429551443E-05  5.9175196324E-01 -5.9779056716E-01  1.5128638781E-01
C4       -6.0509978100E-02  5.4412434890E-05  3.7728707927E+01 -3.8113715055E+01  1.5549323508E-01
H5        4.4453372660E-02  1.9479380464E-05  5.9308631038E-01 -5.9913853081E-01  1.5007811863E-01
C6       -7.7830820800E-02 -2.0194737030E-05  3.7745294829E+01 -3.8130471219E+01  1.6412034594E-01
H7        4.5648956190E-02  2.1246290442E-05  5.9175027868E-01 -5.9778886541E-01  1.5127740854E-01
C8       -6.0630312300E-02  8.3045705024E-05  3.7728850734E+01 -3.8113859318E+01  1.5538989511E-01
H9        4.4453055830E-02  2.2358465088E-05  5.9308776566E-01 -5.9914000093E-01  1.5007201297E-01
C10      -8.5908753700E-02 -2.6069724258E-05  3.7696366985E+01 -3.8081044086E+01  9.6361917195E-02
H11       4.9066941630E-02  2.0717629252E-05  5.9156477383E-01 -5.9760146755E-01  1.4433973713E-01
H12       3.4891266950E-02  2.5552873131E-05  5.9757073091E-01 -6.0366871315E-01  1.4836530361E-01
C13      -8.5963188500E-02  1.0320862572E-05  3.7696520782E+01 -3.8081199452E+01  9.7071431661E-02
H14       3.4870191070E-02  2.2796177771E-05  5.9757490449E-01 -6.0367292931E-01  1.4834937186E-01
H15       4.9705232830E-02  2.6686386508E-05  5.9134301546E-01 -5.9737744623E-01  1.4400868864E-01
H16       3.3112426340E-02  2.2810446150E-05  5.9982910009E-01 -6.0595012813E-01  1.5555101854E-01
C17      -1.9076539500E-02 -1.6441660558E-05  3.7672426051E+01 -3.8056858844E+01  8.5128397772E-02
H18       8.1233487200E-03  2.2685304938E-05  6.0793288666E-01 -6.1413661076E-01  1.5596540147E-01
H19       8.1644146000E-03  2.3823547197E-05  6.0792696780E-01 -6.1413063149E-01  1.5595270246E-01
H20       3.1661077500E-02  3.0377155550E-05  5.9887207734E-01 -6.0498333932E-01  1.4727534131E-01
--------------------------------------------------------------------------------------------------
Total     3.6239646000E-04  4.5742671644E-04  3.0885284844E+02 -3.1200457440E+02
 
1st Largest |L(A)| = 8.3402733078E-05, atom C1      
2nd Largest |L(A)| = 8.3045705024E-05, atom C8      
 
Molecular charge q(Mol) from the wfn file:   0.0000000000E+00
Molecular energy E(Mol) from the wfn file:  -3.1200450156E+02
Molecular virial ratio (-V(Mol)/T(Mol)) from the wfn file:   2.0102046200E+00
Note.  K_Scaled(A) = (1+V(Mol)/T(Mol))*K(A) = (E(Mol)/T(Mol))*K(A)
       Only use K_Scaled(A) data with caution.
 
N_AIMInt(SumA)     =         59.999638
N_Analytic(Mol)    =         59.999989
 
G_AIMInt(SumA)     =        308.852391
G_Analytic(Mol)    =        308.852748
 
K_AIMInt(SumA)     =        308.852848
K_Analytic(Mol)    =        308.852748
 
L_AIMInt(SumA)     =          0.000457
L_Analytic(Mol)    =          0.000000
 
VenT_AIMInt(SumA)  =      -1393.562484
VenT_Analytic(Mol) =      -1393.566031
 
Some Information About the Atomic Calculations:
----------------------------------------------
  Time(sec) = "Elapsed User Time", in Seconds, for Atom A by AIMInt and, if used, by TWOe
  NProc = Number of Processors Used for AIMInt Job
  BIM = Basin Integration Method
  OAQ = Angular Quadrature Outside of Beta Sphere
  ORQ = Multiple of Default for Radial Quadrature Outside of Beta Sphere
  IAQ = Multiple of Default for Angular Quadrature Inside of Beta Sphere
  IRQ = Multiple of Default for Radial Quadrature Inside of Beta Sphere
  MIR = Maximum Integration Radius
------------------------------------------------------------------------------------------------------
Atom A     Time(sec)   NProc      BIM          OAQ                     ORQ      IAQ      IRQ      MIR
------------------------------------------------------------------------------------------------------
C1             30        8     Proaim(5)    4500(GS4)                  1.00     1.00     1.00    13.00
C2             27        8     Proaim(5)    4500(GS4)                  1.00     1.00     1.00    13.00
H3              6        8     Proaim(5)    1800(GS4)                  1.00     1.00     1.00    13.00
C4             32        8     Proaim(5)    4500(GS4)                  1.00     1.00     1.00    13.00
H5              5        8     Proaim(5)    1800(GS4)                  1.00     1.00     1.00    13.00
C6             26        8     Proaim(5)    4500(GS4)                  1.00     1.00     1.00    13.00
H7              5        8     Proaim(5)    1800(GS4)                  1.00     1.00     1.00    13.00
C8             32        8     Proaim(5)    4500(GS4)                  1.00     1.00     1.00    13.00
H9              5        8     Proaim(5)    1800(GS4)                  1.00     1.00     1.00    13.00
C10            26        8     Proaim(5)    4500(GS4)                  1.00     1.00     1.00    13.00
H11            15        8     Proaim(5)    4500(GS4)                  1.00     1.00     1.00    13.00
H12             4        8     Proaim(5)    1800(GS4)                  1.00     1.00     1.00    13.00
C13            36        8     Proaim(5)    4500(GS4)                  1.00     1.00     1.00    13.00
H14             4        8     Proaim(5)    1800(GS4)                  1.00     1.00     1.00    13.00
H15            16        8     Proaim(5)    4500(GS4)                  1.00     1.00     1.00    13.00
H16             6        8     Proaim(5)    1800(GS4)                  1.00     1.00     1.00    13.00
C17            25        8     Proaim(5)    4500(GS4)                  1.00     1.00     1.00    13.00
H18             5        8     Proaim(5)    1800(GS4)                  1.00     1.00     1.00    13.00
H19             5        8     Proaim(5)    1800(GS4)                  1.00     1.00     1.00    13.00
H20            16        8     Proaim(5)    4500(GS4)                  1.00     1.00     1.00    13.00
------------------------------------------------------------------------------------------------------
Total         326
Note:  Total wall clock time is less than total of atomic times if more than one atom
       was calculated at a time
 
Electron Density Critical Point Analysis of Molecular Structure:               
---------------------------------------------------------------                
  NACP = Nuclear Attractor Critical Point                                      
  NNACP = Non-Nuclear Attractor Critical Point                                 
  BCP = Bond Critical Point                                                    
  RCP = Ring Critical Point                                                    
  CCP = Cage Critical Point                                                    
  Rho = Electron Density                                                       
  GradRho = Gradient of Electron Density                                       
  HessRho_EigVals = Eigenvalues of the Hessian of Rho, Ascending Order         
  HessRho_EigVecs = Eigenvectors of the Hessian of Rho                         
  DelSqRho = Laplacian of Rho = Trace of Hessian of Rho                        
  Bond Ellipticity = (HessRho_EigVal(1) / HessRho_EigVal(2)) - 1               
  V = Virial Field = Potential Energy Density = Trace of Stress Tensor         
  G = Lagrangian Form of Kinetic Energy Density                                
  K = Hamiltonian Form of Kinetic Energy Density                               
  L = K - G = Lagrangian Density = (-1/4)DelSqRho                              
  Vnuc = Electrostatic Potential from Nuclei                                   
  Ven = Electron-nuclear attractive contribution to Virial Field V             
  Vrep = V - Ven = Repulsive contribution to Virial Field V                    
  DelSqV = Laplacian of V                                                      
  DelSqVen = Laplacian of Ven                                                  
  DelSqVrep = Laplacian of Vrep                                                
  DelSqG = Laplacian of G                                                      
  DelSqK = Laplacian of K                                                      
  Stress_EigVals = Eigenvalues of Stress Tensor, Ascending Order               
  Stress_EigVecs = Eigenvectors of Stress Tensor                               
  -DivStress = Ehrenfest Force Density = Minus Divergence of Stress Tensor     
  ESP = Total Electrostatic Potential                                          
  ESPe = Electrostatic Potential from Electrons                                
  ESPn = Electrostatic Potential from Nuclei                                   
  BP = Bond Path                                                               
  BPL = Bond Path Length                                                       
  GBL = Geometric Bond Length                                                  
  GBL_I = Distance Between Nuclear Attractors                                  
  GBL_II = Distance Between Nuclei                                             
  GBL_III = Sum of Distances Between BCP and Nuclear Attractors                
  GBL_IV = Sum of Distances Between BCP and Nuclei                             

CP# 1      Coords = -2.84479279568031E+00  1.36370854000824E+00  9.81123526344337E-03
           Type = (3,-3) NACP C1
           Rho =  1.1754797583E+02     Rho at Nucleus =  1.1754797580E+02
           GradRho =  4.1042058641E-11  5.3289928026E-11 -5.2429675185E-13
           HessRho_EigVals = -1.4484857362E+05 -1.4484856414E+05 -1.4484821703E+05
           HessRho_EigVec1 =  8.2961791577E-01  5.5817077136E-01 -1.3397904339E-02
           HessRho_EigVec2 =  1.3235545435E-02  4.3287103847E-03  9.9990303660E-01
           HessRho_EigVec3 = -5.5817464487E-01  8.2971480176E-01  3.7965189176E-03
           DelSqRho = -4.3454535480E+05
           Bond Ellipticity = NA
           V = -1.0864666425E+05
           G =  5.1627764670E+00
           K =  1.0864150148E+05
           L =  1.0863633870E+05
           Vnuc =  8.7085143305E+06
           Ven = -1.0236682320E+09
           Vrep =  1.0235595854E+09
           DelSqV =  2.4925960640E+09
           DelSqVen =  3.7842426266E+12
           DelSqVrep = -3.7817500305E+12
           DelSqG =  1.3389049871E+08
           DelSqK = -2.6264865628E+09
           Stress_EigVals = -3.6215638198E+04 -3.6215523530E+04 -3.6215502524E+04
           Stress_EigVec1 = -6.4695439231E-01  7.6251449359E-01  4.6541736305E-03
           Stress_EigVec2 =  7.6249555478E-01  6.4697112913E-01 -5.3746633721E-03
           Stress_EigVec3 =  7.1093746883E-03 -7.1624628697E-05  9.9997472551E-01
           -DivStress = -3.9852827708E+02 -3.9805204952E+02  3.8865815272E+00
           ESP =  -1.4730119724E+01     ESP at Nucleus =  -1.4730119724E+01
           ESPe = -2.7533653558E+01     ESPe at Nucleus = -2.7533653519E+01
           ESPn =  1.2803533834E+01     ESPn at Nucleus =  1.2803533795E+01

CP# 2      Coords = -2.35911499108721E+00 -3.62116590346154E-01  2.23272831522962E+00
           Type = (3,-3) NACP C2
           Rho =  1.1769135635E+02     Rho at Nucleus =  1.1769135624E+02
           GradRho = -1.6664988139E-10  3.9285535935E-10  3.4210911881E-11
           HessRho_EigVals = -1.4502281334E+05 -1.4502215189E+05 -1.4502179436E+05
           HessRho_EigVec1 =  9.8180547721E-01  1.8320081466E-01  4.9954643645E-02
           HessRho_EigVec2 =  2.1890021251E-02 -3.7051205367E-01  9.2856967700E-01
           HessRho_EigVec3 = -1.8862351890E-01  9.1058128665E-01  3.6778103340E-01
           DelSqRho = -4.3506675959E+05
           Bond Ellipticity = NA
           V = -1.0877694511E+05
           G =  5.1276059088E+00
           K =  1.0877181750E+05
           L =  1.0876668990E+05
           Vnuc =  4.8677562460E+06
           Ven = -5.7289283496E+08
           Vrep =  5.7278405802E+08
           DelSqV =  2.4955686998E+09
           DelSqVen =  2.1177987891E+12
           DelSqVrep = -2.1153030893E+12
           DelSqG =  1.3404899050E+08
           DelSqK = -2.6296176903E+09
           Stress_EigVals = -3.6259245291E+04 -3.6259052538E+04 -3.6258647280E+04
           Stress_EigVec1 = -1.8256370303E-01  7.6564491745E-01  6.1681306303E-01
           Stress_EigVec2 =  1.2324663053E-01 -6.0458665255E-01  7.8694678830E-01
           Stress_EigVec3 =  9.7543875379E-01  2.1968805145E-01  1.6012421830E-02
           -DivStress =  3.5931785323E+02 -9.3239426353E+02 -3.9436524419E+01
           ESP =  -1.4750888619E+01     ESP at Nucleus =  -1.4750888632E+01
           ESPe = -2.6910591288E+01     ESPe at Nucleus = -2.6910591833E+01
           ESPn =  1.2159702669E+01     ESPn at Nucleus =  1.2159703201E+01

CP# 3      Coords = -2.50018529370598E+00  2.34717368360811E-01  4.15220366873054E+00
           Type = (3,-3) NACP H3
           Rho =  4.2492347854E-01     Rho at Nucleus =  4.2123494233E-01
           GradRho =  2.2197003263E-10 -9.4691694763E-10 -3.0941515400E-09
           HessRho_EigVals = -6.4789109305E+00 -6.4729568928E+00 -5.8784059045E+00
           HessRho_EigVec1 = -2.5929977615E-01  9.1817391714E-01 -2.9953344384E-01
           HessRho_EigVec2 =  9.6336777470E-01  2.6787657077E-01 -1.2832517119E-02
           HessRho_EigVec3 = -6.8455509256E-02  2.9188833606E-01  9.5399949818E-01
           DelSqRho = -1.8830273728E+01
           Bond Ellipticity = NA
           V = -4.7169540103E+00
           G =  4.6927891618E-03
           K =  4.7122612211E+00
           L =  4.7075684319E+00
           Vnuc =  4.0275687188E+01
           Ven = -1.7114085101E+01
           Vrep =  1.2397131090E+01
           DelSqV =  7.0922025378E+02
           DelSqVen =  7.5840221962E+02
           DelSqVrep = -4.9181965836E+01
           DelSqG =  6.9881605909E+01
           DelSqK = -7.7910185969E+02
           Stress_EigVals = -1.6230528658E+00 -1.6226413681E+00 -1.4712597763E+00
           Stress_EigVec1 = -2.3175138501E-01  9.2483392417E-01 -3.0161814974E-01
           Stress_EigVec2 =  9.7034246976E-01  2.4169274278E-01 -4.4843573057E-03
           Stress_EigVec3 = -6.8751632118E-02  2.9371215636E-01  9.5341826198E-01
           -DivStress = -5.4092761411E-01  2.3085950029E+00  7.5320485144E+00
           ESP =  -1.1053459113E+00     ESP at Nucleus =  -1.1078635638E+00
           ESPe = -1.2778123963E+01     ESPe at Nucleus = -1.2688944193E+01
           ESPn =  1.1672778052E+01     ESPn at Nucleus =  1.1581080629E+01

CP# 4      Coords = -1.75879831375658E+00 -2.69267172385014E+00  1.39268312429402E+00
           Type = (3,-3) NACP C4
           Rho =  1.1767939872E+02     Rho at Nucleus =  1.1767939857E+02
           GradRho =  1.6963128124E-10 -5.6169857654E-10 -4.1677750140E-10
           HessRho_EigVals = -1.4500354990E+05 -1.4500270760E+05 -1.4500238813E+05
           HessRho_EigVec1 =  9.6832580404E-01  2.4966486514E-01  3.5485702632E-03
           HessRho_EigVec2 =  3.0658068284E-02 -1.3298774062E-01  9.9064339885E-01
           HessRho_EigVec3 = -2.4780076692E-01  9.5915677340E-01  1.3642970335E-01
           DelSqRho = -4.3500864564E+05
           Bond Ellipticity = NA
           V = -1.0876241417E+05
           G =  5.1263799427E+00
           K =  1.0875728779E+05
           L =  1.0875216141E+05
           Vnuc =  4.1405981966E+06
           Ven = -4.8726310614E+08
           Vrep =  4.8715434372E+08
           DelSqV =  2.4952318958E+09
           DelSqVen =  1.8011960156E+12
           DelSqVrep = -1.7987007817E+12
           DelSqG =  1.3402647185E+08
           DelSqK = -2.6292583677E+09
           Stress_EigVals = -3.6254407778E+04 -3.6254233100E+04 -3.6253773291E+04
           Stress_EigVec1 = -2.5058455117E-01  9.6688753380E-01 -4.8330939391E-02
           Stress_EigVec2 = -1.1206036545E-02  4.7023439409E-02  9.9883092708E-01
           Stress_EigVec3 =  9.6802985876E-01  2.5083319783E-01 -9.4837041996E-04
           -DivStress = -2.8865805721E+02  8.9945463043E+02  6.9903619151E+02
           ESP =  -1.4746997890E+01     ESP at Nucleus =  -1.4746997907E+01
           ESPe = -2.6598657274E+01     ESPe at Nucleus = -2.6598658211E+01
           ESPn =  1.1851659385E+01     ESPn at Nucleus =  1.1851660304E+01

CP# 5      Coords = -1.33938953771780E+00 -4.30532947222732E+00  2.52811545132769E+00
           Type = (3,-3) NACP H5
           Rho =  4.2648616322E-01     Rho at Nucleus =  4.2279297090E-01
           GradRho = -4.1047894250E-16  6.1296454024E-15 -2.7929047963E-15
           HessRho_EigVals = -6.5113520812E+00 -6.5057591544E+00 -5.9081173499E+00
           HessRho_EigVec1 = -1.3734169508E-01  5.4942919223E-01  8.2417523714E-01
           HessRho_EigVec2 =  9.6854619290E-01  2.4879391593E-01 -4.4564119392E-03
           HessRho_EigVec3 = -2.0749826748E-01  7.9763973705E-01 -5.6631733054E-01
           DelSqRho = -1.8925228585E+01
           Bond Ellipticity = NA
           V = -4.7402581509E+00
           G =  4.4755022528E-03
           K =  4.7357826486E+00
           L =  4.7313071464E+00
           Vnuc =  3.9964660065E+01
           Ven = -1.7044374536E+01
           Vrep =  1.2304116385E+01
           DelSqV =  7.1290311781E+02
           DelSqVen =  7.5634032708E+02
           DelSqVrep = -4.3437209264E+01
           DelSqG =  7.0325881004E+01
           DelSqK = -7.8322899882E+02
           Stress_EigVals = -1.6310424390E+00 -1.6304984218E+00 -1.4787172901E+00
           Stress_EigVec1 = -1.5085701127E-01  5.4492506080E-01  8.2480230374E-01
           Stress_EigVec2 =  9.6650552697E-01  2.5654241704E-01  7.2838581425E-03
           Stress_EigVec3 = -2.0762761974E-01  7.9827480630E-01 -5.6537430535E-01
           -DivStress =  1.6445287119E+00 -6.3222216561E+00  4.4793816563E+00
           ESP =  -1.1062942901E+00     ESP at Nucleus =  -1.1088169046E+00
           ESPe = -1.2415294126E+01     ESPe at Nucleus = -1.2327171294E+01
           ESPn =  1.1308999836E+01     ESPn at Nucleus =  1.1218354389E+01

CP# 6      Coords = -2.39484128929659E+00 -3.63856911494629E-01 -2.21920631887163E+00
           Type = (3,-3) NACP C6
           Rho =  1.1769148846E+02     Rho at Nucleus =  1.1769148835E+02
           GradRho = -1.7755677224E-10  3.9898506721E-10  1.5402124021E-12
           HessRho_EigVals = -1.4502301041E+05 -1.4502234848E+05 -1.4502199142E+05
           HessRho_EigVec1 =  9.8096708620E-01  1.8266365792E-01 -6.5860184214E-02
           HessRho_EigVec2 = -6.7864634788E-03  3.7122670764E-01  9.2851746104E-01
           HessRho_EigVec3 = -1.9405545523E-01  9.1039811051E-01 -3.6540082195E-01
           DelSqRho = -4.3506735031E+05
           Bond Ellipticity = NA
           V = -1.0877709297E+05
           G =  5.1276953586E+00
           K =  1.0877196527E+05
           L =  1.0876683758E+05
           Vnuc =  4.8755889345E+06
           Ven = -5.7381531881E+08
           Vrep =  5.7370654171E+08
           DelSqV =  2.4955721137E+09
           DelSqVen =  2.1212094792E+12
           DelSqVrep = -2.1187139071E+12
           DelSqG =  1.3404920571E+08
           DelSqK = -2.6296213194E+09
           Stress_EigVals = -3.6259294526E+04 -3.6259101913E+04 -3.6258696530E+04
           Stress_EigVec1 = -1.9225517429E-01  7.6508805737E-01 -6.1455529648E-01
           Stress_EigVec2 = -1.1041314213E-01  6.0539715484E-01  7.8822790039E-01
           Stress_EigVec3 =  9.7511378106E-01  2.1939587366E-01 -3.1914959095E-02
           -DivStress =  3.5778108816E+02 -9.3147121765E+02  3.4258462629E+01
           ESP =  -1.4750866940E+01     ESP at Nucleus =  -1.4750866954E+01
           ESPe = -2.6905959960E+01     ESPe at Nucleus = -2.6905960503E+01
           ESPn =  1.2155093020E+01     ESPn at Nucleus =  1.2155093549E+01

CP# 7      Coords = -2.56691884431288E+00  2.31272550461388E-01 -4.13666329650474E+00
           Type = (3,-3) NACP H7
           Rho =  4.2492431179E-01     Rho at Nucleus =  4.2123545866E-01
           GradRho =  2.6307374074E-10 -9.1344725534E-10  2.9903651849E-09
           HessRho_EigVals = -6.4788863654E+00 -6.4729324705E+00 -5.8783507530E+00
           HessRho_EigVec1 = -2.5450229218E-01  9.1842090083E-01  3.0287230343E-01
           HessRho_EigVec2 =  9.6342927166E-01  2.6794654343E-01 -2.9476046424E-03
           HessRho_EigVec3 =  8.3860728517E-02 -2.9104587056E-01  9.5302658905E-01
           DelSqRho = -1.8830169589E+01
           Bond Ellipticity = NA
           V = -4.7169282969E+00
           G =  4.6929498549E-03
           K =  4.7122353471E+00
           L =  4.7075423972E+00
           Vnuc =  4.0267270759E+01
           Ven = -1.7110542315E+01
           Vrep =  1.2393614018E+01
           DelSqV =  7.0921439724E+02
           DelSqVen =  7.5823954239E+02
           DelSqVrep = -4.9025145149E+01
           DelSqG =  6.9880710807E+01
           DelSqK = -7.7909510804E+02
           Stress_EigVals = -1.6230470298E+00 -1.6226352567E+00 -1.4712460104E+00
           Stress_EigVec1 = -2.2697574084E-01  9.2507183700E-01  3.0450633730E-01
           Stress_EigVec2 =  9.7025878791E-01  2.4180315994E-01 -1.1362936451E-02
           Stress_EigVec3 =  8.4142127075E-02 -2.9287083882E-01  9.5244253067E-01
           -DivStress = -6.6255015489E-01  2.3020444030E+00 -7.5246645287E+00
           ESP =  -1.1053243657E+00     ESP at Nucleus =  -1.1078424227E+00
           ESPe = -1.2771012870E+01     ESPe at Nucleus = -1.2681802560E+01
           ESPn =  1.1665688504E+01     ESPn at Nucleus =  1.1573960137E+01

CP# 8      Coords = -1.78125876348655E+00 -2.69379880115534E+00 -1.38700132133014E+00
           Type = (3,-3) NACP C8
           Rho =  1.1767980605E+02     Rho at Nucleus =  1.1767980590E+02
           GradRho =  1.7997786594E-10 -5.3041560033E-10  4.0688319380E-10
           HessRho_EigVals = -1.4500417230E+05 -1.4500333040E+05 -1.4500301151E+05
           HessRho_EigVec1 =  9.6813419370E-01  2.4966785405E-01 -1.9548545741E-02
           HessRho_EigVec2 = -1.4601282658E-02  1.3420074049E-01  9.9084658944E-01
           HessRho_EigVec3 = -2.5000597099E-01  9.5898703010E-01 -1.3356979659E-01
           DelSqRho = -4.3501051421E+05
           Bond Ellipticity = NA
           V = -1.0876288177E+05
           G =  5.1266082938E+00
           K =  1.0875775516E+05
           L =  1.0875262855E+05
           Vnuc =  4.1436927386E+06
           Ven = -4.8762895782E+08
           Vrep =  4.8752019493E+08
           DelSqV =  2.4952427020E+09
           DelSqVen =  1.8025499320E+12
           DelSqVrep = -1.8000546863E+12
           DelSqG =  1.3402716273E+08
           DelSqK = -2.6292698647E+09
           Stress_EigVals = -3.6254563520E+04 -3.6254388998E+04 -3.6253929250E+04
           Stress_EigVec1 = -2.4958981722E-01  9.6698198663E-01  5.1485538537E-02
           Stress_EigVec2 =  2.7527214509E-02 -4.6061714489E-02  9.9855924758E-01
           Stress_EigVec3 =  9.6796031716E-01  2.5064747355E-01 -1.5121785672E-02
           -DivStress = -3.0524568586E+02  8.9726616444E+02 -6.9332204793E+02
           ESP =  -1.4746989153E+01     ESP at Nucleus =  -1.4746989171E+01
           ESPe = -2.6595565565E+01     ESPe at Nucleus = -2.6595566499E+01
           ESPn =  1.1848576412E+01     ESPn at Nucleus =  1.1848577329E+01

CP# 9      Coords = -1.38128947600892E+00 -4.30772411124775E+00 -2.52765804905078E+00
           Type = (3,-3) NACP H9
           Rho =  4.2648671463E-01     Rho at Nucleus =  4.2279362024E-01
           GradRho = -1.7737547542E-15  2.3210600109E-15  2.0400348077E-15
           HessRho_EigVals = -6.5113688946E+00 -6.5057800518E+00 -5.9081446683E+00
           HessRho_EigVec1 =  1.5038949987E-01 -5.4876441400E-01  8.2233850467E-01
           HessRho_EigVec2 =  9.6864422387E-01  2.4818439547E-01 -1.1527073081E-02
           HessRho_EigVec3 = -1.9776593714E-01  7.9828699337E-01  5.6888180699E-01
           DelSqRho = -1.8925293615E+01
           Bond Ellipticity = NA
           V = -4.7402726290E+00
           G =  4.4746126763E-03
           K =  4.7357980163E+00
           L =  4.7313234037E+00
           Vnuc =  3.9959976270E+01
           Ven = -1.7042398996E+01
           Vrep =  1.2302126367E+01
           DelSqV =  7.1290598168E+02
           DelSqVen =  7.5625428374E+02
           DelSqVrep = -4.3348302059E+01
           DelSqG =  7.0326254125E+01
           DelSqK = -7.8323223581E+02
           Stress_EigVals = -1.6310468745E+00 -1.6305013050E+00 -1.4787244494E+00
           Stress_EigVec1 =  1.6402990756E-01 -5.4423631566E-01  8.2273994806E-01
           Stress_EigVec2 =  9.6639870622E-01  2.5598605964E-01 -2.3338334960E-02
           Stress_EigVec3 = -1.9790838798E-01  7.9892300629E-01  5.6793864104E-01
           -DivStress =  1.5674948540E+00 -6.3272994617E+00 -4.4996146416E+00
           ESP =  -1.1062600076E+00     ESP at Nucleus =  -1.1087825780E+00
           ESPe = -1.2410141614E+01     ESPe at Nucleus = -1.2321997275E+01
           ESPn =  1.1303881607E+01     ESPn at Nucleus =  1.1213214697E+01

CP# 10     Coords =  5.60935078572872E+00 -7.36574457917246E-02  1.24770588331008E+00
           Type = (3,-3) NACP C10
           Rho =  1.1768242681E+02     Rho at Nucleus =  1.1768242675E+02
           GradRho =  8.8574980683E-15  2.4022419470E-11  2.1834158787E-10
           HessRho_EigVals = -1.4501111520E+05 -1.4501003857E+05 -1.4500984460E+05
           HessRho_EigVec1 = -3.0274074470E-01  9.5307148474E-01  1.6692758259E-03
           HessRho_EigVec2 =  9.4471673355E-01  2.9985453659E-01  1.3265575838E-01
           HessRho_EigVec3 = -1.2592988067E-01 -4.1737295886E-02  9.9116076561E-01
           DelSqRho = -4.3503099837E+05
           Bond Ellipticity = NA
           V = -1.0876793648E+05
           G =  5.0934441876E+00
           K =  1.0876284304E+05
           L =  1.0875774959E+05
           Vnuc =  6.1577712444E+06
           Ven = -7.2466146381E+08
           Vrep =  7.2455269588E+08
           DelSqV =  2.4953630026E+09
           DelSqVen =  2.6788209623E+12
           DelSqVrep = -2.6763255993E+12
           DelSqG =  1.3403736273E+08
           DelSqK = -2.6294003654E+09
           Stress_EigVals = -3.6256242022E+04 -3.6256127724E+04 -3.6255566734E+04
           Stress_EigVec1 = -5.3037528321E-02 -1.8174882106E-02  9.9842711013E-01
           Stress_EigVec2 =  9.5154493930E-01  3.0235823953E-01  5.6051079198E-02
           Stress_EigVec3 = -3.0290138508E-01  9.5302107461E-01  1.2578833980E-03
           -DivStress = -1.7539222684E+02 -9.2482057072E+01 -7.6587711207E+02
           ESP =  -1.4750896767E+01     ESP at Nucleus =  -1.4750896781E+01
           ESPe = -2.3909419215E+01     ESPe at Nucleus = -2.3909420204E+01
           ESPn =  9.1585224484E+00     ESPn at Nucleus =  9.1585234231E+00

CP# 11     Coords =  3.98251849314822E+00 -5.92285677079878E-01  2.32554337115682E+00
           Type = (3,-3) NACP H11
           Rho =  4.2433839115E-01     Rho at Nucleus =  4.2058587037E-01
           GradRho =  7.4697192876E-15  2.3288662665E-15 -4.4348205663E-15
           HessRho_EigVals = -6.4572504233E+00 -6.4506590928E+00 -5.8522642058E+00
           HessRho_EigVec1 =  5.0584895593E-01  1.5815118220E-01  8.4800061165E-01
           HessRho_EigVec2 = -3.0195467251E-01  9.5331943872E-01  2.3288421610E-03
           HessRho_EigVec3 =  8.0804715799E-01  2.5723578936E-01 -5.2999013117E-01
           DelSqRho = -1.8760173722E+01
           Bond Ellipticity = NA
           V = -4.6991362266E+00
           G =  4.5463980556E-03
           K =  4.6945898285E+00
           L =  4.6900434305E+00
           Vnuc =  3.9672976101E+01
           Ven = -1.6834766851E+01
           Vrep =  1.2135630624E+01
           DelSqV =  7.0601429750E+02
           DelSqVen =  7.4427192373E+02
           DelSqVrep = -3.8257626225E+01
           DelSqG =  6.9456806600E+01
           DelSqK = -7.7547110410E+02
           Stress_EigVals = -1.6175585911E+00 -1.6168401072E+00 -1.4647375283E+00
           Stress_EigVec1 =  5.0578488165E-01  1.6316936325E-01  8.4708760609E-01
           Stress_EigVec2 = -3.0442913031E-01  9.5253345353E-01 -1.7101246988E-03
           Stress_EigVec3 =  8.0715832283E-01  2.5701318800E-01 -5.3145052741E-01
           -DivStress = -6.4274036039E+00 -2.0459933985E+00  4.2054548801E+00
           ESP =  -1.1176114337E+00     ESP at Nucleus =  -1.1200965819E+00
           ESPe = -1.2487805450E+01     ESPe at Nucleus = -1.2440231342E+01
           ESPn =  1.1370194016E+01     ESPn at Nucleus =  1.1320134760E+01

CP# 12     Coords =  7.25905739709773E+00  4.50352727408661E-01  2.29083442966733E+00
           Type = (3,-3) NACP H12
           Rho =  4.2605300616E-01     Rho at Nucleus =  4.2239855031E-01
           GradRho = -6.4878658002E-15 -1.6774776013E-15 -2.0732113942E-15
           HessRho_EigVals = -6.4882195929E+00 -6.4819538325E+00 -5.8913180695E+00
           HessRho_EigVec1 = -4.9020280961E-01 -1.5765563805E-01  8.5723153537E-01
           HessRho_EigVec2 = -3.0364533170E-01  9.5278380597E-01  1.5911035408E-03
           HessRho_EigVec3 =  8.1700717132E-01  2.5951439048E-01  5.1492869715E-01
           DelSqRho = -1.8861491495E+01
           Bond Ellipticity = NA
           V = -4.7244291104E+00
           G =  4.5281183205E-03
           K =  4.7199009921E+00
           L =  4.7153728737E+00
           Vnuc =  3.8309382948E+01
           Ven = -1.6321827769E+01
           Vrep =  1.1597398659E+01
           DelSqV =  7.1036312811E+02
           DelSqVen =  7.2257210066E+02
           DelSqVrep = -1.2208972547E+01
           DelSqG =  6.9916710505E+01
           DelSqK = -7.8027983861E+02
           Stress_EigVals = -1.6253695701E+00 -1.6246134035E+00 -1.4744461367E+00
           Stress_EigVec1 = -4.9208124435E-01 -1.5727884367E-01  8.5622392766E-01
           Stress_EigVec2 = -3.0324944119E-01  9.5291090939E-01  7.5840391660E-04
           Stress_EigVec3 =  8.1602440244E-01  2.5927623126E-01  5.1660430750E-01
           -DivStress =  6.4209126154E+00  2.0398235374E+00  4.0547084653E+00
           ESP =  -1.1153579811E+00     ESP at Nucleus =  -1.1177894549E+00
           ESPe = -1.0661786815E+01     ESPe at Nucleus = -1.0585384743E+01
           ESPn =  9.5464288341E+00     ESPn at Nucleus =  9.4675952880E+00

CP# 13     Coords =  5.57239816541486E+00 -8.24112069188151E-02 -1.26912436115036E+00
           Type = (3,-3) NACP C13
           Rho =  1.1768275498E+02     Rho at Nucleus =  1.1768275491E+02
           GradRho =  9.3580334454E-11  2.4064372890E-11 -1.8529584117E-10
           HessRho_EigVals = -1.4501161583E+05 -1.4501053678E+05 -1.4501034348E+05
           HessRho_EigVec1 = -3.0262198583E-01  9.5311047372E-01  5.9881315560E-04
           HessRho_EigVec2 =  9.3902480356E-01  2.9825714371E-01 -1.7109966255E-01
           HessRho_EigVec3 =  1.6325548073E-01  5.1216219251E-02  9.8525354447E-01
           DelSqRho = -4.3503249609E+05
           Bond Ellipticity = NA
           V = -1.0876831149E+05
           G =  5.0937348342E+00
           K =  1.0876321776E+05
           L =  1.0875812402E+05
           Vnuc =  6.1993013827E+06
           Ven = -7.2955086566E+08
           Vrep =  7.2944209734E+08
           DelSqV =  2.4953716744E+09
           DelSqVen =  2.6968978883E+12
           DelSqVrep = -2.6944025166E+12
           DelSqG =  1.3403791642E+08
           DelSqK = -2.6294095909E+09
           Stress_EigVals = -3.6256366984E+04 -3.6256253136E+04 -3.6255691374E+04
           Stress_EigVec1 =  8.6312613777E-02  2.6317650515E-02  9.9592043556E-01
           Stress_EigVec2 =  9.4914858790E-01  3.0162159041E-01 -9.0229564410E-02
           Stress_EigVec3 = -3.0276573584E-01  9.5306442462E-01  1.0543870166E-03
           -DivStress = -1.5892481986E+02 -9.1595457514E+01  7.6411642662E+02
           ESP =  -1.4750980358E+01     ESP at Nucleus =  -1.4750980372E+01
           ESPe = -2.3927455244E+01     ESPe at Nucleus = -2.3927456218E+01
           ESPn =  9.1764748863E+00     ESPn at Nucleus =  9.1764758458E+00

CP# 14     Coords =  7.19088138942942E+00  4.34300082901393E-01 -2.36356536208134E+00
           Type = (3,-3) NACP H14
           Rho =  4.2605521678E-01     Rho at Nucleus =  4.2240098143E-01
           GradRho = -3.9031278209E-15 -1.1683362611E-15  2.3045801378E-15
           HessRho_EigVals = -6.4882985212E+00 -6.4820468229E+00 -5.8914275988E+00
           HessRho_EigVec1 =  5.1502947654E-01  1.6352623156E-01  8.4142962266E-01
           HessRho_EigVec2 = -3.0368915340E-01  9.5277089571E-01  7.2000268898E-04
           HessRho_EigVec3 =  8.0157191593E-01  2.5590387236E-01 -5.4036623850E-01
           DelSqRho = -1.8861772943E+01
           Bond Ellipticity = NA
           V = -4.7244976181E+00
           G =  4.5271911731E-03
           K =  4.7199704269E+00
           L =  4.7154432357E+00
           Vnuc =  3.8329881661E+01
           Ven = -1.6330646040E+01
           Vrep =  1.1606148422E+01
           DelSqV =  7.1037537792E+02
           DelSqVen =  7.2296952481E+02
           DelSqVrep = -1.2594146891E+01
           DelSqG =  6.9918398415E+01
           DelSqK = -7.8029377634E+02
           Stress_EigVals = -1.6253911454E+00 -1.6246334145E+00 -1.4744730581E+00
           Stress_EigVec1 =  5.1698957546E-01  1.6279614808E-01  8.4036848646E-01
           Stress_EigVec2 = -3.0308202101E-01  9.5296268533E-01  1.8463221337E-03
           Stress_EigVec3 =  8.0053923540E-01  2.5565510857E-01 -5.4201235969E-01
           -DivStress =  6.2991672993E+00  2.0113256917E+00 -4.2546309253E+00
           ESP =  -1.1153773717E+00     ESP at Nucleus =  -1.1178086297E+00
           ESPe = -1.0681200087E+01     ESPe at Nucleus = -1.0604782431E+01
           ESPn =  9.5658227154E+00     ESPn at Nucleus =  9.4869738014E+00

CP# 15     Coords =  3.91455625724540E+00 -6.07941264562889E-01 -2.29498004771908E+00
           Type = (3,-3) NACP H15
           Rho =  4.2425645878E-01     Rho at Nucleus =  4.2049961406E-01
           GradRho =  1.1816936318E-14  3.4980698893E-15  6.9974408212E-15
           HessRho_EigVals = -6.4557203280E+00 -6.4491283271E+00 -5.8503923733E+00
           HessRho_EigVec1 = -4.8061638291E-01 -1.5234121828E-01  8.6359715475E-01
           HessRho_EigVec2 = -3.0187563235E-01  9.5334729943E-01  1.7104564613E-04
           HessRho_EigVec3 =  8.2333407258E-01  2.6061672985E-01  5.0418243232E-01
           DelSqRho = -1.8755241028E+01
           Bond Ellipticity = NA
           V = -4.6979121275E+00
           G =  4.5509352094E-03
           K =  4.6933611923E+00
           L =  4.6888102571E+00
           Vnuc =  3.9705209649E+01
           Ven = -1.6845191641E+01
           Vrep =  1.2147279513E+01
           DelSqV =  7.0580446648E+02
           DelSqVen =  7.4468077705E+02
           DelSqVrep = -3.8876310570E+01
           DelSqG =  6.9433987894E+01
           DelSqK = -7.7523845438E+02
           Stress_EigVals = -1.6171758565E+00 -1.6164574091E+00 -1.4642788619E+00
           Stress_EigVec1 = -4.8047228791E-01 -1.5770128452E-01  8.6271471844E-01
           Stress_EigVec2 = -3.0440358174E-01  9.5253210475E-01  4.5879025978E-03
           Stress_EigVec3 =  8.2248698469E-01  2.6040909026E-01  5.0567011552E-01
           -DivStress = -6.5516659757E+00 -2.0737764616E+00 -4.0020057069E+00
           ESP =  -1.1177004424E+00     ESP at Nucleus =  -1.1201893448E+00
           ESPe = -1.2540383042E+01     ESPe at Nucleus = -1.2493607604E+01
           ESPn =  1.1422682599E+01     ESPn at Nucleus =  1.1373418260E+01

CP# 16     Coords = -4.82374511793200E+00  1.91382736280751E+00  2.53773856913257E-02
           Type = (3,-3) NACP H16
           Rho =  4.1978022316E-01     Rho at Nucleus =  4.1656110708E-01
           GradRho =  1.3108587132E-10 -3.5787324493E-11 -1.0318373760E-12
           HessRho_EigVals = -6.4207944409E+00 -6.4196905049E+00 -5.8727644749E+00
           HessRho_EigVec1 =  2.6346749928E-01  9.6466458744E-01 -2.6665629451E-03
           HessRho_EigVec2 =  8.0258453631E-03  5.7214416775E-04  9.9996762870E-01
           HessRho_EigVec3 =  9.6463488566E-01 -2.6348037192E-01 -7.5915074130E-03
           DelSqRho = -1.8713249421E+01
