AIMSum (Version 19.02.13, Professional)
Copyright (c) 1997-2019 by Todd A. Keith
AIMSum is a component of the AIMAll package ( http://aim.tkgristmill.com )

TP:  64-bit Linux

Much of the Quantum Theory of Atoms in Molecules (QTAIM) is described in the book:
  "Atoms in Molecules - A Quantum Theory"
  R.F.W. Bader, Oxford University Press, Oxford, 1990

For additional references see:  http://aim.tkgristmill.com/references.html

Wfn File:  /home/mhennefarth/Documents/ML_Diels/summary-levandowski2018/r_2-opt/r_2-opt.wfn
Sum File:  /home/mhennefarth/Documents/ML_Diels/summary-levandowski2018/r_2-opt/r_2-opt.sum

SumViz File:  /home/mhennefarth/Documents/ML_Diels/summary-levandowski2018/r_2-opt/r_2-opt.sumviz

Wfn Title:   Title Card Required                                                           
 
Total memory allocated for AIMSum =        0.840 Megabytes

Atomic units (a.u.) used throughout, except where stated otherwise

Model:  Restricted SCF
 
Restricted, closed-shell, single-determinant wavefunction.
  Number of electrons (from MO Occs)                   =          68.0000000000
  Number of Alpha electrons (from MO Occs)             =          34.0000000000
  Number of Beta electrons (from MO Occs)              =          34.0000000000
  Number of electron pairs (N*(N-1)/2)                 =        2278.0000000000
  Number of electron pairs (from Muller 2EDM)          =        2278.0000000000
 
Nuclear Charges and Cartesian Coordinates:
-------------------------------------------------------------------------------
Atom      Charge                X                  Y                  Z
-------------------------------------------------------------------------------
C1         6.0          -3.0973580200E+00   4.7110513000E-01   1.5144160000E-02
C2         6.0          -1.7283609500E+00   1.6178885900E+00  -2.2053460900E+00
H3         1.0          -2.2317505900E+00   1.2348291100E+00  -4.1506854600E+00
C4         6.0           7.8228110000E-02   3.1727259500E+00  -1.3239587100E+00
H5         1.0           1.3437863200E+00   4.3260803500E+00  -2.4504513100E+00
C6         6.0          -1.7008519900E+00   1.4880472200E+00   2.2812473500E+00
H7         1.0          -2.1810164300E+00   9.9332548000E-01   4.2072181400E+00
C8         6.0           9.6010300000E-02   3.0912727400E+00   1.4693189100E+00
H9         1.0           1.3782672500E+00   4.1750967900E+00   2.6447009400E+00
C10        6.0           6.2599866100E+00  -1.0923095200E+00  -1.2607132900E+00
H11        1.0           8.0861712500E+00  -1.0884424400E+00  -2.2043778500E+00
H12        1.0           4.6090859000E+00  -8.2618740000E-01  -2.4544127000E+00
C13        6.0           6.0471881700E+00  -1.4126467000E+00   1.2255470300E+00
H14        1.0           4.2154098800E+00  -1.4187059000E+00   2.1557962200E+00
H15        1.0           7.6908266900E+00  -1.6857656200E+00   2.4295067000E+00
H16        1.0          -5.0935669900E+00   1.0228249300E+00   4.2890250000E-02
Cl17      17.0          -3.1497803900E+00  -2.9852679900E+00  -8.3977710000E-02
 
Some Atomic Properties:
----------------------
  q(A) = Net Charge of Atom A
  L(A) = Lagrangian of Atom A = -(1/4) Times Atomic Integral of the Laplacian of the Electron Density
  K(A) = Electronic Kinetic Energy of Atom A (Hamiltonian Form)
  K_Scaled(A) = K(A) * E(Mol)/K(Mol) = Approximation to Virial-Based Total Energy of Atom A.
  |Mu_Intra(A)| = Magnitude of Intraatomic Dipole Moment of Atom A
--------------------------------------------------------------------------------------------------
Atom A          q(A)              L(A)              K(A)          K_Scaled(A)      |Mu_Intra(A)|
--------------------------------------------------------------------------------------------------
C1        9.2840969000E-02  1.1382996961E-04  3.7627157482E+01 -3.7840881242E+01  1.5984922962E-01
C2       -4.8010133400E-02 -1.7904208873E-07  3.7736864474E+01 -3.7951211374E+01  2.0129370828E-01
H3        7.1281666330E-02  2.2300520368E-05  5.8214363367E-01 -5.8545023280E-01  1.4597163925E-01
C4       -4.2235502100E-02 -1.4414527431E-04  3.7724756510E+01 -3.7939034636E+01  1.6246185891E-01
H5        6.0827191610E-02  2.0782899005E-05  5.8706351136E-01 -5.9039805559E-01  1.4622522088E-01
C6       -4.8871827200E-02 -3.9555314578E-06  3.7737024228E+01 -3.7951372035E+01  2.0145104016E-01
H7        7.1158143960E-02  2.1826847402E-05  5.8217158134E-01 -5.8547833920E-01  1.4598321898E-01
C8       -4.1171936600E-02  2.6812554948E-05  3.7724652260E+01 -3.7938929794E+01  1.6219720070E-01
H9        6.1715903160E-02  2.2325070423E-05  5.8678838077E-01 -5.9012136225E-01  1.4600835408E-01
C10      -8.3262368400E-02 -4.3681473682E-05  3.7695293090E+01 -3.7909403862E+01  9.2174627716E-02
H11       3.4779088120E-02  2.5732744069E-05  5.9759474012E-01 -6.0098910215E-01  1.4844838412E-01
H12       4.4492767340E-02  2.8185557713E-05  5.9375834383E-01 -5.9713091497E-01  1.4466152755E-01
C13      -8.2387434200E-02 -1.4564416648E-04  3.7695257886E+01 -3.7909368459E+01  9.5110328985E-02
H14       4.8278395780E-02  1.0091560110E-05  5.9223377362E-01 -5.9559768515E-01  1.4354305617E-01
H15       3.4854585300E-02  2.4351793383E-05  5.9757969484E-01 -6.0097397141E-01  1.4837708192E-01
H16       8.1466985690E-02  2.4003543034E-05  5.8618232486E-01 -5.8951186391E-01  1.4789587408E-01
Cl17     -2.5564615000E-01  1.1200541401E-05  4.5889794355E+02 -4.6150450223E+02  1.8333509722E-01
--------------------------------------------------------------------------------------------------
Total     1.1034439000E-04  1.3838113447E-05  7.2814446546E+02 -7.3228035516E+02
 
1st Largest |L(A)| = 1.4564416648E-04, atom C13     
2nd Largest |L(A)| = 1.4414527431E-04, atom C4      
 
Molecular charge q(Mol) from the wfn file:   0.0000000000E+00
Molecular energy E(Mol) from the wfn file:  -7.3228038865E+02
Molecular virial ratio (-V(Mol)/T(Mol)) from the wfn file:   2.0056800400E+00
Note.  K_Scaled(A) = (1+V(Mol)/T(Mol))*K(A) = (E(Mol)/T(Mol))*K(A)
       Only use K_Scaled(A) data with caution.
 
N_AIMInt(SumA)     =         67.999890
N_Analytic(Mol)    =         67.999991
 
G_AIMInt(SumA)     =        728.144452
G_Analytic(Mol)    =        728.144475
 
K_AIMInt(SumA)     =        728.144465
K_Analytic(Mol)    =        728.144475
 
L_AIMInt(SumA)     =          0.000014
L_Analytic(Mol)    =          0.000000
 
VenT_AIMInt(SumA)  =      -2494.746216
VenT_Analytic(Mol) =      -2494.747830
 
Some Information About the Atomic Calculations:
----------------------------------------------
  Time(sec) = "Elapsed User Time", in Seconds, for Atom A by AIMInt and, if used, by TWOe
  NProc = Number of Processors Used for AIMInt Job
  BIM = Basin Integration Method
  OAQ = Angular Quadrature Outside of Beta Sphere
  ORQ = Multiple of Default for Radial Quadrature Outside of Beta Sphere
  IAQ = Multiple of Default for Angular Quadrature Inside of Beta Sphere
  IRQ = Multiple of Default for Radial Quadrature Inside of Beta Sphere
  MIR = Maximum Integration Radius
------------------------------------------------------------------------------------------------------
Atom A     Time(sec)   NProc      BIM          OAQ                     ORQ      IAQ      IRQ      MIR
------------------------------------------------------------------------------------------------------
C1             32        8     Proaim(5)    5400(GS5)                  1.00     1.00     1.00    13.00
C2             24        8     Proaim(5)    4500(GS4)                  1.00     1.00     1.00    13.00
H3              5        8     Proaim(5)    1800(GS4)                  1.00     1.00     1.00    13.00
C4             29        8     Proaim(5)    4500(GS4)                  1.00     1.00     1.00    13.00
H5              6        8     Proaim(5)    1800(GS4)                  1.00     1.00     1.00    13.00
C6             29        8     Proaim(5)    4500(GS4)                  1.00     1.00     1.00    13.00
H7              5        8     Proaim(5)    1800(GS4)                  1.00     1.00     1.00    13.00
C8             36        8     Proaim(5)    4500(GS4)                  1.00     1.00     1.00    13.00
H9              5        8     Proaim(5)    1800(GS4)                  1.00     1.00     1.00    13.00
C10            19        8     Proaim(5)    4500(GS4)                  1.00     1.00     1.00    13.00
H11             5        8     Proaim(5)    1800(GS4)                  1.00     1.00     1.00    13.00
H12            14        8     Proaim(5)    4500(GS4)                  1.00     1.00     1.00    13.00
C13            19        8     Proaim(5)    4500(GS4)                  1.00     1.00     1.00    13.00
H14            17        8     Proaim(5)    4500(GS4)                  1.00     1.00     1.00    13.00
H15             4        8     Proaim(5)    1800(GS4)                  1.00     1.00     1.00    13.00
H16             5        8     Proaim(5)    1800(GS4)                  1.00     1.00     1.00    13.00
Cl17           15        8     Proaim(5)    3150(GS4)                  1.00     1.00     1.00    13.00
------------------------------------------------------------------------------------------------------
Total         269
Note:  Total wall clock time is less than total of atomic times if more than one atom
       was calculated at a time
 
Electron Density Critical Point Analysis of Molecular Structure:               
---------------------------------------------------------------                
  NACP = Nuclear Attractor Critical Point                                      
  NNACP = Non-Nuclear Attractor Critical Point                                 
  BCP = Bond Critical Point                                                    
  RCP = Ring Critical Point                                                    
  CCP = Cage Critical Point                                                    
  Rho = Electron Density                                                       
  GradRho = Gradient of Electron Density                                       
  HessRho_EigVals = Eigenvalues of the Hessian of Rho, Ascending Order         
  HessRho_EigVecs = Eigenvectors of the Hessian of Rho                         
  DelSqRho = Laplacian of Rho = Trace of Hessian of Rho                        
  Bond Ellipticity = (HessRho_EigVal(1) / HessRho_EigVal(2)) - 1               
  V = Virial Field = Potential Energy Density = Trace of Stress Tensor         
  G = Lagrangian Form of Kinetic Energy Density                                
  K = Hamiltonian Form of Kinetic Energy Density                               
  L = K - G = Lagrangian Density = (-1/4)DelSqRho                              
  Vnuc = Electrostatic Potential from Nuclei                                   
  Ven = Electron-nuclear attractive contribution to Virial Field V             
  Vrep = V - Ven = Repulsive contribution to Virial Field V                    
  DelSqV = Laplacian of V                                                      
  DelSqVen = Laplacian of Ven                                                  
  DelSqVrep = Laplacian of Vrep                                                
  DelSqG = Laplacian of G                                                      
  DelSqK = Laplacian of K                                                      
  Stress_EigVals = Eigenvalues of Stress Tensor, Ascending Order               
  Stress_EigVecs = Eigenvectors of Stress Tensor                               
  -DivStress = Ehrenfest Force Density = Minus Divergence of Stress Tensor     
  ESP = Total Electrostatic Potential                                          
  ESPe = Electrostatic Potential from Electrons                                
  ESPn = Electrostatic Potential from Nuclei                                   
  BP = Bond Path                                                               
  BPL = Bond Path Length                                                       
  GBL = Geometric Bond Length                                                  
  GBL_I = Distance Between Nuclear Attractors                                  
  GBL_II = Distance Between Nuclei                                             
  GBL_III = Sum of Distances Between BCP and Nuclear Attractors                
  GBL_IV = Sum of Distances Between BCP and Nuclei                             

CP# 1      Coords = -3.09735786331079E+00  4.71100259562928E-01  1.51440160455957E-02
           Type = (3,-3) NACP C1
           Rho =  1.1762509086E+02     Rho at Nucleus =  1.1762508913E+02
           GradRho =  1.5298860043E-11 -2.4623568828E-12  2.0993352456E-14
           HessRho_EigVals = -1.4494489076E+05 -1.4494289632E+05 -1.4494256871E+05
           HessRho_EigVec1 = -4.7791560752E-02  9.9843802259E-01  2.8939277195E-02
           HessRho_EigVec2 =  4.7747872646E-03 -2.8743692349E-02  9.9957541064E-01
           HessRho_EigVec3 =  9.9884591811E-01  4.7909447856E-02 -3.3936232356E-03
           DelSqRho = -4.3483035579E+05
           Bond Ellipticity = NA
           V = -1.0871765802E+05
           G =  5.0345341622E+00
           K =  1.0871262348E+05
           L =  1.0870758895E+05
           Vnuc =  1.2307631595E+06
           Ven = -1.4476862846E+08
           Vrep =  1.4465991081E+08
           DelSqV =  2.4942197593E+09
           DelSqVen =  5.3517317837E+11
           DelSqVrep = -5.3267895861E+11
           DelSqG =  1.3397816910E+08
           DelSqK = -2.6281979284E+09
           Stress_EigVals = -3.6239496703E+04 -3.6239352391E+04 -3.6238808921E+04
           Stress_EigVec1 =  9.9912999009E-01  4.1526185705E-02 -3.8521156826E-03
           Stress_EigVec2 =  5.0501856581E-03 -2.8784767440E-02  9.9957287518E-01
           Stress_EigVec3 = -4.1397566587E-02  9.9872269077E-01  2.8969439354E-02
           -DivStress = -1.3057863688E+02  3.9415143157E+03  1.1652223285E+02
           ESP =  -1.4666786334E+01     ESP at Nucleus =  -1.4666786458E+01
           ESPe = -2.9482436494E+01     ESPe at Nucleus = -2.9482434460E+01
           ESPn =  1.4815650160E+01     ESPn at Nucleus =  1.4815648002E+01

CP# 2      Coords = -1.72836238782113E+00  1.61788767541866E+00 -2.20534528322928E+00
           Type = (3,-3) NACP C2
           Rho =  1.1767920644E+02     Rho at Nucleus =  1.1767920618E+02
           GradRho = -1.1285143792E-09 -7.1392136647E-10  6.4003229019E-10
           HessRho_EigVals = -1.4500491543E+05 -1.4500452260E+05 -1.4500396595E+05
           HessRho_EigVec1 = -7.4790089167E-01  6.4659616154E-01  1.5019207746E-01
           HessRho_EigVec2 = -2.8245716895E-01 -5.1473838816E-01  8.0948276045E-01
           HessRho_EigVec3 =  6.0071807360E-01  5.6299004933E-01  5.6760902072E-01
           DelSqRho = -4.3501340399E+05
           Bond Ellipticity = NA
           V = -1.0876364392E+05
           G =  5.1464600637E+00
           K =  1.0875849746E+05
           L =  1.0875335100E+05
           Vnuc =  3.1823914435E+06
           Ven = -3.7450129964E+08
           Vrep =  3.7439253600E+08
           DelSqV =  2.4952614311E+09
           DelSqVen =  1.3843828900E+12
           DelSqVrep = -1.3818876286E+12
           DelSqG =  1.3402982201E+08
           DelSqK = -2.6292912531E+09
           Stress_EigVals = -3.6254839894E+04 -3.6254564274E+04 -3.6254239749E+04
           Stress_EigVec1 =  5.5868877387E-01  4.8206595552E-01  6.7489204209E-01
           Stress_EigVec2 =  4.6669472352E-01  4.8995113612E-01 -7.3630423009E-01
           Stress_EigVec3 = -6.8561132502E-01  7.2633346249E-01  4.8752561662E-02
           -DivStress =  1.1669452175E+03  7.4334579704E+02 -6.6048190946E+02
           ESP =  -1.4728754566E+01     ESP at Nucleus =  -1.4728754588E+01
           ESPe = -2.8262025423E+01     ESPe at Nucleus = -2.8262024520E+01
           ESPn =  1.3533270857E+01     ESPn at Nucleus =  1.3533269932E+01

CP# 3      Coords = -2.22309274101836E+00  1.24150605547424E+00 -4.11652292826781E+00
           Type = (3,-3) NACP H3
           Rho =  4.2278170048E-01     Rho at Nucleus =  4.1893075205E-01
           GradRho =  1.9354753310E-09  1.4914634642E-09  7.6445167472E-09
           HessRho_EigVals = -6.4373791931E+00 -6.4310171227E+00 -5.8221167298E+00
           HessRho_EigVec1 =  7.3419387439E-01  6.0707492019E-01 -3.0400558561E-01
           HessRho_EigVec2 = -6.3462893441E-01  7.7274645757E-01  1.0441643351E-02
           HessRho_EigVec3 =  2.4125809917E-01  1.8526455026E-01  9.5261302532E-01
           DelSqRho = -1.8690513046E+01
           Bond Ellipticity = NA
           V = -4.6817619248E+00
           G =  4.5668316807E-03
           K =  4.6771950931E+00
           L =  4.6726282614E+00
           Vnuc =  4.0776238373E+01
           Ven = -1.7239447399E+01
           Vrep =  1.2557685474E+01
           DelSqV =  7.0306783394E+02
           DelSqVen =  7.6212882769E+02
           DelSqVrep = -5.9060993750E+01
           DelSqG =  6.9201089939E+01
           DelSqK = -7.7226892387E+02
           Stress_EigVals = -1.6125112256E+00 -1.6122052311E+00 -1.4570454681E+00
           Stress_EigVec1 =  6.9830673118E-01  6.4773864141E-01 -3.0463480039E-01
           Stress_EigVec2 = -6.7355721669E-01  7.3865591752E-01  2.6610361746E-02
           Stress_EigVec3 =  2.4225685756E-01  1.8660677353E-01  9.5209743568E-01
           -DivStress = -1.9416600424E+00 -1.4974447738E+00 -7.6590787073E+00
           ESP =  -1.0862193132E+00     ESP at Nucleus =  -1.0888506247E+00
           ESPe = -1.3983591968E+01     ESPe at Nucleus = -1.3888317782E+01
           ESPn =  1.2897372654E+01     ESPn at Nucleus =  1.2799467157E+01

CP# 4      Coords =  7.82287723498621E-02  3.17272660348094E+00 -1.32395762358082E+00
           Type = (3,-3) NACP C4
           Rho =  1.1768476504E+02     Rho at Nucleus =  1.1768476489E+02
           GradRho =  3.0771693527E-10  3.2600074897E-10  4.9192218026E-10
           HessRho_EigVals = -1.4500940455E+05 -1.4500845865E+05 -1.4500811099E+05
           HessRho_EigVec1 = -6.7685310556E-01  7.3448636011E-01  4.8986327719E-02
           HessRho_EigVec2 = -7.3762411190E-03 -7.3310834296E-02  9.9728186218E-01
           HessRho_EigVec3 =  7.3608115351E-01  6.7465199058E-01  5.5038414355E-02
           DelSqRho = -4.3502597419E+05
           Bond Ellipticity = NA
           V = -1.0876674420E+05
           G =  5.1253254539E+00
           K =  1.0876161887E+05
           L =  1.0875649355E+05
           Vnuc =  4.1946365654E+06
           Ven = -4.9364481863E+08
           Vrep =  4.9353605189E+08
           DelSqV =  2.4953299307E+09
           DelSqVen =  1.8247757988E+12
           DelSqVrep = -1.8222804689E+12
           DelSqG =  1.3403095339E+08
           DelSqK = -2.6293608841E+09
           Stress_EigVals = -3.6255870669E+04 -3.6255677855E+04 -3.6255195676E+04
           Stress_EigVec1 =  7.4070835851E-01  6.6826364273E-01 -6.9100155174E-02
           Stress_EigVec2 =  7.6289809111E-02  1.8523207644E-02  9.9691361502E-01
           Stress_EigVec3 = -6.6748108038E-01  7.4369388500E-01  3.7261411012E-02
           -DivStress = -5.3618174888E+02 -5.2587830297E+02 -8.8594794698E+02
           ESP =  -1.4725032254E+01     ESP at Nucleus =  -1.4725032271E+01
           ESPe = -2.7749695356E+01     ESPe at Nucleus = -2.7749695888E+01
           ESPn =  1.3024663102E+01     ESPn at Nucleus =  1.3024663618E+01

CP# 5      Coords =  1.32192675233711E+00  4.30619836615139E+00 -2.43088995641068E+00
           Type = (3,-3) NACP H5
           Rho =  4.2529151541E-01     Rho at Nucleus =  4.2149962584E-01
           GradRho = -1.1685033066E-09 -1.0627903065E-09  1.0466051555E-09
           HessRho_EigVals = -6.4899245596E+00 -6.4845417387E+00 -5.8776136116E+00
           HessRho_EigVec1 = -4.3656379972E-01 -3.4117025869E-01 -8.3247516681E-01
           HessRho_EigVec2 = -6.5541382732E-01  7.5448142570E-01  3.4503524917E-02
           HessRho_EigVec3 =  6.1631547419E-01  5.6067872517E-01 -5.5298698304E-01
           DelSqRho = -1.8852079910E+01
           Bond Ellipticity = NA
           V = -4.7217485567E+00
           G =  4.3642895982E-03
           K =  4.7173842671E+00
           L =  4.7130199775E+00
           Vnuc =  4.0589886698E+01
           Ven = -1.7262534424E+01
           Vrep =  1.2540785868E+01
           DelSqV =  7.0963571063E+02
           DelSqVen =  7.6520379058E+02
           DelSqVrep = -5.5568079941E+01
           DelSqG =  6.9981253822E+01
           DelSqK = -7.7961696446E+02
           Stress_EigVals = -1.6256550877E+00 -1.6250676945E+00 -1.4710257745E+00
           Stress_EigVec1 =  4.4895577093E-01  3.2516023306E-01  8.3229173887E-01
           Stress_EigVec2 = -6.4655523313E-01  7.6113323163E-01  5.1405585503E-02
           Stress_EigVec3 =  6.1676984870E-01  5.6120141352E-01 -5.5194920708E-01
           -DivStress =  4.9428797424E+00  4.4957845451E+00 -4.4223645889E+00
           ESP =  -1.0875057262E+00     ESP at Nucleus =  -1.0900922776E+00
           ESPe = -1.3458294503E+01     ESPe at Nucleus = -1.3366902115E+01
           ESPn =  1.2370788777E+01     ESPn at Nucleus =  1.2276809837E+01

CP# 6      Coords = -1.70085343538426E+00  1.48804634917201E+00  2.28124650958034E+00
           Type = (3,-3) NACP C6
           Rho =  1.1767931237E+02     Rho at Nucleus =  1.1767931212E+02
           GradRho = -1.1554120299E-09 -6.9437580685E-10 -6.2983891713E-10
           HessRho_EigVals = -1.4500521238E+05 -1.4500482756E+05 -1.4500427101E+05
           HessRho_EigVec1 =  7.4929272975E-01 -6.5380336436E-01  1.0536396869E-01
           HessRho_EigVec2 =  2.9114352250E-01  4.6812160522E-01  8.3432464427E-01
           HessRho_EigVec3 = -5.9480740955E-01 -5.9447735321E-01  5.4111072995E-01
           DelSqRho = -4.3501431095E+05
           Bond Ellipticity = NA
           V = -1.0876387223E+05
           G =  5.1472479646E+00
           K =  1.0875872499E+05
           L =  1.0875357774E+05
           Vnuc =  3.1827878469E+06
           Ven = -3.7454828526E+08
           Vrep =  3.7443952138E+08
           DelSqV =  2.4952668171E+09
           DelSqVen =  1.3845582725E+12
           DelSqVrep = -1.3820629975E+12
           DelSqG =  1.3403026854E+08
           DelSqK = -2.6292970856E+09
           Stress_EigVals = -3.6254915359E+04 -3.6254639716E+04 -3.6254317159E+04
           Stress_EigVec1 = -5.5122411452E-01 -5.2015651127E-01  6.5237196395E-01
           Stress_EigVec2 =  4.7591492158E-01  4.4620253619E-01  7.5789727808E-01
           Stress_EigVec3 = -6.8531522892E-01  7.2824480807E-01  1.5926473603E-03
           -DivStress =  1.1731705745E+03  7.0750154007E+02  6.8781857483E+02
           ESP =  -1.4728916600E+01     ESP at Nucleus =  -1.4728916621E+01
           ESPe = -2.8273221786E+01     ESPe at Nucleus = -2.8273220886E+01
           ESPn =  1.3544305186E+01     ESPn at Nucleus =  1.3544304264E+01

CP# 7      Coords = -2.17276886332008E+00  1.00195962802468E+00  4.17340091640365E+00
           Type = (3,-3) NACP H7
           Rho =  4.2277325290E-01     Rho at Nucleus =  4.1892362700E-01
           GradRho =  1.3801843897E-09  1.4443774134E-09 -5.6648888246E-09
           HessRho_EigVals = -6.4372964761E+00 -6.4309255537E+00 -5.8221802623E+00
           HessRho_EigVec1 =  7.3853504497E-01  5.8815937389E-01  3.2959753981E-01
           HessRho_EigVec2 =  6.3381547728E-01 -7.7234479672E-01 -4.1969700261E-02
           HessRho_EigVec3 = -2.2987807226E-01 -2.3990011648E-01  9.4318821346E-01
           DelSqRho = -1.8690402292E+01
           Bond Ellipticity = NA
           V = -4.6817349842E+00
           G =  4.5672055927E-03
           K =  4.6771677786E+00
           L =  4.6726005730E+00
           Vnuc =  4.0795911557E+01
           Ven = -1.7247420234E+01
           Vrep =  1.2565685250E+01
           DelSqV =  7.0306987577E+02
           DelSqVen =  7.6249200818E+02
           DelSqVrep = -5.9422132416E+01
           DelSqG =  6.9201640888E+01
           DelSqK = -7.7227151665E+02
           Stress_EigVals = -1.6124894841E+00 -1.6121841495E+00 -1.4570613506E+00
           Stress_EigVec1 =  7.0117189248E-01  6.3041539952E-01  3.3306816305E-01
           Stress_EigVec2 =  6.7457336070E-01 -7.3783132309E-01 -2.3573707982E-02
           Stress_EigVec3 = -2.3088689488E-01 -2.4120813153E-01  9.4260801983E-01
           -DivStress = -1.8496652894E+00 -1.9362328634E+00  7.5816043783E+00
           ESP =  -1.0862746329E+00     ESP at Nucleus =  -1.0889046685E+00
           ESPe = -1.3998519219E+01     ESPe at Nucleus = -1.3903289688E+01
           ESPn =  1.2912244587E+01     ESPn at Nucleus =  1.2814385019E+01

CP# 8      Coords =  9.60109380967018E-02  3.09127344623709E+00  1.46931783908200E+00
           Type = (3,-3) NACP C8
           Rho =  1.1768509193E+02     Rho at Nucleus =  1.1768509178E+02
           GradRho =  2.9668586338E-10  3.1009035270E-10 -4.7944386688E-10
           HessRho_EigVals = -1.4500977513E+05 -1.4500882417E+05 -1.4500847422E+05
           HessRho_EigVec1 = -6.7564288121E-01  7.3722089203E-01  3.4718041973E-03
           HessRho_EigVec2 =  1.5837112606E-02  9.8057863332E-03  9.9982650116E-01
           HessRho_EigVec3 =  7.3705894129E-01  6.7558064131E-01 -1.8300660013E-02
           DelSqRho = -4.3502707353E+05
           Bond Ellipticity = NA
           V = -1.0876701857E+05
           G =  5.1250948440E+00
           K =  1.0876189348E+05
           L =  1.0875676838E+05
           Vnuc =  4.1877322230E+06
           Ven = -4.9283365165E+08
           Vrep =  4.9272488464E+08
           DelSqV =  2.4953361542E+09
           DelSqVen =  1.8217769697E+12
           DelSqVrep = -1.8192816336E+12
           DelSqG =  1.3403125603E+08
           DelSqK = -2.6293674103E+09
           Stress_EigVals = -3.6255963197E+04 -3.6255769356E+04 -3.6255286020E+04
           Stress_EigVec1 =  7.4258949942E-01  6.6204713501E-01  1.0126414156E-01
           Stress_EigVec2 = -6.5438032591E-02 -7.8753169680E-02  9.9474408878E-01
           Stress_EigVec3 = -6.6654234617E-01  7.4531304114E-01  1.5158214853E-02
           -DivStress = -5.1656110109E+02 -5.6885451358E+02  8.7360974524E+02
           ESP =  -1.4725087975E+01     ESP at Nucleus =  -1.4725087991E+01
           ESPe = -2.7756088500E+01     ESPe at Nucleus = -2.7756089002E+01
           ESPn =  1.3031000525E+01     ESPn at Nucleus =  1.3031001012E+01

CP# 9      Coords =  1.35609452161011E+00  4.15641226433903E+00  2.62427935646918E+00
           Type = (3,-3) NACP H9
           Rho =  4.2525686846E-01     Rho at Nucleus =  4.2145954575E-01
           GradRho = -2.0461494229E-09 -1.7241681180E-09 -1.8861703663E-09
           HessRho_EigVals = -6.4892555323E+00 -6.4839006263E+00 -5.8764038133E+00
           HessRho_EigVec1 = -4.2640756610E-01 -3.8881840022E-01  8.1669874448E-01
           HessRho_EigVec2 = -6.5420905004E-01  7.5609006987E-01  1.8393615444E-02
           HessRho_EigVec3 =  6.2464958690E-01  5.2644853300E-01  5.7677104268E-01
           DelSqRho = -1.8849559972E+01
           Bond Ellipticity = NA
           V = -4.7211041559E+00
           G =  4.3570814355E-03
           K =  4.7167470744E+00
           L =  4.7123899930E+00
           Vnuc =  4.0575245051E+01
           Ven = -1.7254901648E+01
           Vrep =  1.2533797492E+01
           DelSqV =  7.0951410897E+02
           DelSqVen =  7.6482552015E+02
           DelSqVrep = -5.5311411188E+01
           DelSqG =  6.9968431715E+01
           DelSqK = -7.7948254068E+02
           Stress_EigVals = -1.6254864193E+00 -1.6248977912E+00 -1.4707199453E+00
           Stress_EigVec1 = -4.3900569765E-01 -3.7252790061E-01  8.1761663431E-01
           Stress_EigVec2 = -6.4538915885E-01  7.6385246097E-01  1.5005023966E-03
           Stress_EigVec3 =  6.2509745725E-01  5.2702218278E-01  5.7576105095E-01
           -DivStress =  5.0130338884E+00  4.2244822759E+00  4.6162751104E+00
           ESP =  -1.0877670973E+00     ESP at Nucleus =  -1.0903573650E+00
           ESPe = -1.3466380336E+01     ESPe at Nucleus = -1.3374897514E+01
           ESPn =  1.2378613239E+01     ESPn at Nucleus =  1.2284540149E+01

CP# 10     Coords =  6.25998685348864E+00 -1.09230941094022E+00 -1.26071428136689E+00
           Type = (3,-3) NACP C10
           Rho =  1.1767852736E+02     Rho at Nucleus =  1.1767852729E+02
           GradRho =  8.9210261574E-11  4.2800077718E-11 -2.3178046852E-10
           HessRho_EigVals = -1.4500571332E+05 -1.4500467822E+05 -1.4500447360E+05
           HessRho_EigVec1 =  6.2648069781E-02  9.8869650064E-01  1.3621471642E-01
           HessRho_EigVec2 =  9.9802303078E-01 -6.1373890898E-02 -1.3537930128E-02
           HessRho_EigVec3 =  5.0248769989E-03 -1.3679354931E-01  9.9058683389E-01
           DelSqRho = -4.3501486513E+05
           Bond Ellipticity = NA
           V = -1.0876390120E+05
           G =  5.0924561329E+00
           K =  1.0875880874E+05
           L =  1.0875371628E+05
           Vnuc =  5.8443190961E+06
           Ven = -6.8775086467E+08
           Vrep =  6.8764210077E+08
           DelSqV =  2.4952702131E+09
           DelSqVen =  2.5423658353E+12
           DelSqVrep = -2.5398705651E+12
           DelSqG =  1.3403184431E+08
           DelSqK = -2.6293020574E+09
           Stress_EigVals = -3.6254896404E+04 -3.6254777342E+04 -3.6254227450E+04
           Stress_EigVec1 = -4.1622822207E-02 -1.3163504119E-01  9.9042402869E-01
           Stress_EigVec2 =  9.9706772202E-01 -6.9182367369E-02  3.2707151488E-02
           Stress_EigVec3 =  6.4214471771E-02  9.8888119406E-01  1.3412861604E-01
           -DivStress = -1.9760473582E+02 -8.7418383094E+01  8.0508724378E+02
           ESP =  -1.4750597586E+01     ESP at Nucleus =  -1.4750597602E+01
           ESPe = -2.4464434979E+01     ESPe at Nucleus = -2.4464436031E+01
           ESPn =  9.7138373926E+00     ESPn at Nucleus =  9.7138384296E+00

CP# 11     Coords =  8.05526483096818E+00 -1.08848717377358E+00 -2.18845672353104E+00
           Type = (3,-3) NACP H11
           Rho =  4.2600128669E-01     Rho at Nucleus =  4.2234768223E-01
           GradRho = -2.2974266763E-11 -3.1449635376E-14  1.1823036162E-11
           HessRho_EigVals = -6.4869460927E+00 -6.4805414879E+00 -5.8901952009E+00
           HessRho_EigVec1 =  4.5300827874E-01 -1.4338809167E-01  8.7989962755E-01
           HessRho_EigVec2 =  6.4524931778E-02  9.8966576713E-01  1.2805546670E-01
           HessRho_EigVec3 =  8.8916816889E-01  1.2347231157E-03 -4.5757889253E-01
           DelSqRho = -1.8857682781E+01
           Bond Ellipticity = NA
           V = -4.7234992288E+00
           G =  4.5392667336E-03
           K =  4.7189599621E+00
           L =  4.7144206954E+00
           Vnuc =  3.8791423663E+01
           Ven = -1.6525196393E+01
           Vrep =  1.1801697164E+01
           DelSqV =  7.1021541718E+02
           DelSqVen =  7.3151636211E+02
           DelSqVrep = -2.1300944938E+01
           DelSqG =  6.9897332076E+01
           DelSqK = -7.8011274925E+02
           Stress_EigVals = -1.6250332803E+00 -1.6243057853E+00 -1.4741601633E+00
           Stress_EigVec1 =  4.5422859635E-01 -1.5061137412E-01  8.7806184079E-01
           Stress_EigVec2 =  6.7798991123E-02  9.8859181560E-01  1.3449728224E-01
           Stress_EigVec3 =  8.8830156989E-01  1.5608047739E-03 -4.5925797198E-01
           -DivStress =  6.9879210897E+00  1.0466366125E-02 -3.6015316857E+00
           ESP =  -1.1151745958E+00     ESP at Nucleus =  -1.1176046905E+00
           ESPe = -1.1143056936E+01     ESPe at Nucleus = -1.1065595710E+01
           ESPn =  1.0027882340E+01     ESPn at Nucleus =  9.9479910193E+00

CP# 12     Coords =  4.63742905951292E+00 -8.30712784551481E-01 -2.43413506228179E+00
           Type = (3,-3) NACP H12
           Rho =  4.2509828200E-01     Rho at Nucleus =  4.2137671040E-01
           GradRho =  4.6116539407E-15 -1.2924231997E-15  3.4634431824E-15
           HessRho_EigVals = -6.4710636662E+00 -6.4644853481E+00 -5.8685674450E+00
           HessRho_EigVec1 = -5.8838626192E-01 -6.5939968096E-02  8.0588679564E-01
           HessRho_EigVec2 =  6.5751060293E-02  9.8946674096E-01  1.2896653286E-01
           HessRho_EigVec3 =  8.0590223033E-01 -1.2887004747E-01  5.7785301419E-01
           DelSqRho = -1.8804116459E+01
           Bond Ellipticity = NA
           V = -4.7100956859E+00
           G =  4.5332855677E-03
           K =  4.7055624004E+00
           L =  4.7010291148E+00
           Vnuc =  4.0413030937E+01
           Ven = -1.7179510022E+01
           Vrep =  1.2469414336E+01
           DelSqV =  7.0784905516E+02
           DelSqVen =  7.5993134020E+02
           DelSqVrep = -5.2082285042E+01
           DelSqG =  6.9654564283E+01
           DelSqK = -7.7750361944E+02
           Stress_EigVals = -1.6210151766E+00 -1.6203151503E+00 -1.4687653590E+00
           Stress_EigVec1 = -5.8969909269E-01 -6.4674652000E-02  8.0502929728E-01
           Stress_EigVec2 =  6.6398463205E-02  9.8953149204E-01  1.2813535948E-01
           Stress_EigVec3 =  8.0488895145E-01 -1.2901401340E-01  5.7923152554E-01
           -DivStress = -6.3904325616E+00  1.0205968253E+00 -4.5734001138E+00
           ESP =  -1.1168006838E+00     ESP at Nucleus =  -1.1192648225E+00
           ESPe = -1.3074270347E+01     ESPe at Nucleus = -1.3027282504E+01
           ESPn =  1.1957469663E+01     ESPn at Nucleus =  1.1908017681E+01

CP# 13     Coords =  6.04718829134455E+00 -1.41264684901472E+00  1.22554799965580E+00
           Type = (3,-3) NACP C13
           Rho =  1.1767972851E+02     Rho at Nucleus =  1.1767972844E+02
           GradRho =  5.8974075623E-12 -3.8097387441E-11  2.2431496699E-10
           HessRho_EigVals = -1.4500730771E+05 -1.4500624695E+05 -1.4500604868E+05
           HessRho_EigVec1 =  6.4663474752E-02  9.8953024929E-01  1.2902914699E-01
           HessRho_EigVec2 =  9.7610510624E-01 -8.9599868517E-02  1.9796637375E-01
           HessRho_EigVec3 = -2.0745470977E-01 -1.1314481562E-01  9.7167936795E-01
           DelSqRho = -4.3501960334E+05
           Bond Ellipticity = NA
           V = -1.0876508532E+05
           G =  5.0922435284E+00
           K =  1.0875999308E+05
           L =  1.0875490084E+05
           Vnuc =  6.0697193403E+06
           Ven = -7.1428292413E+08
           Vrep =  7.1417415904E+08
           DelSqV =  2.4952973803E+09
           DelSqVen =  2.6404470129E+12
           DelSqVrep = -2.6379517155E+12
           DelSqG =  1.3403339806E+08
           DelSqK = -2.6293307783E+09
           Stress_EigVals = -3.6255291787E+04 -3.6255175173E+04 -3.6254618362E+04
           Stress_EigVec1 = -1.4492330775E-01 -1.2095933295E-01  9.8202142270E-01
           Stress_EigVec2 =  9.8728645114E-01 -8.3169278254E-02  1.3545602439E-01
           Stress_EigVec3 =  6.5289342603E-02  9.8916718047E-01  1.3147467746E-01
           -DivStress = -9.8505193061E+01  1.2213454205E+02 -7.8711706603E+02
           ESP =  -1.4750856351E+01     ESP at Nucleus =  -1.4750856365E+01
           ESPe = -2.4544398880E+01     ESPe at Nucleus = -2.4544399861E+01
           ESPn =  9.7935425291E+00     ESPn at Nucleus =  9.7935434963E+00

CP# 14     Coords =  4.24693348844191E+00 -1.41861814653400E+00  2.13997924659431E+00
           Type = (3,-3) NACP H14
           Rho =  4.2465924492E-01     Rho at Nucleus =  4.2091612528E-01
           GradRho =  1.8142056257E-10  5.0726302092E-13 -9.1014443147E-11
           HessRho_EigVals = -6.4632359585E+00 -6.4567043633E+00 -5.8590320171E+00
           HessRho_EigVec1 =  4.4448127952E-01 -1.5212675604E-01  8.8277621301E-01
           HessRho_EigVec2 =  6.6006234247E-02  9.8835740200E-01  1.3708691754E-01
           HessRho_EigVec3 =  8.9335299249E-01  2.6638350084E-03 -4.4934767696E-01
           DelSqRho = -1.8778972339E+01
           Bond Ellipticity = NA
           V = -4.7037824501E+00
           G =  4.5196826985E-03
           K =  4.6992627674E+00
           L =  4.6947430847E+00
           Vnuc =  4.0539727518E+01
           Ven = -1.7215570077E+01
           Vrep =  1.2511787627E+01
           DelSqV =  7.0678266476E+02
           DelSqVen =  7.6129442202E+02
           DelSqVrep = -5.4511757261E+01
           DelSqG =  6.9541358349E+01
           DelSqK = -7.7632402310E+02
           Stress_EigVals = -1.6190538245E+00 -1.6183516619E+00 -1.4663769638E+00
           Stress_EigVec1 =  4.4589199710E-01 -1.5389671557E-01  8.8175740873E-01
           Stress_EigVec2 =  6.6844851876E-02  9.8808273486E-01  1.3865163127E-01
           Stress_EigVec3 =  8.9258730256E-01  2.8827093922E-03 -4.5086538710E-01
           -DivStress = -7.0983521479E+00 -1.9871564853E-02  3.5629467920E+00
           ESP =  -1.1173942514E+00     ESP at Nucleus =  -1.1198721809E+00
           ESPe = -1.3303836718E+01     ESPe at Nucleus = -1.3260252433E+01
           ESPn =  1.2186442467E+01     ESPn at Nucleus =  1.2140380252E+01

CP# 15     Coords =  7.66300794619809E+00 -1.68113426384563E+00  2.40917499279115E+00
           Type = (3,-3) NACP H15
           Rho =  4.2602335018E-01     Rho at Nucleus =  4.2236936482E-01
           GradRho = -2.1300100355E-15  7.9106101010E-16 -2.5343700120E-15
           HessRho_EigVals = -6.4875104596E+00 -6.4811678131E+00 -5.8907129947E+00
           HessRho_EigVec1 = -5.9594899284E-01 -7.2930980855E-02  7.9970361382E-01
           HessRho_EigVec2 =  6.3863803910E-02  9.8840840635E-01  1.3773248273E-01
           HessRho_EigVec3 =  8.0047873956E-01 -1.3315364914E-01  5.8438334442E-01
           DelSqRho = -1.8859391267E+01
           Bond Ellipticity = NA
           V = -4.7239154752E+00
           G =  4.5338291923E-03
           K =  4.7193816460E+00
           L =  4.7148478168E+00
           Vnuc =  3.8879731733E+01
           Ven = -1.6563673567E+01
           Vrep =  1.1839758092E+01
           DelSqV =  7.1028134129E+02
           DelSqVen =  7.3324807312E+02
           DelSqVrep = -2.2966731832E+01
           DelSqG =  6.9906202853E+01
           DelSqK = -7.8018754414E+02
           Stress_EigVals = -1.6251820730E+00 -1.6244442957E+00 -1.4742891065E+00
           Stress_EigVec1 = -5.9696675396E-01 -6.4897821248E-02  7.9963677220E-01
           Stress_EigVec2 =  6.8521611365E-02  9.8895613835E-01  1.3141744634E-01
           Stress_EigVec3 =  7.9933440026E-01 -1.3324424649E-01  5.8592703243E-01
           -DivStress =  6.2900650611E+00 -1.0473448976E+00  4.5991853279E+00
           ESP =  -1.1154111611E+00     ESP at Nucleus =  -1.1178412036E+00
           ESPe = -1.1231830951E+01     ESPe at Nucleus = -1.1154325151E+01
           ESPn =  1.0116419790E+01     ESPn at Nucleus =  1.0036483948E+01

CP# 16     Coords = -5.05975970173259E+00  1.01330560538341E+00  4.24151338816025E-02
           Type = (3,-3) NACP H16
           Rho =  4.2068108006E-01     Rho at Nucleus =  4.1699846862E-01
           GradRho =  4.9577403901E-09 -1.4009868756E-09 -6.9814597195E-11
           HessRho_EigVals = -6.4138556585E+00 -6.4108045448E+00 -5.8125404193E+00
           HessRho_EigVec1 =  2.7542218155E-01  9.6097865501E-01  2.5741921666E-02
           HessRho_EigVec2 =  6.0215359164E-03 -2.8501633662E-02  9.9957560894E-01
           HessRho_EigVec3 =  9.6130451108E-01 -2.7515028893E-01 -1.3636549607E-02
           DelSqRho = -1.8637200623E+01
           Bond Ellipticity = NA
           V = -4.6692228771E+00
           G =  4.9613607058E-03
           K =  4.6642615164E+00
           L =  4.6593001556E+00
           Vnuc =  4.2344634064E+01
           Ven = -1.7813586393E+01
           Vrep =  1.3144363516E+01
           DelSqV =  7.0171130759E+02
           DelSqVen =  7.8918544866E+02
           DelSqVrep = -8.7474141070E+01
           DelSqG =  6.9199955056E+01
           DelSqK = -7.7091126265E+02
           Stress_EigVals = -1.6068875973E+00 -1.6067067809E+00 -1.4556284989E+00
           Stress_EigVec1 =  2.7498578897E-01  9.6109320278E-01  2.6127981708E-02
           Stress_EigVec2 =  5.9192871184E-03 -2.8867496534E-02  9.9956572054E-01
           Stress_EigVec3 =  9.6143006917E-01 -2.7471170926E-01 -1.3627137925E-02
