AIMSum (Version 19.02.13, Professional)
Copyright (c) 1997-2019 by Todd A. Keith
AIMSum is a component of the AIMAll package ( http://aim.tkgristmill.com )

TP:  64-bit Linux

Much of the Quantum Theory of Atoms in Molecules (QTAIM) is described in the book:
  "Atoms in Molecules - A Quantum Theory"
  R.F.W. Bader, Oxford University Press, Oxford, 1990

For additional references see:  http://aim.tkgristmill.com/references.html

Wfn File:  /home/mhennefarth/Documents/ML_Diels/summary-levandowski2018/r_9-opt/r_9-opt.wfn
Sum File:  /home/mhennefarth/Documents/ML_Diels/summary-levandowski2018/r_9-opt/r_9-opt.sum

SumViz File:  /home/mhennefarth/Documents/ML_Diels/summary-levandowski2018/r_9-opt/r_9-opt.sumviz

Wfn Title:   Title Card Required                                                           
 
Total memory allocated for AIMSum =        0.903 Megabytes

Atomic units (a.u.) used throughout, except where stated otherwise

Model:  Restricted SCF
 
Restricted, closed-shell, single-determinant wavefunction.
  Number of electrons (from MO Occs)                   =          86.0000000000
  Number of Alpha electrons (from MO Occs)             =          43.0000000000
  Number of Beta electrons (from MO Occs)              =          43.0000000000
  Number of electron pairs (N*(N-1)/2)                 =        3655.0000000000
  Number of electron pairs (from Muller 2EDM)          =        3655.0000000000
 
Nuclear Charges and Cartesian Coordinates:
-------------------------------------------------------------------------------
Atom      Charge                X                  Y                  Z
-------------------------------------------------------------------------------
C1         6.0          -1.2153780000E-01   3.6118500000E-02   2.1428300000E-03
H2         1.0           1.0489761200E+00  -1.6653696700E+00   4.2556300000E-03
C3         6.0           3.4151563000E-01   1.7175560000E+00  -2.2372603400E+00
H4         1.0           1.2294224000E-01   1.0945419200E+00  -4.1731276300E+00
C5         6.0           1.0777378200E+00   4.0022023300E+00  -1.3928841000E+00
H6         1.0           1.5900710400E+00   5.6163337300E+00  -2.5479707300E+00
C7         6.0           3.3434590000E-01   1.7187932100E+00   2.2421187900E+00
H8         1.0           1.0922917000E-01   1.0970427000E+00   4.1776504300E+00
C9         6.0           1.0732578100E+00   4.0029657500E+00   1.3988398700E+00
H10        1.0           1.5817784500E+00   5.6177704200E+00   2.5546719800E+00
C11        6.0           6.7166804500E+00  -2.1907511000E+00  -1.2578855900E+00
H12        1.0           6.0728792700E+00  -5.5495267000E-01  -2.3218676200E+00
H13        1.0           7.3770453100E+00  -3.7970208900E+00  -2.3569202900E+00
C14        6.0           6.6985904900E+00  -2.2192847000E+00   1.2595360000E+00
H15        1.0           7.3432827300E+00  -3.8501099100E+00   2.3313707000E+00
H16        1.0           6.0394992900E+00  -6.0775912000E-01   2.3508581900E+00
Br17      35.0          -3.6574070100E+00  -1.2958879000E+00  -3.0447200000E-03
 
Some Atomic Properties:
----------------------
  q(A) = Net Charge of Atom A
  L(A) = Lagrangian of Atom A = -(1/4) Times Atomic Integral of the Laplacian of the Electron Density
  K(A) = Electronic Kinetic Energy of Atom A (Hamiltonian Form)
  K_Scaled(A) = K(A) * E(Mol)/K(Mol) = Approximation to Virial-Based Total Energy of Atom A.
  |Mu_Intra(A)| = Magnitude of Intraatomic Dipole Moment of Atom A
--------------------------------------------------------------------------------------------------
Atom A          q(A)              L(A)              K(A)          K_Scaled(A)      |Mu_Intra(A)|
--------------------------------------------------------------------------------------------------
C1       -1.2313389800E-02 -7.3111908237E-05  3.7667219804E+01 -3.7912711389E+01  1.1280604289E-01
H2        9.8946135950E-02  3.5305238992E-05  5.7839772485E-01 -5.8216736262E-01  1.4276126838E-01
C3       -4.6680745300E-02  7.8210038030E-05  3.7736768986E+01 -3.7982713849E+01  2.0257607694E-01
H4        6.9753897010E-02  2.1013261368E-05  5.8311375740E-01 -5.8691413134E-01  1.4609364665E-01
C5       -4.5313153600E-02 -1.3837546714E-05  3.7724953792E+01 -3.7970821651E+01  1.6174621912E-01
H6        5.7388598820E-02  1.8624800951E-05  5.8827816413E-01 -5.9211219647E-01  1.4711782867E-01
C7       -4.6864248800E-02 -1.7916181022E-05  3.7736782468E+01 -3.7982727420E+01  2.0245759389E-01
H8        6.9703141820E-02  2.1395070263E-05  5.8312813242E-01 -5.8692860004E-01  1.4610520211E-01
C9       -4.5106957800E-02  1.2860499994E-04  3.7724980292E+01 -3.7970848324E+01  1.6186351141E-01
H10       5.7412360230E-02  2.3873845847E-05  5.8827219215E-01 -5.9210618557E-01  1.4711787918E-01
C11      -8.5044473400E-02 -2.5273746959E-05  3.7696104343E+01 -3.7941784179E+01  9.4440099599E-02
H12       4.5876146980E-02  2.4545766412E-05  5.9325803604E-01 -5.9712452410E-01  1.4452271086E-01
H13       4.0963999930E-02  2.4104640006E-05  5.9526602519E-01 -5.9914560008E-01  1.4686290756E-01
C14      -8.5254903600E-02 -3.9770197849E-05  3.7696158053E+01 -3.7941838239E+01  9.4487272761E-02
H15       4.0968361640E-02  2.1661643374E-05  5.9526145720E-01 -5.9914100231E-01  1.4685636629E-01
H16       4.5713139660E-02  2.3037670455E-05  5.9332369042E-01 -5.9719060637E-01  1.4455398727E-01
Br17     -1.5994555000E-01  4.6230911788E-06  2.5560978297E+03 -2.5727568906E+03  2.6588266073E-01
--------------------------------------------------------------------------------------------------
Total     2.0235974000E-04  2.5509048604E-04  2.8253790966E+03 -2.8437931659E+03
 
1st Largest |L(A)| = 1.2860499994E-04, atom C9      
2nd Largest |L(A)| = 7.8210038030E-05, atom C3      
 
Molecular charge q(Mol) from the wfn file:   0.0000000000E+00
Molecular energy E(Mol) from the wfn file:  -2.8437931752E+03
Molecular virial ratio (-V(Mol)/T(Mol)) from the wfn file:   2.0065173800E+00
Note.  K_Scaled(A) = (1+V(Mol)/T(Mol))*K(A) = (E(Mol)/T(Mol))*K(A)
       Only use K_Scaled(A) data with caution.
 
N_AIMInt(SumA)     =         85.999798
N_Analytic(Mol)    =         85.999991
 
G_AIMInt(SumA)     =       2825.378842
G_Analytic(Mol)    =       2825.379057
 
K_AIMInt(SumA)     =       2825.379097
K_Analytic(Mol)    =       2825.379057
 
L_AIMInt(SumA)     =          0.000255
L_Analytic(Mol)    =          0.000000
 
VenT_AIMInt(SumA)  =      -7804.116571
VenT_Analytic(Mol) =      -7804.120422
 
Some Information About the Atomic Calculations:
----------------------------------------------
  Time(sec) = "Elapsed User Time", in Seconds, for Atom A by AIMInt and, if used, by TWOe
  NProc = Number of Processors Used for AIMInt Job
  BIM = Basin Integration Method
  OAQ = Angular Quadrature Outside of Beta Sphere
  ORQ = Multiple of Default for Radial Quadrature Outside of Beta Sphere
  IAQ = Multiple of Default for Angular Quadrature Inside of Beta Sphere
  IRQ = Multiple of Default for Radial Quadrature Inside of Beta Sphere
  MIR = Maximum Integration Radius
------------------------------------------------------------------------------------------------------
Atom A     Time(sec)   NProc      BIM          OAQ                     ORQ      IAQ      IRQ      MIR
------------------------------------------------------------------------------------------------------
C1             34        8     Proaim(5)    4500(GS4)                  1.00     1.00     1.00    13.00
H2             15        8     Proaim(5)    4500(GS4)                  1.00     1.00     1.00    13.00
C3             30        8     Proaim(5)    4500(GS4)                  1.00     1.00     1.00    13.00
H4              8        8     Proaim(5)    1800(GS4)                  1.00     1.00     1.00    13.00
C5             23        8     Proaim(5)    4500(GS4)                  1.00     1.00     1.00    13.00
H6              6        8     Proaim(5)    1800(GS4)                  1.00     1.00     1.00    13.00
C7             30        8     Proaim(5)    4500(GS4)                  1.00     1.00     1.00    13.00
H8              6        8     Proaim(5)    1800(GS4)                  1.00     1.00     1.00    13.00
C9             23        8     Proaim(5)    4500(GS4)                  1.00     1.00     1.00    13.00
H10             5        8     Proaim(5)    1800(GS4)                  1.00     1.00     1.00    13.00
C11            25        8     Proaim(5)    4500(GS4)                  1.00     1.00     1.00    13.00
H12            12        8     Proaim(5)    4500(GS4)                  1.00     1.00     1.00    13.00
H13             5        8     Proaim(5)    1800(GS4)                  1.00     1.00     1.00    13.00
C14            31        8     Proaim(5)    4500(GS4)                  1.00     1.00     1.00    13.00
H15             5        8     Proaim(5)    1800(GS4)                  1.00     1.00     1.00    13.00
H16            14        8     Proaim(5)    4500(GS4)                  1.00     1.00     1.00    13.00
Br17           15        8     Proaim(5)    3150(GS4)                  1.00     1.00     1.00    13.00
------------------------------------------------------------------------------------------------------
Total         287
Note:  Total wall clock time is less than total of atomic times if more than one atom
       was calculated at a time
 
Electron Density Critical Point Analysis of Molecular Structure:               
---------------------------------------------------------------                
  NACP = Nuclear Attractor Critical Point                                      
  NNACP = Non-Nuclear Attractor Critical Point                                 
  BCP = Bond Critical Point                                                    
  RCP = Ring Critical Point                                                    
  CCP = Cage Critical Point                                                    
  Rho = Electron Density                                                       
  GradRho = Gradient of Electron Density                                       
  HessRho_EigVals = Eigenvalues of the Hessian of Rho, Ascending Order         
  HessRho_EigVecs = Eigenvectors of the Hessian of Rho                         
  DelSqRho = Laplacian of Rho = Trace of Hessian of Rho                        
  Bond Ellipticity = (HessRho_EigVal(1) / HessRho_EigVal(2)) - 1               
  V = Virial Field = Potential Energy Density = Trace of Stress Tensor         
  G = Lagrangian Form of Kinetic Energy Density                                
  K = Hamiltonian Form of Kinetic Energy Density                               
  L = K - G = Lagrangian Density = (-1/4)DelSqRho                              
  Vnuc = Electrostatic Potential from Nuclei                                   
  Ven = Electron-nuclear attractive contribution to Virial Field V             
  Vrep = V - Ven = Repulsive contribution to Virial Field V                    
  DelSqV = Laplacian of V                                                      
  DelSqVen = Laplacian of Ven                                                  
  DelSqVrep = Laplacian of Vrep                                                
  DelSqG = Laplacian of G                                                      
  DelSqK = Laplacian of K                                                      
  Stress_EigVals = Eigenvalues of Stress Tensor, Ascending Order               
  Stress_EigVecs = Eigenvectors of Stress Tensor                               
  -DivStress = Ehrenfest Force Density = Minus Divergence of Stress Tensor     
  ESP = Total Electrostatic Potential                                          
  ESPe = Electrostatic Potential from Electrons                                
  ESPn = Electrostatic Potential from Nuclei                                   
  BP = Bond Path                                                               
  BPL = Bond Path Length                                                       
  GBL = Geometric Bond Length                                                  
  GBL_I = Distance Between Nuclear Attractors                                  
  GBL_II = Distance Between Nuclei                                             
  GBL_III = Sum of Distances Between BCP and Nuclear Attractors                
  GBL_IV = Sum of Distances Between BCP and Nuclei                             

CP# 1      Coords = -1.21542374611886E-01  3.61174524258965E-02  2.14282352300799E-03
           Type = (3,-3) NACP C1
           Rho =  1.1765296647E+02     Rho at Nucleus =  1.1765296487E+02
           GradRho = -4.6951331711E-13  4.2417458435E-13  2.2363079270E-14
           HessRho_EigVals = -1.4498077021E+05 -1.4497884337E+05 -1.4497844013E+05
           HessRho_EigVec1 =  9.5191224348E-01  3.0636723431E-01  1.4827164632E-03
           HessRho_EigVec2 = -1.5849678574E-03  8.4982043116E-05  9.9999874033E-01
           HessRho_EigVec3 = -3.0636672238E-01  9.5191339444E-01 -5.6647766626E-04
           DelSqRho = -4.3493805371E+05
           Bond Ellipticity = NA
           V = -1.0874459610E+05
           G =  5.0413343219E+00
           K =  1.0873955476E+05
           L =  1.0873451343E+05
           Vnuc =  1.2785114863E+06
           Ven = -1.5042066903E+08
           Vrep =  1.5031192444E+08
           DelSqV =  2.4948366868E+09
           DelSqVen =  5.5607329792E+11
           DelSqVrep = -5.5357846123E+11
           DelSqG =  1.3401269769E+08
           DelSqK = -2.6288493845E+09
           Stress_EigVals = -3.6248499276E+04 -3.6248326409E+04 -3.6247770410E+04
           Stress_EigVec1 = -3.1134334386E-01  9.5029732544E-01 -5.6169336074E-04
           Stress_EigVec2 = -1.5867353325E-03  7.1212625957E-05  9.9999873860E-01
           Stress_EigVec3 =  9.5029616673E-01  3.1134384239E-01  1.4856987655E-03
           -DivStress =  3.7067868321E+03  8.4224641839E+02  5.2529565052E+00
           ESP =  -1.4677605152E+01     ESP at Nucleus =  -1.4677605257E+01
           ESPe = -3.4349797124E+01     ESPe at Nucleus = -3.4349790978E+01
           ESPn =  1.9672191972E+01     ESPn at Nucleus =  1.9672185721E+01

CP# 2      Coords =  1.02852210789569E+00 -1.63587959185986E+00  4.22003676648495E-03
           Type = (3,-3) NACP H2
           Rho =  4.1917346545E-01     Rho at Nucleus =  4.1534762717E-01
           GradRho = -1.1257487997E-14  1.5622919625E-14 -1.8753309452E-17
           HessRho_EigVals = -6.3901841786E+00 -6.3889596969E+00 -5.7773192707E+00
           HessRho_EigVec1 =  8.1890297483E-01  5.7392995151E-01  1.5259653773E-03
           HessRho_EigVec2 = -1.8294049277E-03 -4.8538474905E-05  9.9999832546E-01
           HessRho_EigVec3 = -5.7392906451E-01  8.1890439515E-01 -1.0102019800E-03
           DelSqRho = -1.8556463146E+01
           Bond Ellipticity = NA
           V = -4.6491223472E+00
           G =  5.0032802982E-03
           K =  4.6441190669E+00
           L =  4.6391157866E+00
           Vnuc =  4.6611335725E+01
           Ven = -1.9538235126E+01
           Vrep =  1.4889112778E+01
           DelSqV =  6.9805010542E+02
           DelSqVen =  8.6494153359E+02
           DelSqVrep = -1.6689142817E+02
           DelSqG =  6.8850341851E+01
           DelSqK = -7.6690044727E+02
           Stress_EigVals = -1.6011841209E+00 -1.6011075013E+00 -1.4468307249E+00
           Stress_EigVec1 =  8.1946727528E-01  5.7312153676E-01  2.2558469918E-03
           Stress_EigVec2 = -2.4253444581E-03 -4.6822476166E-04  9.9999694923E-01
           Stress_EigVec3 = -5.7312084454E-01  8.1947024648E-01 -1.0063222734E-03
           -DivStress =  4.5487566879E+00 -6.5598337260E+00  7.9125857852E-03
           ESP =  -1.0783572000E+00     ESP at Nucleus =  -1.0809161117E+00
           ESPe = -1.9826134772E+01     ESPe at Nucleus = -1.9719302401E+01
           ESPn =  1.8747777572E+01     ESPn at Nucleus =  1.8638386289E+01

CP# 3      Coords =  3.41515363617328E-01  1.71755437630773E+00 -2.23725954563063E+00
           Type = (3,-3) NACP C3
           Rho =  1.1768032303E+02     Rho at Nucleus =  1.1768032279E+02
           GradRho = -2.0059087724E-10 -1.2262374449E-09  5.8374532291E-10
           HessRho_EigVals = -1.4500682343E+05 -1.4500643464E+05 -1.4500589346E+05
           HessRho_EigVec1 =  9.3033864078E-01 -3.6322760618E-01  5.0355928968E-02
           HessRho_EigVec2 = -2.4053665814E-01 -5.0082026138E-01  8.3145726401E-01
           HessRho_EigVec3 =  2.7678896214E-01  7.8564926774E-01  5.5330199579E-01
           DelSqRho = -4.3501915153E+05
           Bond Ellipticity = NA
           V = -1.0876509351E+05
           G =  5.1528153618E+00
           K =  1.0875994070E+05
           L =  1.0875478788E+05
           Vnuc =  3.2838776104E+06
           Ven = -3.8644777798E+08
           Vrep =  3.8633901289E+08
           DelSqV =  2.4952950500E+09
           DelSqVen =  1.4285496893E+12
           DelSqVrep = -1.4260544025E+12
           DelSqG =  1.3403208920E+08
           DelSqK = -2.6293271392E+09
           Stress_EigVals = -3.6255318397E+04 -3.6255053109E+04 -3.6254722008E+04
           Stress_EigVec1 =  2.3567455950E-01  7.0666921123E-01  6.6714026104E-01
           Stress_EigVec2 = -2.1239786796E-01 -6.3242736491E-01  7.4493138866E-01
           Stress_EigVec3 =  9.4833783416E-01 -3.1726054596E-01  1.0479931748E-03
           -DivStress =  2.1689464191E+02  1.3178795175E+03 -6.5015003700E+02
           ESP =  -1.4731515562E+01     ESP at Nucleus =  -1.4731515581E+01
           ESPe = -3.1618668579E+01     ESPe at Nucleus = -3.1618666599E+01
           ESPn =  1.6887153017E+01     ESPn at Nucleus =  1.6887151018E+01

CP# 4      Coords =  1.26812289598569E-01  1.10531800229709E+00 -4.13917284506311E+00
           Type = (3,-3) NACP H4
           Rho =  4.2335572738E-01     Rho at Nucleus =  4.1950613289E-01
           GradRho =  7.2592338607E-10  2.0226398490E-09  6.3818281285E-09
           HessRho_EigVals = -6.4477997151E+00 -6.4415591158E+00 -5.8321444706E+00
           HessRho_EigVec1 =  2.8078004258E-01  9.0546842501E-01 -3.1826011217E-01
           HessRho_EigVec2 =  9.5377115560E-01 -3.0026072609E-01 -1.2809337094E-02
           HessRho_EigVec3 =  1.0715946265E-01  2.9995070875E-01  9.4791688554E-01
           DelSqRho = -1.8721503302E+01
           Bond Ellipticity = NA
           V = -4.6894731541E+00
           G =  4.5486643630E-03
           K =  4.6849244897E+00
           L =  4.6803758254E+00
           Vnuc =  4.3904711120E+01
           Ven = -1.8587310911E+01
           Vrep =  1.3897837757E+01
           DelSqV =  7.0427368039E+02
           DelSqVen =  8.2196220463E+02
           DelSqVrep = -1.1768852424E+02
           DelSqG =  6.9337482050E+01
           DelSqK = -7.7361116244E+02
           Stress_EigVals = -1.6151220420E+00 -1.6147932317E+00 -1.4595578804E+00
           Stress_EigVec1 =  3.3111951539E-01  8.8765071637E-01 -3.2005635794E-01
           Stress_EigVec2 =  9.3739761865E-01 -3.4823812166E-01  3.9893819481E-03
           Stress_EigVec3 =  1.0791464717E-01  3.0134102999E-01  9.4739010580E-01
           -DivStress = -8.6927091960E-01 -2.4207225657E+00 -7.6249359029E+00
           ESP =  -1.0891412792E+00     ESP at Nucleus =  -1.0917706950E+00
           ESPe = -1.7086885173E+01     ESPe at Nucleus = -1.6984698145E+01
           ESPn =  1.5997743894E+01     ESPn at Nucleus =  1.5892927450E+01

CP# 5      Coords =  1.07773823144633E+00  4.00220324401534E+00 -1.39288306107868E+00
           Type = (3,-3) NACP C5
           Rho =  1.1768064822E+02     Rho at Nucleus =  1.1768064807E+02
           GradRho =  1.9125959150E-10  4.7825882143E-10  4.8259773955E-10
           HessRho_EigVals = -1.4500381262E+05 -1.4500288945E+05 -1.4500254978E+05
           HessRho_EigVec1 =  9.4419555908E-01 -3.2899964941E-01  1.5936652650E-02
           HessRho_EigVec2 = -3.3158105077E-02 -4.6800409184E-02  9.9835377586E-01
           HessRho_EigVec3 =  3.2771220038E-01  9.4316963076E-01  5.5097743460E-02
           DelSqRho = -4.3500925185E+05
           Bond Ellipticity = NA
           V = -1.0876256079E+05
           G =  5.1239150796E+00
           K =  1.0875743688E+05
           L =  1.0875231296E+05
           Vnuc =  4.1562028096E+06
           Ven = -4.8910464077E+08
           Vrep =  4.8899587821E+08
           DelSqV =  2.4952338232E+09
           DelSqVen =  1.8079868846E+12
           DelSqVrep = -1.8054916344E+12
           DelSqG =  1.3402533785E+08
           DelSqK = -2.6292591610E+09
           Stress_EigVals = -3.6254471423E+04 -3.6254283206E+04 -3.6253806164E+04
           Stress_EigVec1 =  3.1530729351E-01  9.4548094973E-01 -8.1529653185E-02
           Stress_EigVec2 =  1.9136752381E-02  7.9559801582E-02  9.9664638798E-01
           Stress_EigVec3 =  9.4879665649E-01 -3.1581008797E-01  6.9923508929E-03
           -DivStress = -3.3020365607E+02 -7.3861751341E+02 -8.4751161659E+02
           ESP =  -1.4727456063E+01     ESP at Nucleus =  -1.4727456080E+01
           ESPe = -2.9976321403E+01     ESPe at Nucleus = -2.9976322408E+01
           ESPn =  1.5248865340E+01     ESPn at Nucleus =  1.5248866328E+01

CP# 6      Coords =  1.58127631476185E+00  5.58858228826543E+00 -2.52796391058288E+00
           Type = (3,-3) NACP H6
           Rho =  4.2539698206E-01     Rho at Nucleus =  4.2162760093E-01
           GradRho = -2.0192181260E-15 -7.2424705122E-15  3.7712888368E-15
           HessRho_EigVals = -6.4914126754E+00 -6.4859395743E+00 -5.8813193250E+00
           HessRho_EigVec1 =  1.7100444621E-01  5.4062325749E-01  8.2370138572E-01
           HessRho_EigVec2 =  9.5336051298E-01 -3.0183389362E-01  1.8154179664E-04
           HessRho_EigVec3 =  2.4871914215E-01  7.8525333118E-01 -5.6702380391E-01
           DelSqRho = -1.8858671575E+01
           Bond Ellipticity = NA
           V = -4.7234797413E+00
           G =  4.4059238264E-03
           K =  4.7190738175E+00
           L =  4.7146678937E+00
           Vnuc =  4.2252024824E+01
           Ven = -1.7973883846E+01
           Vrep =  1.3250404105E+01
           DelSqV =  7.0998778220E+02
           DelSqVen =  7.9681705952E+02
           DelSqVrep = -8.6829277321E+01
           DelSqG =  7.0011873966E+01
           DelSqK = -7.7999965617E+02
           Stress_EigVals = -1.6260361605E+00 -1.6254825627E+00 -1.4719610181E+00
           Stress_EigVec1 =  1.4824329240E-01  5.4663340906E-01  8.2414552256E-01
           Stress_EigVec2 =  9.5707155776E-01 -2.8918457364E-01  1.9654915432E-02
           Stress_EigVec3 =  2.4907420499E-01  7.8585252972E-01 -5.6603696164E-01
           -DivStress =  1.9894541515E+00  6.2773629048E+00 -4.5247056556E+00
           ESP =  -1.0893027498E+00     ESP at Nucleus =  -1.0918768506E+00
           ESPe = -1.5031708249E+01     ESPe at Nucleus = -1.4931735384E+01
           ESPn =  1.3942405499E+01     ESPn at Nucleus =  1.3839858533E+01

CP# 7      Coords =  3.34345635751535E-01  1.71879158500336E+00  2.24211799659767E+00
           Type = (3,-3) NACP C7
           Rho =  1.1768030057E+02     Rho at Nucleus =  1.1768030033E+02
           GradRho = -1.9716034361E-10 -1.2138975936E-09 -5.9122522156E-10
           HessRho_EigVals = -1.4500681101E+05 -1.4500642326E+05 -1.4500588204E+05
           HessRho_EigVec1 =  9.3054020656E-01 -3.6317422800E-01 -4.6897804740E-02
           HessRho_EigVec2 =  2.3754366497E-01  5.0119365733E-01  8.3209249791E-01
           HessRho_EigVec3 =  2.7868966827E-01  7.8543580130E-01 -5.5265058656E-01
           DelSqRho = -4.3501911632E+05
           Bond Ellipticity = NA
           V = -1.0876508482E+05
           G =  5.1528693862E+00
           K =  1.0875993195E+05
           L =  1.0875477908E+05
           Vnuc =  3.2831059170E+06
           Ven = -3.8635689113E+08
           Vrep =  3.8624812604E+08
           DelSqV =  2.4952948651E+09
           DelSqVen =  1.4282138583E+12
           DelSqVrep = -1.4257185471E+12
           DelSqG =  1.3403209407E+08
           DelSqK = -2.6293269592E+09
           Stress_EigVals = -3.6255315399E+04 -3.6255050139E+04 -3.6254719281E+04
           Stress_EigVec1 =  2.3792231589E-01  7.0634188879E-01 -6.6668891377E-01
           Stress_EigVec2 =  2.0980259738E-01  6.3282113930E-01  7.4533232574E-01
           Stress_EigVec3 =  9.4835428071E-01 -3.1720425880E-01  2.3699081038E-03
           -DivStress =  2.1516430695E+02  1.3189307186E+03  6.4936710850E+02
           ESP =  -1.4731520217E+01     ESP at Nucleus =  -1.4731520237E+01
           ESPe = -3.1617133110E+01     ESPe at Nucleus = -3.1617131131E+01
           ESPn =  1.6885612893E+01     ESPn at Nucleus =  1.6885610894E+01

CP# 8      Coords =  1.13214023114773E-01  1.10779531503756E+00  4.14370330271854E+00
           Type = (3,-3) NACP H8
           Rho =  4.2335478939E-01     Rho at Nucleus =  4.1950555925E-01
           GradRho =  7.4246623953E-10  2.0046365280E-09 -6.3373934416E-09
           HessRho_EigVals = -6.4477838144E+00 -6.4415402614E+00 -5.8321692441E+00
           HessRho_EigVec1 =  2.7988515937E-01  9.0562346272E-01  3.1860703279E-01
           HessRho_EigVec2 =  9.5366806804E-01 -3.0042544923E-01  1.6179167060E-02
           HessRho_EigVec3 = -1.1036989425E-01 -2.9931704468E-01  9.4774880280E-01
           DelSqRho = -1.8721493320E+01
           Bond Ellipticity = NA
           V = -4.6894720397E+00
           G =  4.5493548505E-03
           K =  4.6849226848E+00
           L =  4.6803733300E+00
           Vnuc =  4.3903881965E+01
           Ven = -1.8586918703E+01
           Vrep =  1.3897446663E+01
           DelSqV =  7.0427488159E+02
           DelSqVen =  8.2194624330E+02
           DelSqVrep = -1.1767136171E+02
           DelSqG =  6.9337560536E+01
           DelSqK = -7.7361244213E+02
           Stress_EigVals = -1.6151181533E+00 -1.6147896317E+00 -1.4595642547E+00
           Stress_EigVec1 =  3.3025167456E-01  8.8778422957E-01  3.2058227208E-01
           Stress_EigVec2 =  9.3732893928E-01 -3.4844515941E-01 -6.5610120572E-04
           Stress_EigVec3 = -1.1112286459E-01 -3.0070771956E-01  9.4722044760E-01
           -DivStress = -8.9504926121E-01 -2.4154512425E+00  7.6232119815E+00
           ESP =  -1.0891248869E+00     ESP at Nucleus =  -1.0917540804E+00
           ESPe = -1.7084698346E+01     ESPe at Nucleus = -1.6982510514E+01
           ESPn =  1.5995573459E+01     ESPn at Nucleus =  1.5890756434E+01

CP# 9      Coords =  1.07325822431173E+00  4.00296666359040E+00  1.39883883180268E+00
           Type = (3,-3) NACP C9
           Rho =  1.1768065493E+02     Rho at Nucleus =  1.1768065478E+02
           GradRho =  1.9202608947E-10  3.8524405888E-10 -4.8488202342E-10
           HessRho_EigVals = -1.4500380735E+05 -1.4500288345E+05 -1.4500254376E+05
           HessRho_EigVec1 =  9.4421303619E-01 -3.2909078909E-01 -1.2688373483E-02
           HessRho_EigVec2 =  2.9888348962E-02  4.7258834706E-02  9.9843542061E-01
           HessRho_EigVec3 =  3.2797626268E-01  9.4311497448E-01 -5.4458388149E-02
           DelSqRho = -4.3500923456E+05
           Bond Ellipticity = NA
           V = -1.0876255633E+05
           G =  5.1238459103E+00
           K =  1.0875743249E+05
           L =  1.0875230864E+05
           Vnuc =  4.1561173879E+06
           Ven = -4.8909461617E+08
           Vrep =  4.8898585362E+08
           DelSqV =  2.4952337051E+09
           DelSqVen =  1.8079492178E+12
           DelSqVrep = -1.8054539841E+12
           DelSqG =  1.3402531887E+08
           DelSqK = -2.6292590240E+09
           Stress_EigVals = -3.6254470000E+04 -3.6254281777E+04 -3.6253804555E+04
           Stress_EigVec1 =  3.1506548514E-01  9.4551632319E-01  8.2052560306E-02
           Stress_EigVec2 = -2.2369764141E-02 -7.9033389627E-02  9.9662094950E-01
           Stress_EigVec3 =  9.4880626775E-01 -3.1583635937E-01 -3.7497161040E-03
           -DivStress = -3.3254282923E+02 -7.3826740267E+02  8.4693323619E+02
           ESP =  -1.4727448001E+01     ESP at Nucleus =  -1.4727448017E+01
           ESPe = -2.9975323837E+01     ESPe at Nucleus = -2.9975324840E+01
           ESPn =  1.5247875835E+01     ESPn at Nucleus =  1.5247876823E+01

CP# 10     Coords =  1.57304977876120E+00  5.59000691334839E+00  2.53465213389701E+00
           Type = (3,-3) NACP H10
           Rho =  4.2539631250E-01     Rho at Nucleus =  4.2162683801E-01
           GradRho = -1.7598769664E-15 -5.7575472168E-15 -3.6741443221E-15
           HessRho_EigVals = -6.4914052345E+00 -6.4859330135E+00 -5.8813016525E+00
           HessRho_EigVec1 = -1.7363320676E-01 -5.4017167771E-01  8.2344767175E-01
           HessRho_EigVec2 =  9.5337265095E-01 -3.0178003963E-01  3.0653074936E-03
           HessRho_EigVec3 =  2.4684427872E-01  7.8558472890E-01  5.6738394036E-01
           DelSqRho = -1.8858639901E+01
           Bond Ellipticity = NA
           V = -4.7234713616E+00
           G =  4.4056932169E-03
           K =  4.7190656684E+00
           L =  4.7146599751E+00
           Vnuc =  4.2250274351E+01
           Ven = -1.7973110911E+01
           Vrep =  1.3249639549E+01
           DelSqV =  7.0998619957E+02
           DelSqVen =  7.9678270969E+02
           DelSqVrep = -8.6796510122E+01
           DelSqG =  7.0011741110E+01
           DelSqK = -7.7999794068E+02
           Stress_EigVals = -1.6260342669E+00 -1.6254805432E+00 -1.4719565515E+00
           Stress_EigVec1 = -1.5094917250E-01 -5.4615713125E-01  8.2397010583E-01
           Stress_EigVec2 =  9.5713399458E-01 -2.8918438039E-01 -1.6337397494E-02
           Stress_EigVec3 =  2.4720207066E-01  7.8618368218E-01  5.6639769962E-01
           -DivStress =  1.9745092984E+00  6.2800832112E+00  4.5276451756E+00
           ESP =  -1.0893042332E+00     ESP at Nucleus =  -1.0918783594E+00
           ESPe = -1.5030341636E+01     ESPe at Nucleus = -1.4930364710E+01
           ESPn =  1.3941037403E+01     ESPn at Nucleus =  1.3838486351E+01

CP# 11     Coords =  6.71668041248537E+00 -2.19075119234030E+00 -1.25788650514737E+00
           Type = (3,-3) NACP C11
           Rho =  1.1768320849E+02     Rho at Nucleus =  1.1768320843E+02
           GradRho =  1.9779088090E-11 -4.2584286791E-12 -1.8858603568E-10
           HessRho_EigVals = -1.4501227802E+05 -1.4501119434E+05 -1.4501100552E+05
           HessRho_EigVec1 =  9.2842828745E-01  3.7143824688E-01  7.3853792460E-03
           HessRho_EigVec2 = -3.7116351677E-01  9.2651454185E-01  6.1712620733E-02
           HessRho_EigVec3 =  1.6079766387E-02 -6.0036926114E-02  9.9806663536E-01
           DelSqRho = -4.3503447789E+05
           Bond Ellipticity = NA
           V = -1.0876880747E+05
           G =  5.0939969004E+00
           K =  1.0876371347E+05
           L =  1.0875861947E+05
           Vnuc =  6.5177907128E+06
           Ven = -7.6703452336E+08
           Vrep =  7.6692575455E+08
           DelSqV =  2.4953831033E+09
           DelSqVen =  2.8354635366E+12
           DelSqVrep = -2.8329681535E+12
           DelSqG =  1.3403862472E+08
           DelSqK = -2.6294217281E+09
           Stress_EigVals = -3.6256532870E+04 -3.6256418332E+04 -3.6255856264E+04
           Stress_EigVec1 =  4.0792062041E-03 -3.5183510020E-02  9.9937254350E-01
           Stress_EigVec2 = -3.7289148829E-01  9.2724570749E-01  3.4166297779E-02
           Stress_EigVec3 =  9.2786599142E-01  3.7279688648E-01  9.3372049720E-03
           -DivStress =  2.9559375373E+01  7.4965945339E+01  7.4310235900E+02
           ESP =  -1.4739922845E+01     ESP at Nucleus =  -1.4739922858E+01
           ESPe = -2.6287706245E+01     ESPe at Nucleus = -2.6287707102E+01
           ESPn =  1.1547783400E+01     ESPn at Nucleus =  1.1547784244E+01

CP# 12     Coords =  6.08393047623828E+00 -5.83010523230666E-01 -2.30373580790339E+00
           Type = (3,-3) NACP H12
           Rho =  4.2489050251E-01     Rho at Nucleus =  4.2116202528E-01
           GradRho =  8.2833045978E-16 -5.0133508456E-15  4.6872228321E-15
           HessRho_EigVals = -6.4670743396E+00 -6.4605575348E+00 -5.8641470678E+00
           HessRho_EigVec1 = -2.0518659909E-01  4.7316318335E-01  8.5674678959E-01
           HessRho_EigVec2 =  9.2699512143E-01  3.7477204124E-01  1.5032030964E-02
           HessRho_EigVec3 = -3.1397213954E-01  7.9728446556E-01 -5.1551816318E-01
           DelSqRho = -1.8791778942E+01
           Bond Ellipticity = NA
           V = -4.7069891771E+00
           G =  4.5222207537E-03
           K =  4.7024669563E+00
           L =  4.6979447356E+00
           Vnuc =  4.2054320808E+01
           Ven = -1.7868481501E+01
           Vrep =  1.3161492324E+01
           DelSqV =  7.0733694609E+02
           DelSqVen =  7.9027550020E+02
           DelSqVrep = -8.2938554104E+01
           DelSqG =  6.9597793089E+01
           DelSqK = -7.7693473918E+02
           Stress_EigVals = -1.6200292982E+00 -1.6192966244E+00 -1.4676632545E+00
           Stress_EigVec1 = -2.0293100830E-01  4.7566718459E-01  8.5589703550E-01
           Stress_EigVec2 =  9.2763443211E-01  3.7328060464E-01  1.2488016582E-02
           Stress_EigVec3 = -3.1354962323E-01  7.9649376627E-01 -5.1699546813E-01
           -DivStress = -2.4899314454E+00  6.3221086230E+00 -4.0869397729E+00
           ESP =  -1.1061412104E+00     ESP at Nucleus =  -1.1086102542E+00
           ESPe = -1.4740989183E+01     ESPe at Nucleus = -1.4689165463E+01
           ESPn =  1.3634847972E+01     ESPn at Nucleus =  1.3580555208E+01

CP# 13     Coords =  7.36579671273091E+00 -3.76967413593443E+00 -2.33825676462743E+00
           Type = (3,-3) NACP H13
           Rho =  4.2547451202E-01     Rho at Nucleus =  4.2178534298E-01
           GradRho = -2.6220345339E-15  2.0348306373E-15  7.6934986160E-16
           HessRho_EigVals = -6.4773905820E+00 -6.4710688724E+00 -5.8775441260E+00
           HessRho_EigVec1 =  1.8800799462E-01 -4.9936480001E-01  8.4574688322E-01
           HessRho_EigVec2 =  9.2795925104E-01  3.7243283955E-01  1.3616476503E-02
           HessRho_EigVec3 = -3.2178350233E-01  7.8225863788E-01  5.3341053710E-01
           DelSqRho = -1.8826003580E+01
           Bond Ellipticity = NA
           V = -4.7154932804E+00
           G =  4.4961926456E-03
           K =  4.7109970877E+00
           L =  4.7065008951E+00
           Vnuc =  4.0425065670E+01
           Ven = -1.7199835089E+01
           Vrep =  1.2484341809E+01
           DelSqV =  7.0883002890E+02
           DelSqVen =  7.6104243103E+02
           DelSqVrep = -5.2212402133E+01
           DelSqG =  6.9749360322E+01
           DelSqK = -7.7857938922E+02
           Stress_EigVals = -1.6226335040E+00 -1.6218818442E+00 -1.4709779322E+00
           Stress_EigVec1 =  1.8922345247E-01 -5.0056424187E-01  8.4476619534E-01
           Stress_EigVec2 =  9.2785752728E-01  3.7270780283E-01  1.3011640508E-02
           Stress_EigVec3 = -3.2136411454E-01  7.8136056560E-01  5.3497735692E-01
           -DivStress =  2.5387966187E+00 -6.1726979907E+00 -4.2144706610E+00
           ESP =  -1.1054697325E+00     ESP at Nucleus =  -1.1079224540E+00
           ESPe = -1.2932282838E+01     ESPe at Nucleus = -1.2852566272E+01
           ESPn =  1.1826813105E+01     ESPn at Nucleus =  1.1744643818E+01

CP# 14     Coords =  6.69859043608755E+00 -2.21928481153301E+00  1.25953691396142E+00
           Type = (3,-3) NACP C14
           Rho =  1.1768324916E+02     Rho at Nucleus =  1.1768324910E+02
           GradRho =  4.3863097182E-11 -1.2814700689E-11  1.7711010436E-10
           HessRho_EigVals = -1.4501237284E+05 -1.4501129155E+05 -1.4501110240E+05
           HessRho_EigVec1 =  9.2841974690E-01  3.7126073018E-01  1.4221244341E-02
           HessRho_EigVec2 = -3.7035067635E-01  9.2783828484E-01 -4.4232270052E-02
           HessRho_EigVec3 = -2.9616719834E-02  3.5799265506E-02  9.9892004810E-01
           DelSqRho = -4.3503476679E+05
           Bond Ellipticity = NA
           V = -1.0876888006E+05
           G =  5.0941814614E+00
           K =  1.0876378588E+05
           L =  1.0875869170E+05
           Vnuc =  6.5053556086E+06
           Ven = -7.6557138497E+08
           Vrep =  7.6546261609E+08
           DelSqV =  2.4953848135E+09
           DelSqVen =  2.8300560302E+12
           DelSqVrep = -2.8275606454E+12
           DelSqG =  1.3403875836E+08
           DelSqK = -2.6294235719E+09
           Stress_EigVals = -3.6256556938E+04 -3.6256442288E+04 -3.6255880833E+04
           Stress_EigVec1 = -1.8036699849E-02  1.1729305890E-02  9.9976852363E-01
           Stress_EigVec2 = -3.7247814562E-01  9.2787395235E-01 -1.7605669223E-02
           Stress_EigVec3 =  9.2786567374E-01  3.7270947390E-01  1.2366873869E-02
           -DivStress =  4.2882299958E+01  9.0561182389E+01 -7.4215231917E+02
           ESP =  -1.4739934158E+01     ESP at Nucleus =  -1.4739934171E+01
           ESPe = -2.6292135366E+01     ESPe at Nucleus = -2.6292136219E+01
           ESPn =  1.1552201209E+01     ESPn at Nucleus =  1.1552202048E+01

CP# 15     Coords =  7.33230040646377E+00 -3.82234572365206E+00  2.31317021476848E+00
           Type = (3,-3) NACP H15
           Rho =  4.2547159832E-01     Rho at Nucleus =  4.2178241513E-01
           GradRho =  6.4705185654E-16  3.6394498526E-15 -1.3808398869E-15
           HessRho_EigVals = -6.4773297137E+00 -6.4710067501E+00 -5.8774874636E+00
           HessRho_EigVec1 = -2.0010639663E-01  4.8020069815E-01  8.5402852384E-01
           HessRho_EigVec2 =  9.2803674044E-01  3.7240158013E-01  8.0542851937E-03
           HessRho_EigVec3 = -3.1417389838E-01  7.9418156149E-01 -5.2016382896E-01
           DelSqRho = -1.8825823927E+01
           Bond Ellipticity = NA
           V = -4.7154483725E+00
           G =  4.4961953082E-03
           K =  4.7109521772E+00
           L =  4.7064559819E+00
           Vnuc =  4.0430918871E+01
           Ven = -1.7202207674E+01
           Vrep =  1.2486759301E+01
           DelSqV =  7.0882289797E+02
           DelSqVen =  7.6114535989E+02
           DelSqVrep = -5.2322461927E+01
           DelSqG =  6.9748516070E+01
           DelSqK = -7.7857141403E+02
           Stress_EigVals = -1.6226180476E+00 -1.6218666174E+00 -1.4709637074E+00
           Stress_EigVec1 = -2.0136952440E-01  4.8139756420E-01  8.5305726644E-01
           Stress_EigVec2 =  9.2791392544E-01  3.7269246599E-01  8.7219707512E-03
           Stress_EigVec3 = -3.1372928079E-01  7.9332005582E-01 -5.2174440812E-01
           -DivStress =  2.4786383431E+00 -6.2669026115E+00  4.1099100446E+00
           ESP =  -1.1054623288E+00     ESP at Nucleus =  -1.1079150958E+00
           ESPe = -1.2938316435E+01     ESPe at Nucleus = -1.2858614004E+01
           ESPn =  1.1832854106E+01     ESPn at Nucleus =  1.1750698908E+01

CP# 16     Coords =  6.05080836242576E+00 -6.35399809772106E-01  2.33226038758223E+00
           Type = (3,-3) NACP H16
           Rho =  4.2490435141E-01     Rho at Nucleus =  4.2117676087E-01
           GradRho =  2.9741833996E-15 -4.2101738762E-15 -2.7044338990E-15
           HessRho_EigVals = -6.4673187573E+00 -6.4607962841E+00 -5.8644745782E+00
           HessRho_EigVec1 =  1.9296958212E-01 -4.9241597037E-01  8.4869856398E-01
           HessRho_EigVec2 =  9.2708774183E-01  3.7478526104E-01  6.6578572272E-03
           HessRho_EigVec3 = -3.2135814807E-01  7.8553327124E-01  5.2883496522E-01
           DelSqRho = -1.8792589620E+01
           Bond Ellipticity = NA
           V = -4.7071946110E+00
           G =  4.5236030521E-03
           K =  4.7026710080E+00
           L =  4.6981474049E+00
           Vnuc =  4.2067480824E+01
           Ven = -1.7874655655E+01
           Vrep =  1.3167461044E+01
           DelSqV =  7.0737208478E+02
           DelSqVen =  7.9055690345E+02
           DelSqVrep = -8.3184818671E+01
           DelSqG =  6.9601509326E+01
           DelSqK = -7.7697359411E+02
           Stress_EigVals = -1.6200906454E+00 -1.6193579293E+00 -1.4677460363E+00
           Stress_EigVec1 =  1.9059215556E-01 -4.9495322802E-01  8.4775935991E-01
           Stress_EigVec2 =  9.2771932042E-01  3.7316272379E-01  9.2975318897E-03
           Stress_EigVec3 = -3.2095403528E-01  7.8471070061E-01  5.3029956024E-01
