AIMSum (Version 19.02.13, Professional)
Copyright (c) 1997-2019 by Todd A. Keith
AIMSum is a component of the AIMAll package ( http://aim.tkgristmill.com )

TP:  64-bit Linux

Much of the Quantum Theory of Atoms in Molecules (QTAIM) is described in the book:
  "Atoms in Molecules - A Quantum Theory"
  R.F.W. Bader, Oxford University Press, Oxford, 1990

For additional references see:  http://aim.tkgristmill.com/references.html

Wfn File:  /home/mhennefarth/Documents/ML_Diels/summary-levandowski2018/r_3-opt/r_3-opt.wfn
Sum File:  /home/mhennefarth/Documents/ML_Diels/summary-levandowski2018/r_3-opt/r_3-opt.sum

SumViz File:  /home/mhennefarth/Documents/ML_Diels/summary-levandowski2018/r_3-opt/r_3-opt.sumviz

Wfn Title:   Title Card Required                                                           
 
Total memory allocated for AIMSum =        0.847 Megabytes

Atomic units (a.u.) used throughout, except where stated otherwise

Model:  Restricted SCF
 
Restricted, closed-shell, single-determinant wavefunction.
  Number of electrons (from MO Occs)                   =          60.0000000000
  Number of Alpha electrons (from MO Occs)             =          30.0000000000
  Number of Beta electrons (from MO Occs)              =          30.0000000000
  Number of electron pairs (N*(N-1)/2)                 =        1770.0000000000
  Number of electron pairs (from Muller 2EDM)          =        1770.0000000000
 
Nuclear Charges and Cartesian Coordinates:
-------------------------------------------------------------------------------
Atom      Charge                X                  Y                  Z
-------------------------------------------------------------------------------
C1         6.0           1.2614631400E+00  -1.1977826200E+00  -8.1355455000E-01
C2         6.0           3.8325587000E+00  -1.7142514400E+00   3.2321958000E-01
H3         1.0           4.5335943500E+00  -3.5974828400E+00   7.1188159000E-01
C4         6.0           5.0525506700E+00   4.9653040000E-01   5.8037490000E-01
H5         1.0           6.9799398900E+00   7.5509136000E-01   1.2304701900E+00
C6         6.0           1.1064436800E+00   1.6553021300E+00  -8.8049733000E-01
H7         1.0          -5.5911500000E-01   2.6665636800E+00  -1.5044075100E+00
C8         6.0           3.3529634900E+00   2.5962288000E+00  -1.6627516000E-01
H9         1.0           3.8862779400E+00   4.5754899800E+00  -1.2195956000E-01
C10        6.0          -5.7883787100E+00   1.0931708600E+00   1.3137310600E+00
H11        1.0          -6.9826473100E+00   2.5861462100E+00   2.0689953100E+00
H12        1.0          -4.1004540600E+00   6.1959030000E-01   2.3819815100E+00
C13        6.0          -6.3514198400E+00  -1.1961183000E-01  -8.1829642000E-01
H14        1.0          -5.1373834800E+00  -1.6139970700E+00  -1.5314375000E+00
H15        1.0          -8.0337662900E+00   3.1775898000E-01  -1.9154276600E+00
H16        1.0           1.2192062800E+00  -1.9285510300E+00  -2.7647259500E+00
F17        9.0          -7.3363768000E-01  -2.3597919200E+00   4.6804634000E-01
 
Some Atomic Properties:
----------------------
  q(A) = Net Charge of Atom A
  L(A) = Lagrangian of Atom A = -(1/4) Times Atomic Integral of the Laplacian of the Electron Density
  K(A) = Electronic Kinetic Energy of Atom A (Hamiltonian Form)
  K_Scaled(A) = K(A) * E(Mol)/K(Mol) = Approximation to Virial-Based Total Energy of Atom A.
  |Mu_Intra(A)| = Magnitude of Intraatomic Dipole Moment of Atom A
--------------------------------------------------------------------------------------------------
Atom A          q(A)              L(A)              K(A)          K_Scaled(A)      |Mu_Intra(A)|
--------------------------------------------------------------------------------------------------
C1        5.3702420680E-01  2.2099318561E-04  3.7378539589E+01 -3.7717377920E+01  5.8464401319E-01
C2       -5.7309272700E-02  5.0968174485E-05  3.7750859756E+01 -3.8093073187E+01  1.8276072044E-01
H3        6.5677948780E-02  2.2856784227E-05  5.8353953760E-01 -5.8882935268E-01  1.4673421792E-01
C4       -4.7797944500E-02  5.9265383014E-05  3.7726790426E+01 -3.8068785667E+01  1.5280026244E-01
H5        5.5154375570E-02  2.7305635454E-05  5.8933206473E-01 -5.9467438936E-01  1.4759125496E-01
C6       -5.7217518100E-02 -2.5862751447E-05  3.7752548231E+01 -3.8094776969E+01  1.9459630650E-01
H7        7.6808106600E-02  2.0755036566E-05  5.7898584674E-01 -5.8423438239E-01  1.4381390636E-01
C8       -4.9325162400E-02  2.7471510984E-05  3.7727074709E+01 -3.8069072528E+01  1.5400468834E-01
H9        5.5252987590E-02  2.4022069500E-05  5.8926551496E-01 -5.9460723632E-01  1.4761403030E-01
C10      -8.5820558500E-02 -1.0628265262E-04  3.7698436822E+01 -3.8040175037E+01  1.0223205675E-01
H11       3.2988915010E-02  1.8905948569E-05  5.9821221621E-01 -6.0363503986E-01  1.4898458177E-01
H12       6.0082268770E-02  2.6437268124E-05  5.8977625126E-01 -5.9512260247E-01  1.3755921258E-01
C13      -8.7277920200E-02 -5.4116006139E-06  3.7698230758E+01 -3.8039967105E+01  9.8158832129E-02
H14       5.3917140370E-02  1.5811863636E-05  5.9214076363E-01 -5.9750854926E-01  1.3919848064E-01
H15       3.2808058910E-02  1.8837600184E-05  5.9826088754E-01 -6.0368415240E-01  1.4919566864E-01
H16       5.3468470690E-02  3.2765190079E-05  6.0031290211E-01 -6.0575476858E-01  1.5540027064E-01
F17      -6.3807313020E-01  3.7362357206E-05  9.9519013311E+01 -1.0042115814E+02  2.3364287307E-01
--------------------------------------------------------------------------------------------------
Total     3.6097249000E-04  4.6620100296E-04  3.6857131959E+02 -3.7191243703E+02
 
1st Largest |L(A)| = 2.2099318561E-04, atom C1      
2nd Largest |L(A)| = 1.0628265262E-04, atom C10     
 
Molecular charge q(Mol) from the wfn file:   0.0000000000E+00
Molecular energy E(Mol) from the wfn file:  -3.7191235275E+02
Molecular virial ratio (-V(Mol)/T(Mol)) from the wfn file:   2.0090650500E+00
Note.  K_Scaled(A) = (1+V(Mol)/T(Mol))*K(A) = (E(Mol)/T(Mol))*K(A)
       Only use K_Scaled(A) data with caution.
 
N_AIMInt(SumA)     =         59.999639
N_Analytic(Mol)    =         59.999990
 
G_AIMInt(SumA)     =        368.570853
G_Analytic(Mol)    =        368.571213
 
K_AIMInt(SumA)     =        368.571320
K_Analytic(Mol)    =        368.571213
 
L_AIMInt(SumA)     =          0.000466
L_Analytic(Mol)    =          0.000000
 
VenT_AIMInt(SumA)  =      -1536.310853
VenT_Analytic(Mol) =      -1536.315428
 
Some Information About the Atomic Calculations:
----------------------------------------------
  Time(sec) = "Elapsed User Time", in Seconds, for Atom A by AIMInt and, if used, by TWOe
  NProc = Number of Processors Used for AIMInt Job
  BIM = Basin Integration Method
  OAQ = Angular Quadrature Outside of Beta Sphere
  ORQ = Multiple of Default for Radial Quadrature Outside of Beta Sphere
  IAQ = Multiple of Default for Angular Quadrature Inside of Beta Sphere
  IRQ = Multiple of Default for Radial Quadrature Inside of Beta Sphere
  MIR = Maximum Integration Radius
------------------------------------------------------------------------------------------------------
Atom A     Time(sec)   NProc      BIM          OAQ                     ORQ      IAQ      IRQ      MIR
------------------------------------------------------------------------------------------------------
C1             23        8     Proaim(5)    4500(GS4)                  1.00     1.00     1.00    13.00
C2             18        8     Proaim(5)    4500(GS4)                  1.00     1.00     1.00    13.00
H3              4        8     Proaim(5)    1800(GS4)                  1.00     1.00     1.00    13.00
C4             19        8     Proaim(5)    4500(GS4)                  1.00     1.00     1.00    13.00
H5              4        8     Proaim(5)    1800(GS4)                  1.00     1.00     1.00    13.00
C6             21        8     Proaim(5)    4500(GS4)                  1.00     1.00     1.00    13.00
H7             16        8     Proaim(5)    4500(GS4)                  1.00     1.00     1.00    13.00
C8             18        8     Proaim(5)    4500(GS4)                  1.00     1.00     1.00    13.00
H9              5        8     Proaim(5)    1800(GS4)                  1.00     1.00     1.00    13.00
C10            26        8     Proaim(5)    4500(GS4)                  1.00     1.00     1.00    13.00
H11             4        8     Proaim(5)    1800(GS4)                  1.00     1.00     1.00    13.00
H12            11        8     Proaim(5)    4500(GS4)                  1.00     1.00     1.00    13.00
C13            19        8     Proaim(5)    4500(GS4)                  1.00     1.00     1.00    13.00
H14             9        8     Proaim(5)    4500(GS4)                  1.00     1.00     1.00    13.00
H15             4        8     Proaim(5)    1800(GS4)                  1.00     1.00     1.00    13.00
H16             5        8     Proaim(5)    1800(GS4)                  1.00     1.00     1.00    13.00
F17            17        8     Proaim(5)    4500(GS4)                  1.00     1.00     1.00    13.00
------------------------------------------------------------------------------------------------------
Total         223
Note:  Total wall clock time is less than total of atomic times if more than one atom
       was calculated at a time
 
Electron Density Critical Point Analysis of Molecular Structure:               
---------------------------------------------------------------                
  NACP = Nuclear Attractor Critical Point                                      
  NNACP = Non-Nuclear Attractor Critical Point                                 
  BCP = Bond Critical Point                                                    
  RCP = Ring Critical Point                                                    
  CCP = Cage Critical Point                                                    
  Rho = Electron Density                                                       
  GradRho = Gradient of Electron Density                                       
  HessRho_EigVals = Eigenvalues of the Hessian of Rho, Ascending Order         
  HessRho_EigVecs = Eigenvectors of the Hessian of Rho                         
  DelSqRho = Laplacian of Rho = Trace of Hessian of Rho                        
  Bond Ellipticity = (HessRho_EigVal(1) / HessRho_EigVal(2)) - 1               
  V = Virial Field = Potential Energy Density = Trace of Stress Tensor         
  G = Lagrangian Form of Kinetic Energy Density                                
  K = Hamiltonian Form of Kinetic Energy Density                               
  L = K - G = Lagrangian Density = (-1/4)DelSqRho                              
  Vnuc = Electrostatic Potential from Nuclei                                   
  Ven = Electron-nuclear attractive contribution to Virial Field V             
  Vrep = V - Ven = Repulsive contribution to Virial Field V                    
  DelSqV = Laplacian of V                                                      
  DelSqVen = Laplacian of Ven                                                  
  DelSqVrep = Laplacian of Vrep                                                
  DelSqG = Laplacian of G                                                      
  DelSqK = Laplacian of K                                                      
  Stress_EigVals = Eigenvalues of Stress Tensor, Ascending Order               
  Stress_EigVecs = Eigenvectors of Stress Tensor                               
  -DivStress = Ehrenfest Force Density = Minus Divergence of Stress Tensor     
  ESP = Total Electrostatic Potential                                          
  ESPe = Electrostatic Potential from Electrons                                
  ESPn = Electrostatic Potential from Nuclei                                   
  BP = Bond Path                                                               
  BPL = Bond Path Length                                                       
  GBL = Geometric Bond Length                                                  
  GBL_I = Distance Between Nuclear Attractors                                  
  GBL_II = Distance Between Nuclei                                             
  GBL_III = Sum of Distances Between BCP and Nuclear Attractors                
  GBL_IV = Sum of Distances Between BCP and Nuclei                             

CP# 1      Coords =  1.26145786121456E+00 -1.19778561695888E+00 -8.13550798805239E-01
           Type = (3,-3) NACP C1
           Rho =  1.1753519490E+02     Rho at Nucleus =  1.1753519121E+02
           GradRho =  1.4212551817E-11  7.2262367531E-12  1.7283246774E-12
           HessRho_EigVals = -1.4480969743E+05 -1.4480726374E+05 -1.4480689908E+05
           HessRho_EigVec1 =  7.4285966030E-01  4.0614211979E-01 -5.3217300161E-01
           HessRho_EigVec2 = -6.0977073310E-01  7.3859600367E-01 -2.8749886332E-01
           HessRho_EigVec3 =  2.7629545446E-01  5.3807482927E-01  7.9632675451E-01
           DelSqRho = -4.3442386025E+05
           Bond Ellipticity = NA
           V = -1.0861594836E+05
           G =  4.9916480133E+00
           K =  1.0861095671E+05
           L =  1.0860596506E+05
           Vnuc =  8.4085136629E+05
           Ven = -9.8829629219E+07
           Vrep =  9.8721013270E+07
           DelSqV =  2.4918698716E+09
           DelSqVen =  3.6528589747E+11
           DelSqVrep = -3.6279402760E+11
           DelSqG =  1.3382832740E+08
           DelSqK = -2.6256981990E+09
           Stress_EigVals = -3.6205631517E+04 -3.6205488046E+04 -3.6204828796E+04
           Stress_EigVec1 =  2.7239059117E-01  5.2856087567E-01  8.0400669559E-01
           Stress_EigVec2 = -6.0771297123E-01  7.4234937949E-01 -2.8213887251E-01
           Stress_EigVec3 =  7.4598144108E-01  4.1175332359E-01 -5.2342228656E-01
           -DivStress =  4.2752800390E+03  2.4232846980E+03 -3.0485975455E+03
           ESP =  -1.4652976632E+01     ESP at Nucleus =  -1.4652976852E+01
           ESPe = -2.8332075410E+01     ESPe at Nucleus = -2.8332072858E+01
           ESPn =  1.3679098778E+01     ESPn at Nucleus =  1.3679096007E+01

CP# 2      Coords =  3.83255782932858E+00 -1.71425202465105E+00  3.23218618390881E-01
           Type = (3,-3) NACP C2
           Rho =  1.1768107981E+02     Rho at Nucleus =  1.1768107967E+02
           GradRho = -3.9127046048E-10 -2.6583563129E-10 -4.3986037035E-10
           HessRho_EigVals = -1.4500825549E+05 -1.4500760501E+05 -1.4500723990E+05
           HessRho_EigVec1 = -4.1674922615E-02  4.2957255259E-02  9.9820733069E-01
           HessRho_EigVec2 =  8.7633059606E-01 -4.7830560882E-01  5.7170193156E-02
           HessRho_EigVec3 =  4.7990403961E-01  8.7714218847E-01 -1.7711407872E-02
           DelSqRho = -4.3502310040E+05
           Bond Ellipticity = NA
           V = -1.0876611884E+05
           G =  5.1718679118E+00
           K =  1.0876094697E+05
           L =  1.0875577510E+05
           Vnuc =  4.2168219445E+06
           Ven = -4.9624015981E+08
           Vrep =  4.9613139369E+08
           DelSqV =  2.4953184612E+09
           DelSqVen =  1.8344148009E+12
           DelSqVrep = -1.8319194661E+12
           DelSqG =  1.3403381514E+08
           DelSqK = -2.6293522763E+09
           Stress_EigVals = -3.6255646098E+04 -3.6255427501E+04 -3.6255045238E+04
           Stress_EigVec1 =  1.9547187797E-01  9.8030100530E-01 -2.8296358904E-02
           Stress_EigVec2 =  9.5428377568E-01 -1.8347288099E-01  2.3596647518E-01
           Stress_EigVec3 = -2.2612655834E-01  7.3127566254E-02  9.7134913325E-01
           -DivStress =  7.1052865937E+02  4.7039406058E+02  7.7888339915E+02
           ESP =  -1.4737624610E+01     ESP at Nucleus =  -1.4737624626E+01
           ESPe = -2.6719835853E+01     ESPe at Nucleus = -2.6719835545E+01
           ESPn =  1.1982211243E+01     ESPn at Nucleus =  1.1982210919E+01

CP# 3      Coords =  4.52134603768837E+00 -3.56478663342528E+00  7.04988179269036E-01
           Type = (3,-3) NACP H3
           Rho =  4.2278727864E-01     Rho at Nucleus =  4.1899134534E-01
           GradRho = -5.9219169379E-10  1.5785103937E-09 -3.3283577240E-10
           HessRho_EigVals = -6.4416624064E+00 -6.4359158713E+00 -5.8323449145E+00
           HessRho_EigVec1 =  8.4213234035E-01  3.9435026389E-01  3.6783282983E-01
           HessRho_EigVec2 = -4.1401929476E-01  3.5731179719E-02  9.0956654861E-01
           HessRho_EigVec3 = -3.4554470752E-01  9.1826529509E-01 -1.9335900014E-01
           DelSqRho = -1.8709923192E+01
           Bond Ellipticity = NA
           V = -4.6866725372E+00
           G =  4.5958695663E-03
           K =  4.6820766676E+00
           L =  4.6774807981E+00
           Vnuc =  3.9530454673E+01
           Ven = -1.6712973354E+01
           Vrep =  1.2026300817E+01
           DelSqV =  7.0411244822E+02
           DelSqVen =  7.3961177338E+02
           DelSqVrep = -3.5499325159E+01
           DelSqG =  6.9344421034E+01
           DelSqK = -7.7345686926E+02
           Stress_EigVals = -1.6136527729E+00 -1.6134004534E+00 -1.4596193108E+00
           Stress_EigVec1 =  8.7044121694E-01  3.8900314474E-01  3.0167638494E-01
           Stress_EigVec2 = -3.5245703888E-01  6.4653688646E-02  9.3359195385E-01
           Stress_EigVec3 = -3.4366571489E-01  9.1896488177E-01 -1.9338413193E-01
           -DivStress =  2.7487317575E+00 -7.3389936498E+00  1.5473325948E+00
           ESP =  -1.0901395542E+00     ESP at Nucleus =  -1.0927411989E+00
           ESPe = -1.2522082893E+01     ESPe at Nucleus = -1.2430372383E+01
           ESPn =  1.1431943339E+01     ESPn at Nucleus =  1.1337631184E+01

CP# 4      Coords =  5.05255089791718E+00  4.96531915747006E-01  5.80374551979218E-01
           Type = (3,-3) NACP C4
           Rho =  1.1768429058E+02     Rho at Nucleus =  1.1768429040E+02
           GradRho =  7.7276869799E-11  8.4123716229E-10 -1.8924454451E-10
           HessRho_EigVals = -1.4500883861E+05 -1.4500787361E+05 -1.4500750999E+05
           HessRho_EigVec1 = -2.8514419257E-01  7.7519971444E-02  9.5534467260E-01
           HessRho_EigVec2 =  6.7230690686E-01 -6.9423032507E-01  2.5699742944E-01
           HessRho_EigVec3 =  6.8315167601E-01  7.1556614633E-01  1.4583853328E-01
           DelSqRho = -4.3502422220E+05
           Bond Ellipticity = NA
           V = -1.0876629416E+05
           G =  5.1193050929E+00
           K =  1.0876117486E+05
           L =  1.0875605555E+05
           Vnuc =  3.8172921217E+06
           Ven = -4.4923531526E+08
           Vrep =  4.4912654896E+08
           DelSqV =  2.4953197423E+09
           DelSqVen =  1.6606145413E+12
           DelSqVrep = -1.6581192216E+12
           DelSqG =  1.3403044549E+08
           DelSqK = -2.6293501878E+09
           Stress_EigVals = -3.6255724704E+04 -3.6255527272E+04 -3.6255042185E+04
           Stress_EigVec1 =  7.6110013352E-01  6.1684600171E-01  2.0056818523E-01
           Stress_EigVec2 =  5.7020164123E-01 -7.8367346890E-01  2.4642642405E-01
           Stress_EigVec3 = -3.0918711986E-01  7.3190875849E-02  9.4818058438E-01
           -DivStress = -1.7906072250E+02 -1.2311227855E+03  2.8278942743E+02
           ESP =  -1.4728510765E+01     ESP at Nucleus =  -1.4728510784E+01
           ESPe = -2.6099809221E+01     ESPe at Nucleus = -2.6099809986E+01
           ESPn =  1.1371298456E+01     ESPn at Nucleus =  1.1371299202E+01

CP# 5      Coords =  6.94678379942547E+00  7.50791291676108E-01  1.21927059863743E+00
           Type = (3,-3) NACP H5
           Rho =  4.2572851620E-01     Rho at Nucleus =  4.2196934085E-01
           GradRho = -2.6482670580E-09 -3.4259970934E-10 -8.9484801145E-10
           HessRho_EigVals = -6.4967433948E+00 -6.4913200869E+00 -5.8872771122E+00
           HessRho_EigVec1 = -9.6190349087E-02  9.9091529961E-01 -9.3990881162E-02
           HessRho_EigVec2 = -3.2652377995E-01  5.7789505719E-02  9.4342068779E-01
           HessRho_EigVec3 =  9.4028168007E-01  1.2143822309E-01  3.1799861651E-01
           DelSqRho = -1.8875340594E+01
           Bond Ellipticity = NA
           V = -4.7276582858E+00
           G =  4.4115686510E-03
           K =  4.7232467171E+00
           L =  4.7188351485E+00
           Vnuc =  3.9075051208E+01
           Ven = -1.6635363571E+01
           Vrep =  1.1907705285E+01
           DelSqV =  7.1066931418E+02
           DelSqVen =  7.3755490479E+02
           DelSqVrep = -2.6885590603E+01
           DelSqG =  7.0080490011E+01
           DelSqK = -7.8074980419E+02
           Stress_EigVals = -1.6273925045E+00 -1.6267775323E+00 -1.4734882489E+00
           Stress_EigVec1 = -1.0886612436E-01  9.9219115181E-01 -6.0867768506E-02
           Stress_EigVec2 = -3.2278277151E-01  2.2629838416E-02  9.4620250096E-01
           Stress_EigVec3 =  9.4019117704E-01  1.2265646616E-01  3.1779858704E-01
           -DivStress =  7.5058588538E+00  9.7415578911E-01  2.5351305595E+00
           ESP =  -1.0912210430E+00     ESP at Nucleus =  -1.0937884776E+00
           ESPe = -1.1805297422E+01     ESPe at Nucleus = -1.1715602047E+01
           ESPn =  1.0714076379E+01     ESPn at Nucleus =  1.0621813570E+01

CP# 6      Coords =  1.10644341280483E+00  1.65530089940887E+00 -8.80498015049164E-01
           Type = (3,-3) NACP C6
           Rho =  1.1768755720E+02     Rho at Nucleus =  1.1768755705E+02
           GradRho = -1.3376225128E-10 -5.6660160938E-10 -3.2503111314E-10
           HessRho_EigVals = -1.4501719837E+05 -1.4501650282E+05 -1.4501612115E+05
           HessRho_EigVec1 = -2.8793750412E-01  3.2983756540E-01  8.9905460022E-01
           HessRho_EigVec2 = -1.4806393375E-01  9.1219189013E-01 -3.8207725279E-01
           HessRho_EigVec3 =  9.4613374596E-01  2.4313193131E-01  2.1381720870E-01
           DelSqRho = -4.3504982234E+05
           Bond Ellipticity = NA
           V = -1.0877279661E+05
           G =  5.1705100067E+00
           K =  1.0876762610E+05
           L =  1.0876245559E+05
           Vnuc =  4.1854523113E+06
           Ven = -4.9257565831E+08
           Vrep =  4.9246688552E+08
           DelSqV =  2.4954720361E+09
           DelSqVen =  1.8208802406E+12
           DelSqVrep = -1.8183847686E+12
           DelSqG =  1.3404295233E+08
           DelSqK = -2.6295149884E+09
           Stress_EigVals = -3.6257884207E+04 -3.6257651437E+04 -3.6257260961E+04
           Stress_EigVec1 =  9.5204618694E-01  1.8103858813E-02  3.0541825132E-01
           Stress_EigVec2 =  3.3078167860E-02  9.8630594888E-01 -1.6157478151E-01
           Stress_EigVec3 = -3.0416096520E-01  1.6392933083E-01  9.3840997530E-01
           -DivStress =  2.1438824249E+02  1.0021152149E+03  5.5204597218E+02
           ESP =  -1.4739360610E+01     ESP at Nucleus =  -1.4739360625E+01
           ESPe = -2.7286795339E+01     ESPe at Nucleus = -2.7286794686E+01
           ESPn =  1.2547434729E+01     ESPn at Nucleus =  1.2547434061E+01

CP# 7      Coords = -5.29725927629738E-01  2.64872331946767E+00 -1.49356766267519E+00
           Type = (3,-3) NACP H7
           Rho =  4.2148044688E-01     Rho at Nucleus =  4.1760376160E-01
           GradRho =  1.5871960864E-14 -1.0914798796E-14  5.4032299468E-15
           HessRho_EigVals = -6.4171673065E+00 -6.4114953700E+00 -5.8013015512E+00
           HessRho_EigVec1 =  4.5986345940E-01  8.6769289488E-01  1.8877139319E-01
           HessRho_EigVec2 = -3.5527879148E-01 -1.5043839842E-02  9.3463932252E-01
           HessRho_EigVec3 =  8.1381974603E-01 -4.9687294458E-01  3.0135477084E-01
           DelSqRho = -1.8629964228E+01
           Bond Ellipticity = NA
           V = -4.6666574180E+00
           G =  4.5831805416E-03
           K =  4.6620742375E+00
           L =  4.6574910569E+00
           Vnuc =  4.0274001545E+01
           Ven = -1.6974704169E+01
           Vrep =  1.2308046751E+01
           DelSqV =  7.0065552993E+02
           DelSqVen =  7.5030320809E+02
           DelSqVrep = -4.9647678160E+01
           DelSqG =  6.8973240768E+01
           DelSqK = -7.6962877070E+02
           Stress_EigVals = -1.6075274024E+00 -1.6072485042E+00 -1.4518815114E+00
           Stress_EigVec1 =  4.8573921530E-01  8.6695369341E-01  1.1157377920E-01
           Stress_EigVec2 = -3.1628333342E-01  5.5326208849E-02  9.4705008506E-01
           Stress_EigVec3 =  8.1487561488E-01 -4.9530829197E-01  3.0107711334E-01
           -DivStress = -6.5690657211E+00  3.9867832468E+00 -2.4226469140E+00
           ESP =  -1.0932299221E+00     ESP at Nucleus =  -1.0958787882E+00
           ESPe = -1.3626868623E+01     ESPe at Nucleus = -1.3543012850E+01
           ESPn =  1.2533638701E+01     ESPn at Nucleus =  1.2447134062E+01

CP# 8      Coords =  3.35296510148954E+00  2.59622864316074E+00 -1.66274916315099E-01
           Type = (3,-3) NACP C8
           Rho =  1.1768281347E+02     Rho at Nucleus =  1.1768281328E+02
           GradRho =  1.0072333332E-09 -8.4018226838E-11  1.4274248450E-10
           HessRho_EigVals = -1.4500717612E+05 -1.4500624525E+05 -1.4500586693E+05
           HessRho_EigVec1 = -3.1228260637E-01  1.1261734410E-01  9.4329046829E-01
           HessRho_EigVec2 = -5.3850543217E-01  7.9702416643E-01 -2.7343075477E-01
           HessRho_EigVec3 = -7.8261834459E-01 -5.9335471005E-01 -1.8825173248E-01
           DelSqRho = -4.3501928831E+05
           Bond Ellipticity = NA
           V = -1.0876506455E+05
           G =  5.1212375138E+00
           K =  1.0875994331E+05
           L =  1.0875482208E+05
           Vnuc =  3.6644937227E+06
           Ven = -4.3124793125E+08
           Vrep =  4.3113916619E+08
           DelSqV =  2.4952918086E+09
           DelSqVen =  1.5941254840E+12
           DelSqVrep = -1.5916302250E+12
           DelSqG =  1.3402910786E+08
           DelSqK = -2.6293209164E+09
           Stress_EigVals = -3.6255314925E+04 -3.6255112879E+04 -3.6254636748E+04
           Stress_EigVec1 =  6.9728664341E-01  6.9534469706E-01  1.7403186257E-01
           Stress_EigVec2 =  6.4035286696E-01 -7.1338548332E-01  2.8465656142E-01
           Stress_EigVec3 = -3.2208623486E-01  8.7045416099E-02  9.4270013941E-01
           -DivStress = -1.3073993775E+03  1.3290932408E+02 -2.0007564463E+02
           ESP =  -1.4729429698E+01     ESP at Nucleus =  -1.4729429718E+01
           ESPe = -2.6310463321E+01     ESPe at Nucleus = -2.6310464286E+01
           ESPn =  1.1581033623E+01     ESPn at Nucleus =  1.1581034568E+01

CP# 9      Coords =  3.87725505096646E+00  4.54140559507057E+00 -1.22670305002615E-01
           Type = (3,-3) NACP H9
           Rho =  4.2566565895E-01     Rho at Nucleus =  4.2190599832E-01
           GradRho = -1.7262176684E-09 -6.5289073533E-09 -1.3602348653E-10
           HessRho_EigVals = -6.4954468058E+00 -6.4899505960E+00 -5.8860188836E+00
           HessRho_EigVec1 =  9.0511124165E-01 -2.4640932262E-01  3.4649110517E-01
           HessRho_EigVec2 = -3.3994180509E-01  7.0068393720E-02  9.3783260199E-01
           HessRho_EigVec3 =  2.5536877137E-01  9.6662964259E-01  2.0345139082E-02
           DelSqRho = -1.8871416285E+01
           Bond Ellipticity = NA
           V = -4.7266976775E+00
           G =  4.4218030553E-03
           K =  4.7222758744E+00
           L =  4.7178540714E+00
           Vnuc =  3.9326436642E+01
           Ven = -1.6739913567E+01
           Vrep =  1.2013215890E+01
           DelSqV =  7.1051441384E+02
           DelSqVen =  7.4214556773E+02
           DelSqVrep = -3.1631153882E+01
           DelSqG =  7.0061936878E+01
           DelSqK = -7.8057635072E+02
           Stress_EigVals = -1.6270650723E+00 -1.6264639444E+00 -1.4731686608E+00
           Stress_EigVec1 =  8.8978706624E-01 -2.4444119907E-01  3.8539262701E-01
           Stress_EigVec2 = -3.7746665530E-01  8.0460465463E-02  9.2252102287E-01
           Stress_EigVec3 =  2.5651101516E-01  9.6632014037E-01  2.0675720319E-02
           -DivStress =  2.0429024895E+00  7.7142726975E+00  1.6093889208E-01
           ESP =  -1.0920779017E+00     ESP at Nucleus =  -1.0946453571E+00
           ESPe = -1.2062274354E+01     ESPe at Nucleus = -1.1972833942E+01
           ESPn =  1.0970196452E+01     ESPn at Nucleus =  1.0878188585E+01

CP# 10     Coords = -5.78837878819899E+00  1.09317152728544E+00  1.31373179034526E+00
           Type = (3,-3) NACP C10
           Rho =  1.1768464920E+02     Rho at Nucleus =  1.1768464913E+02
           GradRho = -7.1007614719E-11  1.4954590821E-10  1.5582830696E-10
           HessRho_EigVals = -1.4501422913E+05 -1.4501311577E+05 -1.4501292840E+05
           HessRho_EigVec1 =  5.1491676183E-01  6.7524040936E-01 -5.2812036312E-01
           HessRho_EigVec2 =  7.4740257221E-01 -6.5533866710E-01 -1.0918162147E-01
           HessRho_EigVec3 = -4.1982153761E-01 -3.3849907086E-01 -8.4212128318E-01
           DelSqRho = -4.3504027331E+05
           Bond Ellipticity = NA
           V = -1.0877025843E+05
           G =  5.0950494760E+00
           K =  1.0876516338E+05
           L =  1.0876006833E+05
           Vnuc =  6.0461690761E+06
           Ven = -7.1154128671E+08
           Vrep =  7.1143251645E+08
           DelSqV =  2.4954163949E+09
           DelSqVen =  2.6303277302E+12
           DelSqVrep = -2.6278323138E+12
           DelSqG =  1.3404057718E+08
           DelSqK = -2.6294569721E+09
           Stress_EigVals = -3.6257015724E+04 -3.6256907209E+04 -3.6256335493E+04
           Stress_EigVec1 = -3.1399359766E-01 -4.2017744697E-01 -8.5138647728E-01
           Stress_EigVec2 =  7.9648271651E-01 -6.0464334240E-01  4.6594847473E-03
           Stress_EigVec3 =  5.1674297570E-01  6.7665156584E-01 -5.2451821276E-01
           -DivStress =  6.3904435442E+01 -5.4092688729E+02 -5.9359955956E+02
           ESP =  -1.4754641824E+01     ESP at Nucleus =  -1.4754641838E+01
           ESPe = -2.4001830778E+01     ESPe at Nucleus = -2.4001831796E+01
           ESPn =  9.2471889540E+00     ESPn at Nucleus =  9.2471899585E+00

CP# 11     Coords = -6.96247251356120E+00  2.56094558886075E+00  2.05624022085487E+00
           Type = (3,-3) NACP H11
           Rho =  4.2622417153E-01     Rho at Nucleus =  4.2257941189E-01
           GradRho =  3.3275181113E-16 -1.4451178291E-15 -6.8562743102E-16
           HessRho_EigVals = -6.4915431899E+00 -6.4853956419E+00 -5.8954847135E+00
           HessRho_EigVec1 =  6.2433475604E-01  1.0970014019E-01  7.7341579480E-01
           HessRho_EigVec2 = -5.2120778977E-01 -6.7897399753E-01  5.1704617836E-01
           HessRho_EigVec3 = -5.8184925220E-01  7.2592023661E-01  3.6673049750E-01
           DelSqRho = -1.8872423545E+01
           Bond Ellipticity = NA
           V = -4.7271880898E+00
           G =  4.5411017009E-03
           K =  4.7226469881E+00
           L =  4.7181058864E+00
           Vnuc =  3.8436486792E+01
           Ven = -1.6382559739E+01
           Vrep =  1.1655371649E+01
           DelSqV =  7.1083529402E+02
           DelSqVen =  7.2538965833E+02
           DelSqVrep = -1.4554364307E+01
           DelSqG =  6.9970527395E+01
           DelSqK = -7.8080582142E+02
           Stress_EigVals = -1.6262259491E+00 -1.6254643017E+00 -1.4754978390E+00
           Stress_EigVec1 =  6.3074413077E-01  1.1504057711E-01  7.6741612383E-01
           Stress_EigVec2 = -5.1493489258E-01 -6.7778524805E-01  5.2483255799E-01
           Stress_EigVec3 = -5.8052036820E-01  7.2620439488E-01  3.6827065991E-01
           -DivStress = -4.5642441215E+00  5.7031870309E+00  2.8877404484E+00
           ESP =  -1.1181193540E+00     ESP at Nucleus =  -1.1205493598E+00
           ESPe = -1.0744487888E+01     ESPe at Nucleus = -1.0668132867E+01
           ESPn =  9.6263685336E+00     ESPn at Nucleus =  9.5475835068E+00

CP# 12     Coords = -4.12976374064063E+00  6.28009527922489E-01  2.36368185025351E+00
           Type = (3,-3) NACP H12
           Rho =  4.2426289380E-01     Rho at Nucleus =  4.2046455587E-01
           GradRho = -1.3587558745E-14  3.9275901325E-15 -7.1718313525E-15
           HessRho_EigVals = -6.4539760259E+00 -6.4472676814E+00 -5.8445324453E+00
           HessRho_EigVec1 = -2.3004477090E-01  6.9327880345E-01  6.8296698608E-01
           HessRho_EigVec2 = -5.1846362352E-01 -6.8121153654E-01  5.1686198696E-01
           HessRho_EigVec3 =  8.2357444986E-01 -2.3519214097E-01  5.1614899240E-01
           DelSqRho = -1.8745776153E+01
           Bond Ellipticity = NA
           V = -4.6955030652E+00
           G =  4.5295135006E-03
           K =  4.6909735517E+00
           L =  4.6864440382E+00
           Vnuc =  3.9688950878E+01
           Ven = -1.6838549151E+01
           Vrep =  1.2143046086E+01
           DelSqV =  7.0523464783E+02
           DelSqVen =  7.4400018889E+02
           DelSqVrep = -3.8765541065E+01
           DelSqG =  6.9369828010E+01
           DelSqK = -7.7460447584E+02
           Stress_EigVals = -1.6167428224E+00 -1.6160085089E+00 -1.4627517338E+00
           Stress_EigVec1 = -2.2904243595E-01  6.9660219287E-01  6.7991539726E-01
           Stress_EigVec2 = -5.1941896896E-01 -6.7819397159E-01  5.1986235831E-01
           Stress_EigVec3 =  8.2325178240E-01 -2.3409041371E-01  5.1716359209E-01
           -DivStress =  6.5884165735E+00 -1.8923394616E+00  4.1142695236E+00
           ESP =  -1.1219390834E+00     ESP at Nucleus =  -1.1244504435E+00
           ESPe = -1.2692792919E+01     ESPe at Nucleus = -1.2646122643E+01
           ESPn =  1.1570853836E+01     ESPn at Nucleus =  1.1521672199E+01

CP# 13     Coords = -6.35142029489981E+00 -1.19612146174093E-01 -8.18297305459417E-01
           Type = (3,-3) NACP C13
           Rho =  1.1768209044E+02     Rho at Nucleus =  1.1768209036E+02
           GradRho = -1.7536368869E-10 -7.7807578089E-11 -2.1467292408E-10
           HessRho_EigVals = -1.4501073638E+05 -1.4500965588E+05 -1.4500946412E+05
           HessRho_EigVec1 =  5.2100892872E-01  6.7831578360E-01 -5.1810944202E-01
           HessRho_EigVec2 = -8.5047336638E-01  4.6405400249E-01 -2.4768717338E-01
           HessRho_EigVec3 =  7.2420641192E-02  5.6968551017E-01  8.1866578665E-01
           DelSqRho = -4.3502985639E+05
           Bond Ellipticity = NA
           V = -1.0876765221E+05
           G =  5.0940588239E+00
           K =  1.0876255816E+05
           L =  1.0875746410E+05
           Vnuc =  5.7444949149E+06
           Ven = -6.7602417011E+08
           Vrep =  6.7591540246E+08
           DelSqV =  2.4953565324E+09
           DelSqVen =  2.4990266163E+12
           DelSqVrep = -2.4965312598E+12
           DelSqG =  1.3403706180E+08
           DelSqK = -2.6293935942E+09
           Stress_EigVals = -3.6256145959E+04 -3.6256034272E+04 -3.6255471984E+04
           Stress_EigVec1 =  1.5979812215E-01  5.2215845278E-01  8.3774406017E-01
           Stress_EigVec2 = -8.3915032521E-01  5.1880592605E-01 -1.6330077403E-01
           Stress_EigVec3 =  5.1989546244E-01  6.7689804349E-01 -5.2107364820E-01
           -DivStress =  3.6984421267E+02  2.5787017577E+02  7.1820406984E+02
           ESP =  -1.4754120390E+01     ESP at Nucleus =  -1.4754120406E+01
           ESPe = -2.3853867591E+01     ESPe at Nucleus = -2.3853868742E+01
           ESPn =  9.0997472004E+00     ESPn at Nucleus =  9.0997483365E+00

CP# 14     Coords = -5.15846707348358E+00 -1.58829184554580E+00 -1.51941963839572E+00
           Type = (3,-3) NACP H14
           Rho =  4.2493540008E-01     Rho at Nucleus =  4.2117402860E-01
           GradRho =  1.2296140126E-15  1.0954033362E-15 -1.6828850596E-16
           HessRho_EigVals = -6.4660806705E+00 -6.4593003878E+00 -5.8596075705E+00
           HessRho_EigVec1 =  6.1425616664E-01  1.3719660334E-01  7.7708844656E-01
           HessRho_EigVec2 = -5.1835631118E-01 -6.7234947235E-01  5.2844386806E-01
           HessRho_EigVec3 = -5.9497571077E-01  7.2740860530E-01  3.4187808431E-01
           DelSqRho = -1.8784988629E+01
           Bond Ellipticity = NA
           V = -4.7053591118E+00
           G =  4.5559772731E-03
           K =  4.7008031345E+00
           L =  4.6962471572E+00
           Vnuc =  3.9489493536E+01
           Ven = -1.6780483735E+01
           Vrep =  1.2075124623E+01
           DelSqV =  7.0691505357E+02
           DelSqVen =  7.4180968704E+02
           DelSqVrep = -3.4894633470E+01
           DelSqG =  6.9548399382E+01
           DelSqK = -7.7646345295E+02
           Stress_EigVals = -1.6197758807E+00 -1.6190470749E+00 -1.4665361562E+00
           Stress_EigVec1 =  6.1248737462E-01  1.3260348787E-01  7.7927885313E-01
           Stress_EigVec2 = -5.2148340208E-01 -6.7309427890E-01  5.2440361657E-01
           Stress_EigVec3 = -5.9406588632E-01  7.2757158185E-01  3.4311122977E-01
           -DivStress =  4.7489644251E+00 -5.7905156242E+00 -2.7076861263E+00
           ESP =  -1.1208973807E+00     ESP at Nucleus =  -1.1233845189E+00
           ESPe = -1.2322786922E+01     ESPe at Nucleus = -1.2271801140E+01
           ESPn =  1.1201889541E+01     ESPn at Nucleus =  1.1148416621E+01

CP# 15     Coords = -8.00534654177574E+00  3.10365404007136E-01 -1.89692450883339E+00
           Type = (3,-3) NACP H15
           Rho =  4.2618284483E-01     Rho at Nucleus =  4.2253889890E-01
           GradRho =  1.0659582686E-14 -1.3424252487E-15  3.2429164605E-15
           HessRho_EigVals = -6.4905074105E+00 -6.4842420269E+00 -5.8945302052E+00
           HessRho_EigVec1 = -2.4517154965E-01  7.0893100571E-01  6.6129247719E-01
           HessRho_EigVec2 = -5.1876104431E-01 -6.7217488589E-01  5.2826877788E-01
           HessRho_EigVec3 =  8.1901031138E-01 -2.1353630116E-01  5.3256394728E-01
           DelSqRho = -1.8869279642E+01
           Bond Ellipticity = NA
           V = -4.7264369474E+00
           G =  4.5585183917E-03
           K =  4.7218784290E+00
           L =  4.7173199106E+00
           Vnuc =  3.8261069202E+01
           Ven = -1.6306211318E+01
           Vrep =  1.1579774371E+01
           DelSqV =  7.1071594718E+02
           DelSqVen =  7.2195881419E+02
           DelSqVrep = -1.1242867006E+01
           DelSqG =  6.9954657018E+01
           DelSqK = -7.8067060420E+02
           Stress_EigVals = -1.6259565178E+00 -1.6252186448E+00 -1.4752617848E+00
           Stress_EigVec1 = -2.5180116650E-01  7.0290099493E-01  6.6522655079E-01
           Stress_EigVec2 =  5.1645676270E-01  6.7891196148E-01 -5.2187255227E-01
           Stress_EigVec3 =  8.1845499864E-01 -2.1215263346E-01  5.3396879620E-01
           -DivStress = -6.4296885766E+00  1.6716961481E+00 -4.1878315764E+00
           ESP =  -1.1177625374E+00     ESP at Nucleus =  -1.1201927178E+00
           ESPe = -1.0567848291E+01     ESPe at Nucleus = -1.0491416765E+01
           ESPn =  9.4500857534E+00     ESPn at Nucleus =  9.3712240477E+00

CP# 16     Coords =  1.21984467144906E+00 -1.91683338096722E+00 -2.73331790562339E+00
           Type = (3,-3) NACP H16
           Rho =  4.2876470641E-01     Rho at Nucleus =  4.2530549094E-01
           GradRho =  2.0776290539E-12  3.8187127482E-11  1.0236287400E-10
           HessRho_EigVals = -6.5998942702E+00 -6.5934575248E+00 -6.0066638422E+00
           HessRho_EigVec1 =  7.9838803370E-01  5.5924412166E-01 -2.2320967728E-01
           HessRho_EigVec2 = -6.0188020638E-01  7.5214034627E-01 -2.6837495538E-01
           HessRho_EigVec3 =  1.7797887767E-02  3.4861283955E-01  9.3709781949E-01
           DelSqRho = -1.9200015637E+01
           Bond Ellipticity = NA
           V = -4.8089941111E+00
           G =  4.4951009076E-03
           K =  4.8044990102E+00
           L =  4.8000039093E+00
           Vnuc =  4.2841048209E+01
           Ven = -1.8368729458E+01
           Vrep =  1.3559735347E+01
           DelSqV =  7.2489741356E+02
           DelSqVen =  8.2254879572E+02
           DelSqVrep = -9.7651382168E+01
           DelSqG =  7.2038294743E+01
           DelSqK = -7.9693570830E+02
           Stress_EigVals = -1.6522420625E+00 -1.6520668114E+00 -1.5046852373E+00
           Stress_EigVec1 =  8.0681837269E-01  5.4950045399E-01 -2.1701005637E-01
           Stress_EigVec2 = -5.9058968569E-01  7.5994189011E-01 -2.7146297503E-01
           Stress_EigVec3 =  1.5746004386E-02  3.4718521674E-01  9.3766437952E-01
