AIMSum (Version 19.02.13, Professional)
Copyright (c) 1997-2019 by Todd A. Keith
AIMSum is a component of the AIMAll package ( http://aim.tkgristmill.com )

TP:  64-bit Linux

Much of the Quantum Theory of Atoms in Molecules (QTAIM) is described in the book:
  "Atoms in Molecules - A Quantum Theory"
  R.F.W. Bader, Oxford University Press, Oxford, 1990

For additional references see:  http://aim.tkgristmill.com/references.html

Wfn File:  /home/mhennefarth/Documents/ML_Diels/summary-levandowski2018/r_16-opt/r_16-opt.wfn
Sum File:  /home/mhennefarth/Documents/ML_Diels/summary-levandowski2018/r_16-opt/r_16-opt.sum

SumViz File:  /home/mhennefarth/Documents/ML_Diels/summary-levandowski2018/r_16-opt/r_16-opt.sumviz

Wfn Title:   Title Card Required                                                           
 
Total memory allocated for AIMSum =        0.990 Megabytes

Atomic units (a.u.) used throughout, except where stated otherwise

Model:  Restricted SCF
 
Restricted, closed-shell, single-determinant wavefunction.
  Number of electrons (from MO Occs)                   =          68.0000000000
  Number of Alpha electrons (from MO Occs)             =          34.0000000000
  Number of Beta electrons (from MO Occs)              =          34.0000000000
  Number of electron pairs (N*(N-1)/2)                 =        2278.0000000000
  Number of electron pairs (from Muller 2EDM)          =        2278.0000000000
 
Nuclear Charges and Cartesian Coordinates:
-------------------------------------------------------------------------------
Atom      Charge                X                  Y                  Z
-------------------------------------------------------------------------------
C1         6.0           1.0024880100E+00  -7.3650115000E-01  -1.0488450000E-02
H2         1.0          -3.4332120000E-01  -2.3162724600E+00  -2.9029180000E-02
C3         6.0           7.6537031000E-01   9.8296984000E-01   2.2220774200E+00
H4         1.0           7.9144878000E-01   3.4430708000E-01   4.1686588600E+00
C5         6.0           6.0786307000E-01   3.4074156200E+00   1.3962341400E+00
H6         1.0           4.9402257000E-01   5.0814287900E+00   2.5747148600E+00
C7         6.0           7.8538200000E-01   1.0175409700E+00  -2.2180733700E+00
H8         1.0           8.2855856000E-01   4.0916001000E-01  -4.1740231500E+00
C9         6.0           6.2026031000E-01   3.4288756800E+00  -1.3560399100E+00
H10        1.0           5.1687622000E-01   5.1210208600E+00  -2.5093263800E+00
C11        6.0          -6.3321369800E+00  -1.2460957000E+00   1.2501594400E+00
H12        1.0          -5.0963922500E+00  -2.6280740000E-02   2.3485601700E+00
H13        1.0          -7.5665083100E+00  -2.5017812200E+00   2.3109764700E+00
C14        6.0          -6.3298399700E+00  -1.1965575600E+00  -1.2664401400E+00
H15        1.0          -7.5623688300E+00  -2.4096085700E+00  -2.3778324300E+00
H16        1.0          -5.0920879300E+00   6.5189200000E-02  -2.3140629000E+00
Si17      14.0           4.3338379500E+00  -2.1489163200E+00  -6.2407100000E-03
H18        1.0           4.6889712700E+00  -3.7831060800E+00   2.2585553400E+00
H19        1.0           4.7086027300E+00  -3.7503508300E+00  -2.2911841700E+00
H20        1.0           6.2421465400E+00  -9.4763800000E-02   1.6787670000E-02
 
Some Atomic Properties:
----------------------
  q(A) = Net Charge of Atom A
  L(A) = Lagrangian of Atom A = -(1/4) Times Atomic Integral of the Laplacian of the Electron Density
  K(A) = Electronic Kinetic Energy of Atom A (Hamiltonian Form)
  K_Scaled(A) = K(A) * E(Mol)/K(Mol) = Approximation to Virial-Based Total Energy of Atom A.
  |Mu_Intra(A)| = Magnitude of Intraatomic Dipole Moment of Atom A
--------------------------------------------------------------------------------------------------
Atom A          q(A)              L(A)              K(A)          K_Scaled(A)      |Mu_Intra(A)|
--------------------------------------------------------------------------------------------------
C1       -6.5340546370E-01 -3.8658844646E-04  3.7947917143E+01 -3.8207310889E+01  1.1831220821E+00
H2        6.9289439180E-02  3.2366406881E-05  5.7845845269E-01 -5.8241251701E-01  1.4682781683E-01
C3       -8.7221782800E-02 -6.0898716708E-05  3.7737585904E+01 -3.7995541927E+01  1.8444284504E-01
H4        5.1659276860E-02  2.1449991580E-05  5.8955516318E-01 -5.9358507929E-01  1.5017932023E-01
C5       -5.2387607000E-02 -1.3571685028E-05  3.7724048915E+01 -3.7981912406E+01  1.6374397215E-01
H6        4.7165708670E-02  2.2494791907E-05  5.9209114688E-01 -5.9613839776E-01  1.4930797562E-01
C7       -8.7041709400E-02  1.0462933239E-04  3.7737602438E+01 -3.7995558574E+01  1.8424146327E-01
H8        5.1716328890E-02  2.0788057896E-05  5.8954050239E-01 -5.9357031828E-01  1.5016054094E-01
C9       -5.2463609000E-02  2.2507367149E-05  3.7724065067E+01 -3.7981928668E+01  1.6370525864E-01
H10       4.7156816510E-02  1.9163050574E-05  5.9209091445E-01 -5.9613816374E-01  1.4930389313E-01
C11      -8.5610303900E-02 -1.3658903264E-04  3.7696039577E+01 -3.7953711610E+01  9.5490650022E-02
H12       4.8507175520E-02  2.6626687641E-05  5.9227954775E-01 -5.9632808644E-01  1.4358722956E-01
H13       3.5993982400E-02  1.7543974244E-05  5.9714016835E-01 -6.0122193191E-01  1.4810282549E-01
C14      -8.5439643100E-02 -4.5053263653E-05  3.7696056920E+01 -3.7953729071E+01  9.5708141733E-02
H15       3.5993853930E-02  2.2156087075E-05  5.9714216292E-01 -6.0122394012E-01  1.4809616662E-01
H16       4.8919227710E-02  2.3524650036E-05  5.9211893642E-01 -5.9616637725E-01  1.4343736693E-01
Si17      2.6870256650E+00 -1.9403801039E-05  2.8762010064E+02 -2.8958613359E+02  2.2299920587E-02
H18      -6.7620332130E-01  2.2422306479E-05  7.8725236408E-01 -7.9263364336E-01  3.8414734130E-01
H19      -6.7619563680E-01  2.4480627085E-05  7.8724998398E-01 -7.9263124699E-01  3.8413311939E-01
H20      -6.6794348830E-01  2.4405206772E-05  7.8576110534E-01 -7.9113219109E-01  3.9233181946E-01
--------------------------------------------------------------------------------------------------
Total    -4.8509063000E-04 -2.5754640782E-04  5.5956409705E+02 -5.6338900863E+02
 
1st Largest |L(A)| = 3.8658844646E-04, atom C1      
2nd Largest |L(A)| = 1.3658903264E-04, atom C11     
 
Molecular charge q(Mol) from the wfn file:   0.0000000000E+00
Molecular energy E(Mol) from the wfn file:  -5.6338902647E+02
Molecular virial ratio (-V(Mol)/T(Mol)) from the wfn file:   2.0068355200E+00
Note.  K_Scaled(A) = (1+V(Mol)/T(Mol))*K(A) = (E(Mol)/T(Mol))*K(A)
       Only use K_Scaled(A) data with caution.
 
N_AIMInt(SumA)     =         68.000485
N_Analytic(Mol)    =         67.999990
 
G_AIMInt(SumA)     =        559.564355
G_Analytic(Mol)    =        559.564092
 
K_AIMInt(SumA)     =        559.564097
K_Analytic(Mol)    =        559.564092
 
L_AIMInt(SumA)     =         -0.000258
L_Analytic(Mol)    =          0.000000
 
VenT_AIMInt(SumA)  =      -2115.868814
VenT_Analytic(Mol) =      -2115.860797
 
Some Information About the Atomic Calculations:
----------------------------------------------
  Time(sec) = "Elapsed User Time", in Seconds, for Atom A by AIMInt and, if used, by TWOe
  NProc = Number of Processors Used for AIMInt Job
  BIM = Basin Integration Method
  OAQ = Angular Quadrature Outside of Beta Sphere
  ORQ = Multiple of Default for Radial Quadrature Outside of Beta Sphere
  IAQ = Multiple of Default for Angular Quadrature Inside of Beta Sphere
  IRQ = Multiple of Default for Radial Quadrature Inside of Beta Sphere
  MIR = Maximum Integration Radius
------------------------------------------------------------------------------------------------------
Atom A     Time(sec)   NProc      BIM          OAQ                     ORQ      IAQ      IRQ      MIR
------------------------------------------------------------------------------------------------------
C1             37        8     Proaim(5)    4500(GS4)                  1.00     1.00     1.00    13.00
H2             13        8     Proaim(5)    4500(GS4)                  1.00     1.00     1.00    13.00
C3             30        8     Proaim(5)    4500(GS4)                  1.00     1.00     1.00    13.00
H4              6        8     Proaim(5)    1800(GS4)                  1.00     1.00     1.00    13.00
C5             22        8     Proaim(5)    4500(GS4)                  1.00     1.00     1.00    13.00
H6              5        8     Proaim(5)    1800(GS4)                  1.00     1.00     1.00    13.00
C7             30        8     Proaim(5)    4500(GS4)                  1.00     1.00     1.00    13.00
H8              6        8     Proaim(5)    1800(GS4)                  1.00     1.00     1.00    13.00
C9             22        8     Proaim(5)    4500(GS4)                  1.00     1.00     1.00    13.00
H10             5        8     Proaim(5)    1800(GS4)                  1.00     1.00     1.00    13.00
C11            25        8     Proaim(5)    4500(GS4)                  1.00     1.00     1.00    13.00
H12            13        8     Proaim(5)    4500(GS4)                  1.00     1.00     1.00    13.00
H13             5        8     Proaim(5)    1800(GS4)                  1.00     1.00     1.00    13.00
C14            27        8     Proaim(5)    4500(GS4)                  1.00     1.00     1.00    13.00
H15             4        8     Proaim(5)    1800(GS4)                  1.00     1.00     1.00    13.00
H16            12        8     Proaim(5)    4500(GS4)                  1.00     1.00     1.00    13.00
Si17           31        8     Proaim(5)    4500(GS4)                  1.00     1.00     1.00    13.00
H18             9        8     Proaim(5)    1800(GS4)                  1.00     1.00     1.00    13.00
H19             9        8     Proaim(5)    1800(GS4)                  1.00     1.00     1.00    13.00
H20             9        8     Proaim(5)    1800(GS4)                  1.00     1.00     1.00    13.00
------------------------------------------------------------------------------------------------------
Total         320
Note:  Total wall clock time is less than total of atomic times if more than one atom
       was calculated at a time
 
Electron Density Critical Point Analysis of Molecular Structure:               
---------------------------------------------------------------                
  NACP = Nuclear Attractor Critical Point                                      
  NNACP = Non-Nuclear Attractor Critical Point                                 
  BCP = Bond Critical Point                                                    
  RCP = Ring Critical Point                                                    
  CCP = Cage Critical Point                                                    
  Rho = Electron Density                                                       
  GradRho = Gradient of Electron Density                                       
  HessRho_EigVals = Eigenvalues of the Hessian of Rho, Ascending Order         
  HessRho_EigVecs = Eigenvectors of the Hessian of Rho                         
  DelSqRho = Laplacian of Rho = Trace of Hessian of Rho                        
  Bond Ellipticity = (HessRho_EigVal(1) / HessRho_EigVal(2)) - 1               
  V = Virial Field = Potential Energy Density = Trace of Stress Tensor         
  G = Lagrangian Form of Kinetic Energy Density                                
  K = Hamiltonian Form of Kinetic Energy Density                               
  L = K - G = Lagrangian Density = (-1/4)DelSqRho                              
  Vnuc = Electrostatic Potential from Nuclei                                   
  Ven = Electron-nuclear attractive contribution to Virial Field V             
  Vrep = V - Ven = Repulsive contribution to Virial Field V                    
  DelSqV = Laplacian of V                                                      
  DelSqVen = Laplacian of Ven                                                  
  DelSqVrep = Laplacian of Vrep                                                
  DelSqG = Laplacian of G                                                      
  DelSqK = Laplacian of K                                                      
  Stress_EigVals = Eigenvalues of Stress Tensor, Ascending Order               
  Stress_EigVecs = Eigenvectors of Stress Tensor                               
  -DivStress = Ehrenfest Force Density = Minus Divergence of Stress Tensor     
  ESP = Total Electrostatic Potential                                          
  ESPe = Electrostatic Potential from Electrons                                
  ESPn = Electrostatic Potential from Nuclei                                   
  BP = Bond Path                                                               
  BPL = Bond Path Length                                                       
  GBL = Geometric Bond Length                                                  
  GBL_I = Distance Between Nuclear Attractors                                  
  GBL_II = Distance Between Nuclei                                             
  GBL_III = Sum of Distances Between BCP and Nuclear Attractors                
  GBL_IV = Sum of Distances Between BCP and Nuclei                             

CP# 1      Coords =  1.00248818619190E+00 -7.36501004651464E-01 -1.04884483369520E-02
           Type = (3,-3) NACP C1
           Rho =  1.1756601691E+02     Rho at Nucleus =  1.1756601691E+02
           GradRho =  7.7916562091E-12  7.7278045074E-12 -1.5687104393E-14
           HessRho_EigVals = -1.4487475256E+05 -1.4487457913E+05 -1.4487425275E+05
           HessRho_EigVec1 = -4.3750502482E-03 -7.7016903835E-03  9.9996077068E-01
           HessRho_EigVec2 =  7.4604273049E-01  6.6584518567E-01  8.3924371262E-03
           HessRho_EigVec3 = -6.6588370097E-01  7.4605018108E-01  2.8326839783E-03
           DelSqRho = -4.3462358444E+05
           Bond Ellipticity = NA
           V = -1.0866631844E+05
           G =  5.2111667248E+00
           K =  1.0866110728E+05
           L =  1.0865589611E+05
           Vnuc =  2.6268209227E+07
           Ven = -3.0882487302E+09
           Vrep =  3.0881400638E+09
           DelSqV =  2.4930482074E+09
           DelSqVen =  1.1416803213E+13
           DelSqVrep = -1.1414310165E+13
           DelSqG =  1.3391877963E+08
           DelSqK = -2.6269669870E+09
           Stress_EigVals = -3.6222179510E+04 -3.6222099907E+04 -3.6222039027E+04
           Stress_EigVec1 =  7.4480569990E-02  9.9718897796E-01  8.1723268306E-03
           Stress_EigVec2 =  9.9721177008E-01 -7.4515224378E-02  4.0208137494E-03
           Stress_EigVec3 = -4.6184739208E-03 -7.8500680046E-03  9.9995852221E-01
           -DivStress = -1.4042520980E+02 -1.2059848959E+02 -1.3589528682E+00
           ESP =  -1.4732886384E+01     ESP at Nucleus =  -1.4732886384E+01
           ESPe = -2.9536206125E+01     ESPe at Nucleus = -2.9536205908E+01
           ESPn =  1.4803319741E+01     ESPn at Nucleus =  1.4803319524E+01

CP# 2      Coords = -3.20846080409688E-01 -2.29052438046562E+00 -2.87242457080957E-02
           Type = (3,-3) NACP H2
           Rho =  4.1143584265E-01     Rho at Nucleus =  4.0801626299E-01
           GradRho =  4.9829931847E-16  1.3348697148E-15  1.1457814678E-17
           HessRho_EigVals = -6.2678079334E+00 -6.2637438881E+00 -5.7091590811E+00
           HessRho_EigVec1 = -4.8146631962E-03 -7.6398647015E-03  9.9995922491E-01
           HessRho_EigVec2 =  7.5429448029E-01 -6.5653478273E-01 -1.3842194802E-03
           HessRho_EigVec3 =  6.5651858772E-01  7.5425705932E-01  8.9237016300E-03
           DelSqRho = -1.8240710903E+01
           Bond Ellipticity = NA
           V = -4.5706509814E+00
           G =  5.2366278440E-03
           K =  4.5654143535E+00
           L =  4.5601777257E+00
           Vnuc =  4.3811861816E+01
           Ven = -1.8025770284E+01
           Vrep =  1.3455119303E+01
           DelSqV =  6.8772581872E+02
           DelSqVen =  7.9915950549E+02
           DelSqVrep = -1.1143368677E+02
           DelSqG =  6.7746938117E+01
           DelSqK = -7.5547275683E+02
           Stress_EigVals = -1.5706489571E+00 -1.5705745334E+00 -1.4294274908E+00
           Stress_EigVec1 = -7.2014212485E-03 -5.5725025877E-03  9.9995854251E-01
           Stress_EigVec2 =  7.5532528462E-01 -6.5534763220E-01  1.7875632858E-03
           Stress_EigVec3 =  6.5531050193E-01  7.5530684373E-01  8.9284864668E-03
           -DivStress = -4.9186296155E+00 -5.6330829419E+00 -6.6721671884E-02
           ESP =  -1.0867169703E+00     ESP at Nucleus =  -1.0890127529E+00
           ESPe = -1.5640641361E+01     ESPe at Nucleus = -1.5554140258E+01
           ESPn =  1.4553924390E+01     ESPn at Nucleus =  1.4465127505E+01

CP# 3      Coords =  7.65370978647066E-01  9.82968291155411E-01  2.22207711252273E+00
           Type = (3,-3) NACP C3
           Rho =  1.1768812128E+02     Rho at Nucleus =  1.1768812107E+02
           GradRho =  4.5839020080E-10 -1.0440861509E-09 -2.1867574418E-10
           HessRho_EigVals = -1.4502115030E+05 -1.4502054394E+05 -1.4502017013E+05
           HessRho_EigVec1 =  9.6654994375E-01 -1.3582348775E-01 -2.1756191400E-01
           HessRho_EigVec2 =  2.5640939047E-01  4.9203206563E-01  8.3196073878E-01
           HessRho_EigVec3 =  5.9523712646E-03  8.5991652303E-01 -5.1039998306E-01
           DelSqRho = -4.3506186437E+05
           Bond Ellipticity = NA
           V = -1.0877570571E+05
           G =  5.1198092293E+00
           K =  1.0877058590E+05
           L =  1.0876546609E+05
           Vnuc =  3.4989570123E+06
           Ven = -4.1178567721E+08
           Vrep =  4.1167690150E+08
           DelSqV =  2.4955432248E+09
           DelSqVen =  1.5222627041E+12
           DelSqVrep = -1.5197671609E+12
           DelSqG =  1.3404969849E+08
           DelSqK = -2.6295929233E+09
           Stress_EigVals = -3.6258833505E+04 -3.6258620277E+04 -3.6258251928E+04
           Stress_EigVec1 = -3.5736934475E-02  7.3762987820E-01 -6.7425887781E-01
           Stress_EigVec2 =  5.4652964013E-02  6.7512270192E-01  7.3567818432E-01
           Stress_EigVec3 =  9.9786568487E-01 -1.0559363116E-02 -6.4440474949E-02
           -DivStress = -5.3646477541E+02  1.2562337140E+03  2.5373467789E+02
           ESP =  -1.4741560143E+01     ESP at Nucleus =  -1.4741560162E+01
           ESPe = -2.8394780869E+01     ESPe at Nucleus = -2.8394780503E+01
           ESPn =  1.3653220725E+01     ESPn at Nucleus =  1.3653220341E+01

CP# 4      Coords =  7.91085447812703E-01  3.55095367640312E-01  4.13512417713562E+00
           Type = (3,-3) NACP H4
           Rho =  4.2458516480E-01     Rho at Nucleus =  4.2084561683E-01
           GradRho = -4.2977859986E-11  1.2574360268E-09 -3.9115392756E-09
           HessRho_EigVals = -6.4721936988E+00 -6.4656358883E+00 -5.8670311715E+00
           HessRho_EigVec1 = -1.0616850913E-01  9.4611987746E-01  3.0591735018E-01
           HessRho_EigVec2 =  9.9428994442E-01  1.0434202637E-01  2.2366223546E-02
           HessRho_EigVec3 =  1.0758907537E-02 -3.0654513371E-01  9.5179531776E-01
           DelSqRho = -1.8804860759E+01
           Bond Ellipticity = NA
           V = -4.7106489402E+00
           G =  4.7168752675E-03
           K =  4.7059320649E+00
           L =  4.7012151896E+00
           Vnuc =  4.1425987127E+01
           Ven = -1.7588859571E+01
           Vrep =  1.2878210631E+01
           DelSqV =  7.0801544514E+02
           DelSqVen =  7.7900992631E+02
           DelSqVrep = -7.0994481170E+01
           DelSqG =  6.9753905921E+01
           DelSqK = -7.7776935106E+02
           Stress_EigVals = -1.6213233629E+00 -1.6209586619E+00 -1.4683669154E+00
           Stress_EigVec1 = -1.6700053532E-02  9.5121696310E-01  3.0807044214E-01
           Stress_EigVec2 =  9.9980551463E-01  1.9119290946E-02 -4.8358688487E-03
           Stress_EigVec3 =  1.0490048895E-02 -3.0792976768E-01  9.5135125850E-01
           -DivStress =  8.1108811177E-02 -2.4343387407E+00  7.5635276454E+00
           ESP =  -1.0990474085E+00     ESP at Nucleus =  -1.1015896435E+00
           ESPe = -1.4139463081E+01     ESPe at Nucleus = -1.4046428462E+01
           ESPn =  1.3040415673E+01     ESPn at Nucleus =  1.2944838818E+01

CP# 5      Coords =  6.07863237645670E-01  3.40741651051900E+00  1.39623351454295E+00
           Type = (3,-3) NACP C5
           Rho =  1.1767152431E+02     Rho at Nucleus =  1.1767152422E+02
           GradRho =  4.5581315632E-11  2.4340129912E-10 -1.5728396363E-10
           HessRho_EigVals = -1.4499272604E+05 -1.4499186594E+05 -1.4499163303E+05
           HessRho_EigVec1 =  9.9853529715E-01  5.3352370545E-02 -8.9880417717E-03
           HessRho_EigVec2 =  5.2942343197E-03  6.8975924289E-02  9.9760427673E-01
           HessRho_EigVec3 = -5.3844511518E-02  9.9619066771E-01 -6.8592435105E-02
           DelSqRho = -4.3497622500E+05
           Bond Ellipticity = NA
           V = -1.0875431352E+05
           G =  5.1286351949E+00
           K =  1.0874918489E+05
           L =  1.0874405625E+05
           Vnuc =  5.4493238747E+06
           Ven = -6.4123024678E+08
           Vrep =  6.4112149247E+08
           DelSqV =  2.4950456158E+09
           DelSqVen =  2.3703260303E+12
           DelSqVrep = -2.3678310441E+12
           DelSqG =  1.3401541752E+08
           DelSqK = -2.6290610334E+09
           Stress_EigVals = -3.6251690174E+04 -3.6251546265E+04 -3.6251077082E+04
           Stress_EigVec1 = -6.0918322806E-02  9.8906712725E-01  1.3429510693E-01
           Stress_EigVec2 =  8.2323823440E-03 -1.3404254611E-01  9.9094138258E-01
           Stress_EigVec3 =  9.9810880460E-01  6.1472055693E-02  2.3268338598E-05
           -DivStress = -1.3816857666E+02 -7.1793899347E+02  5.1199041224E+02
           ESP =  -1.4743669454E+01     ESP at Nucleus =  -1.4743669465E+01
           ESPe = -2.7603897575E+01     ESPe at Nucleus = -2.7603898437E+01
           ESPn =  1.2860228121E+01     ESPn at Nucleus =  1.2860228972E+01

CP# 6      Coords =  4.95968107160285E-01  5.05289180586422E+00  2.55453920868964E+00
           Type = (3,-3) NACP H6
           Rho =  4.2624248979E-01     Rho at Nucleus =  4.2253052169E-01
           GradRho =  3.2656169435E-16 -8.9390300717E-15 -3.4364872059E-15
           HessRho_EigVals = -6.5060611616E+00 -6.5003672445E+00 -5.9013689691E+00
           HessRho_EigVec1 =  4.8269331542E-02 -5.7518788930E-01  8.1659596107E-01
           HessRho_EigVec2 =  9.9728582313E-01  7.3259790985E-02 -7.3477898225E-03
           HessRho_EigVec3 = -5.5597289708E-02  8.1473424810E-01  5.7716292877E-01
           DelSqRho = -1.8907797375E+01
           Bond Ellipticity = NA
           V = -4.7358730661E+00
           G =  4.4618611421E-03
           K =  4.7314112049E+00
           L =  4.7269493438E+00
           Vnuc =  4.0590363584E+01
           Ven = -1.7301337635E+01
           Vrep =  1.2565464569E+01
           DelSqV =  7.1213479294E+02
           DelSqVen =  7.6747437003E+02
           DelSqVrep = -5.5339577092E+01
           DelSqG =  7.0236384931E+01
           DelSqK = -7.8237117787E+02
           Stress_EigVals = -1.6296919907E+00 -1.6291996023E+00 -1.4769814731E+00
           Stress_EigVec1 =  7.1248238952E-02 -5.7254437018E-01  8.1677208119E-01
           Stress_EigVec2 =  9.9590204924E-01  8.6561478334E-02 -2.6195777958E-02
           Stress_EigVec3 = -5.5702753618E-02  8.1529139247E-01  5.7636546444E-01
           -DivStress = -4.4101434855E-01  6.4717870280E+00  4.5747706989E+00
           ESP =  -1.1031719713E+00     ESP at Nucleus =  -1.1057075425E+00
           ESPe = -1.3124456364E+01     ESPe at Nucleus = -1.3032057600E+01
           ESPn =  1.2021284393E+01     ESPn at Nucleus =  1.1926350058E+01

CP# 7      Coords =  7.85382665259498E-01  1.01753941749167E+00 -2.21807307911652E+00
           Type = (3,-3) NACP C7
           Rho =  1.1768818303E+02     Rho at Nucleus =  1.1768818282E+02
           GradRho =  4.6322162772E-10 -1.0515031623E-09  1.9613888291E-10
           HessRho_EigVals = -1.4502123055E+05 -1.4502062355E+05 -1.4502024967E+05
           HessRho_EigVec1 =  9.6477636393E-01 -1.3893274957E-01  2.2339261112E-01
           HessRho_EigVec2 = -2.6306829152E-01 -5.0537396554E-01  8.2182250453E-01
           HessRho_EigVec3 =  1.2812504564E-03  8.5164244026E-01  5.2412165797E-01
           DelSqRho = -4.3506210376E+05
           Bond Ellipticity = NA
           V = -1.0877576530E+05
           G =  5.1196804535E+00
           K =  1.0877064562E+05
           L =  1.0876552594E+05
           Vnuc =  3.5007939861E+06
           Ven = -4.1200208338E+08
           Vrep =  4.1189330761E+08
           DelSqV =  2.4955445915E+09
           DelSqVen =  1.5230628332E+12
           DelSqVrep = -1.5205672886E+12
           DelSqG =  1.3404977569E+08
           DelSqK = -2.6295943672E+09
           Stress_EigVals = -3.6258853454E+04 -3.6258640204E+04 -3.6258271642E+04
           Stress_EigVec1 = -4.1720969100E-02  7.2695509278E-01  6.8541640906E-01
           Stress_EigVec2 = -6.0954526119E-02 -6.8658781159E-01  7.2448721363E-01
           Stress_EigVec3 =  9.9726822194E-01 -1.1552923755E-02  7.2956312062E-02
           -DivStress = -5.3367423741E+02  1.2592739665E+03 -2.4022146177E+02
           ESP =  -1.4741547032E+01     ESP at Nucleus =  -1.4741547051E+01
           ESPe = -2.8389281097E+01     ESPe at Nucleus = -2.8389280729E+01
           ESPn =  1.3647734064E+01     ESPn at Nucleus =  1.3647733677E+01

CP# 8      Coords =  8.27900853799830E-01  4.19427387841553E-01 -4.14032774511280E+00
           Type = (3,-3) NACP H8
           Rho =  4.2458128151E-01     Rho at Nucleus =  4.2084139215E-01
           GradRho = -8.9914691469E-11  1.3916244442E-09  4.5705447465E-09
           HessRho_EigVals = -6.4720926753E+00 -6.4655378314E+00 -5.8668970702E+00
           HessRho_EigVec1 = -1.0340303412E-01  9.5077445251E-01 -2.9212283887E-01
           HessRho_EigVec2 =  9.9445590292E-01  1.0446795789E-01 -1.1995954191E-02
           HessRho_EigVec3 = -1.9112029652E-02  2.9174369956E-01  9.5630557046E-01
           DelSqRho = -1.8804527577E+01
           Bond Ellipticity = NA
           V = -4.7105647547E+00
           G =  4.7164302140E-03
           K =  4.7058483244E+00
           L =  4.7011318942E+00
           Vnuc =  4.1415709501E+01
           Ven = -1.7584335015E+01
           Vrep =  1.2873770260E+01
           DelSqV =  7.0800075272E+02
           DelSqVen =  7.7880285911E+02
           DelSqVrep = -7.0802106393E+01
           DelSqG =  6.9752059112E+01
           DelSqK = -7.7775281183E+02
           Stress_EigVals = -1.6212981527E+00 -1.6209334118E+00 -1.4683331902E+00
           Stress_EigVec1 = -1.3657686874E-02  9.5589024169E-01 -2.9340639638E-01
           Stress_EigVec2 =  9.9972931050E-01  1.8581616524E-02  1.4001044556E-02
           Stress_EigVec3 = -1.8835427008E-02  2.9313575247E-01  9.5588527414E-01
           -DivStress =  1.4748765222E-01 -2.3168108032E+00 -7.5996655391E+00
           ESP =  -1.0990562187E+00     ESP at Nucleus =  -1.1015987084E+00
           ESPe = -1.4130770208E+01     ESPe at Nucleus = -1.4037696736E+01
           ESPn =  1.3031713989E+01     ESPn at Nucleus =  1.2936098027E+01

CP# 9      Coords =  6.20260470718665E-01  3.42887656005037E+00 -1.35603926991093E+00
           Type = (3,-3) NACP C9
           Rho =  1.1767155436E+02     Rho at Nucleus =  1.1767155427E+02
           GradRho =  5.0102947832E-11  2.5870761089E-10  1.6997625529E-10
           HessRho_EigVals = -1.4499278312E+05 -1.4499192336E+05 -1.4499169066E+05
           HessRho_EigVec1 =  9.9841307977E-01  5.3077492048E-02  1.8817597709E-02
           HessRho_EigVec2 = -1.4267260390E-02 -8.4842129945E-02  9.9629225545E-01
           HessRho_EigVec3 = -5.4477219336E-02  9.9497969468E-01  8.3950221853E-02
           DelSqRho = -4.3497639714E+05
           Bond Ellipticity = NA
           V = -1.0875435665E+05
           G =  5.1286814811E+00
           K =  1.0874922797E+05
           L =  1.0874409928E+05
           Vnuc =  5.4544835754E+06
           Ven = -6.4183756053E+08
           Vrep =  6.4172880618E+08
           DelSqV =  2.4950466099E+09
           DelSqVen =  2.3725722583E+12
           DelSqVrep = -2.3700772148E+12
           DelSqG =  1.3401549050E+08
           DelSqK = -2.6290621003E+09
           Stress_EigVals = -3.6251704476E+04 -3.6251560642E+04 -3.6251091529E+04
           Stress_EigVec1 = -5.9768408201E-02  9.9103763574E-01 -1.1946607016E-01
           Stress_EigVec2 = -1.7178418691E-02  1.1864112962E-01  9.9278858993E-01
           Stress_EigVec3 =  9.9806444647E-01  6.1389631873E-02  9.9334679813E-03
           -DivStress = -1.3251628774E+02 -7.0938353734E+02 -5.2380961961E+02
           ESP =  -1.4743668262E+01     ESP at Nucleus =  -1.4743668273E+01
           ESPe = -2.7601458988E+01     ESPe at Nucleus = -2.7601459848E+01
           ESPn =  1.2857790725E+01     ESPn at Nucleus =  1.2857791574E+01

CP# 10     Coords =  5.18642794980484E-01  5.09217385794608E+00 -2.48958031859971E+00
           Type = (3,-3) NACP H10
           Rho =  4.2624082962E-01     Rho at Nucleus =  4.2252894501E-01
           GradRho =  6.8933574127E-16 -9.1801566349E-15  4.5605880183E-15
           HessRho_EigVals = -6.5060376200E+00 -6.5003438719E+00 -5.9013561424E+00
           HessRho_EigVec1 = -5.5655494686E-02  5.6242618525E-01  8.2497227351E-01
           HessRho_EigVec2 =  9.9717326944E-01  7.3082199330E-02  1.7448864019E-02
           HessRho_EigVec3 = -5.0477090107E-02  8.2361142433E-01 -5.6490378392E-01
           DelSqRho = -1.8907737634E+01
           Bond Ellipticity = NA
           V = -4.7358579955E+00
           G =  4.4617934589E-03
           K =  4.7313962020E+00
           L =  4.7269344086E+00
           Vnuc =  4.0587605531E+01
           Ven = -1.7300094654E+01
           Vrep =  1.2564236658E+01
           DelSqV =  7.1213290092E+02
           DelSqVen =  7.6741979659E+02
           DelSqVrep = -5.5286895671E+01
           DelSqG =  7.0236210419E+01
           DelSqK = -7.8236911133E+02
           Stress_EigVals = -1.6296861265E+00 -1.6291936211E+00 -1.4769782479E+00
           Stress_EigVec1 = -7.8635259964E-02  5.5978188816E-01  8.2490043859E-01
           Stress_EigVec2 =  9.9561895257E-01  8.6090199064E-02  3.6488065188E-02
           Stress_EigVec3 = -5.0590484940E-02  8.2415575914E-01 -5.6409918234E-01
           -DivStress = -4.0043741812E-01  6.5420622308E+00 -4.4773314204E+00
           ESP =  -1.1031602137E+00     ESP at Nucleus =  -1.1056957013E+00
           ESPe = -1.3121404068E+01     ESPe at Nucleus = -1.3029003427E+01
           ESPn =  1.2018243855E+01     ESPn at Nucleus =  1.1923307725E+01

CP# 11     Coords = -6.33213709328960E+00 -1.24609587546368E+00  1.25016038613587E+00
           Type = (3,-3) NACP C11
           Rho =  1.1768185211E+02     Rho at Nucleus =  1.1768185204E+02
           GradRho = -4.4797007250E-11 -2.9527835038E-11  2.0659873812E-10
           HessRho_EigVals = -1.4501036504E+05 -1.4500929109E+05 -1.4500909800E+05
           HessRho_EigVec1 =  7.0934557894E-01 -7.0471025369E-01 -1.4570792213E-02
           HessRho_EigVec2 =  6.9980048647E-01  7.0657510778E-01 -1.0502807341E-01
           HessRho_EigVec3 =  8.4309719337E-02  6.4304552062E-02  9.9436250724E-01
           DelSqRho = -4.3502875414E+05
           Bond Ellipticity = NA
           V = -1.0876737357E+05
           G =  5.0925194265E+00
           K =  1.0876228105E+05
           L =  1.0875718853E+05
           Vnuc =  6.1925072174E+06
           Ven = -7.2874571856E+08
           Vrep =  7.2863695118E+08
           DelSqV =  2.4953501166E+09
           DelSqVen =  2.6939183596E+12
           DelSqVrep = -2.6914230094E+12
           DelSqG =  1.3403663891E+08
           DelSqK = -2.6293867555E+09
           Stress_EigVals = -3.6256054323E+04 -3.6255939593E+04 -3.6255379657E+04
           Stress_EigVec1 =  4.0618714689E-02  2.1324644517E-02  9.9894713551E-01
           Stress_EigVec2 =  7.0445764378E-01  7.0839531311E-01 -4.3766522490E-02
           Stress_EigVec3 =  7.0858277438E-01 -7.0549368523E-01 -1.3751798280E-02
           -DivStress =  9.2724137691E+01  1.4190977974E+02 -7.6817653506E+02
           ESP =  -1.4747634698E+01     ESP at Nucleus =  -1.4747634712E+01
           ESPe = -2.4492372794E+01     ESPe at Nucleus = -2.4492373759E+01
           ESPn =  9.7447380962E+00     ESPn at Nucleus =  9.7447390468E+00

CP# 12     Coords = -5.11768192251898E+00 -4.72870198637270E-02  2.32984641056321E+00
           Type = (3,-3) NACP H12
           Rho =  4.2454243165E-01     Rho at Nucleus =  4.2079828419E-01
           GradRho = -2.9612208215E-10 -2.9217660558E-10 -2.6026359366E-10
           HessRho_EigVals = -6.4610473895E+00 -6.4544729045E+00 -5.8567865505E+00
           HessRho_EigVec1 = -3.6939831504E-01 -3.8197175963E-01  8.4713780443E-01
           HessRho_EigVec2 = -7.0702890194E-01  7.0710626944E-01  1.0528795759E-02
           HessRho_EigVec3 =  6.0303815523E-01  5.9506159224E-01  5.3126893827E-01
           DelSqRho = -1.8772306844E+01
           Bond Ellipticity = NA
           V = -4.7021519499E+00
           G =  4.5376194123E-03
           K =  4.6976143305E+00
           L =  4.6930767111E+00
           Vnuc =  4.0252785693E+01
           Ven = -1.7089015519E+01
           Vrep =  1.2386863569E+01
           DelSqV =  7.0652060855E+02
           DelSqVen =  7.5563764517E+02
           DelSqVrep = -4.9117036621E+01
           DelSqG =  6.9511487714E+01
           DelSqK = -7.7603209626E+02
           Stress_EigVals = -1.6185094223E+00 -1.6177972166E+00 -1.4658453111E+00
           Stress_EigVec1 = -3.6909829807E-01 -3.8431106329E-01  8.4621005252E-01
           Stress_EigVec2 =  7.0778282572E-01 -7.0632708736E-01 -1.2063054048E-02
           Stress_EigVec3 =  6.0233704682E-01  5.9448048941E-01  5.3271289616E-01
           -DivStress =  4.7920778781E+00  4.7284908721E+00  4.2137287503E+00
           ESP =  -1.1142368568E+00     ESP at Nucleus =  -1.1167158524E+00
           ESPe = -1.3022810684E+01     ESPe at Nucleus = -1.2973736519E+01
           ESPn =  1.1908573828E+01     ESPn at Nucleus =  1.1857020666E+01

CP# 13     Coords = -7.54559032829983E+00 -2.48051677923700E+00  2.29304370658927E+00
           Type = (3,-3) NACP H13
           Rho =  4.2591148942E-01     Rho at Nucleus =  4.2225101997E-01
           GradRho =  2.5038049721E-10  2.5451182026E-10 -2.1446497009E-10
           HessRho_EigVals = -6.4854584090E+00 -6.4791305241E+00 -5.8880981740E+00
           HessRho_EigVec1 =  3.6968318944E-01  3.5837568457E-01  8.5726379146E-01
           HessRho_EigVec2 = -7.0843810253E-01  7.0569496900E-01  1.0491216053E-02
           HessRho_EigVec3 =  6.0120694801E-01  6.1119676001E-01 -5.1477055688E-01
           DelSqRho = -1.8852687107E+01
           Bond Ellipticity = NA
           V = -4.7222255806E+00
           G =  4.5269018874E-03
           K =  4.7176986787E+00
           L =  4.7131717768E+00
           Vnuc =  3.8857216752E+01
           Ven = -1.6549735062E+01
           Vrep =  1.1827509481E+01
           DelSqV =  7.0999276821E+02
           DelSqVen =  7.3256294997E+02
           DelSqVrep = -2.2570181768E+01
           DelSqG =  6.9874959781E+01
           DelSqK = -7.7986772799E+02
           Stress_EigVals = -1.6246689329E+00 -1.6239204171E+00 -1.4736362306E+00
           Stress_EigVec1 =  3.7154330489E-01  3.5885269801E-01  8.5625948971E-01
           Stress_EigVec2 = -7.0810983609E-01  7.0601067832E-01  1.1374626625E-02
           Stress_EigVec3 =  6.0044652770E-01  6.1055193327E-01 -5.1642066588E-01
           -DivStress = -4.7280414949E+00 -4.8066503563E+00  4.0553157265E+00
           ESP =  -1.1123755436E+00     ESP at Nucleus =  -1.1148104072E+00
           ESPe = -1.1237309963E+01     ESPe at Nucleus = -1.1160351398E+01
           ESPn =  1.0124934420E+01     ESPn at Nucleus =  1.0045540991E+01

CP# 14     Coords = -6.32984008398059E+00 -1.19655770106019E+00 -1.26644108848644E+00
           Type = (3,-3) NACP C14
           Rho =  1.1768193009E+02     Rho at Nucleus =  1.1768193002E+02
           GradRho = -7.2358494196E-11 -4.1322271993E-11 -1.8543588887E-10
           HessRho_EigVals = -1.4501047462E+05 -1.4500939871E+05 -1.4500920592E+05
           HessRho_EigVec1 =  7.0924511478E-01 -7.0486317620E-01 -1.1801271063E-02
           HessRho_EigVec2 =  6.9939633966E-01  7.0144768641E-01  1.3717107310E-01
           HessRho_EigVec3 = -8.8408863987E-02 -1.0554167927E-01  9.9047707026E-01
           DelSqRho = -4.3502907925E+05
           Bond Ellipticity = NA
           V = -1.0876745481E+05
           G =  5.0924968778E+00
           K =  1.0876236231E+05
           L =  1.0875726981E+05
           Vnuc =  6.2133206442E+06
           Ven = -7.3119556565E+08
           Vrep =  7.3108679819E+08
           DelSqV =  2.4953519931E+09
           DelSqVen =  2.7029754348E+12
           DelSqVrep = -2.7004800828E+12
           DelSqG =  1.3403675111E+08
           DelSqK = -2.6293887442E+09
           Stress_EigVals = -3.6256081492E+04 -3.6255966887E+04 -3.6255406428E+04
           Stress_EigVec1 = -4.3758833638E-02 -6.1858585247E-02  9.9712520774E-01
           Stress_EigVec2 =  7.0434031399E-01  7.0592079212E-01  7.4703128095E-02
           Stress_EigVec3 =  7.0851244630E-01 -7.0558440366E-01 -1.2679224852E-02
           -DivStress =  9.3288378338E+01  1.1399213788E+02  7.7005781295E+02
           ESP =  -1.4747653704E+01     ESP at Nucleus =  -1.4747653718E+01
           ESPe = -2.4498354897E+01     ESPe at Nucleus = -2.4498355856E+01
           ESPn =  9.7507011932E+00     ESPn at Nucleus =  9.7507021381E+00

CP# 15     Coords = -7.54148263393505E+00 -2.38906559824195E+00 -2.35904316222130E+00
           Type = (3,-3) NACP H15
           Rho =  4.2591215133E-01     Rho at Nucleus =  4.2225177605E-01
           GradRho =  6.6842281926E-11  6.5741898145E-11  6.0079937553E-11
           HessRho_EigVals = -6.4854901635E+00 -6.4791671789E+00 -5.8881413012E+00
           HessRho_EigVec1 = -3.7124216824E-01 -3.9163346178E-01  8.4190408250E-01
           HessRho_EigVec2 =  7.0838721663E-01 -7.0564531722E-01 -1.5881989877E-02
           HessRho_EigVec3 =  6.0030559204E-01  5.9049802532E-01  5.3939343550E-01
           DelSqRho = -1.8852798644E+01
           Bond Ellipticity = NA
           V = -4.7222521611E+00
           G =  4.5262501133E-03
           K =  4.7177259110E+00
           L =  4.7131996609E+00
           Vnuc =  3.8864323495E+01
           Ven = -1.6552787630E+01
           Vrep =  1.1830535469E+01
           DelSqV =  7.0999762299E+02
           DelSqVen =  7.3270126546E+02
           DelSqVrep = -2.2703642472E+01
           DelSqG =  6.9875647313E+01
           DelSqK = -7.7987327030E+02
           Stress_EigVals = -1.6246774454E+00 -1.6239280640E+00 -1.4736466517E+00
           Stress_EigVec1 = -3.7303184780E-01 -3.9213678749E-01  8.4087810081E-01
           Stress_EigVec2 =  7.0809236876E-01 -7.0595849845E-01 -1.5092904600E-02
           Stress_EigVec3 =  5.9954352456E-01  5.8978923215E-01  5.4101406988E-01
           -DivStress = -4.7208834356E+00 -4.6435291768E+00 -4.2489436893E+00
           ESP =  -1.1123964683E+00     ESP at Nucleus =  -1.1148310882E+00
           ESPe = -1.1243975742E+01     ESPe at Nucleus = -1.1167014234E+01
           ESPn =  1.0131579274E+01     ESPn at Nucleus =  1.0052183146E+01

CP# 16     Coords = -5.11341851766926E+00  4.34631582132682E-02 -2.29621613429153E+00
           Type = (3,-3) NACP H16
           Rho =  4.2448923253E-01     Rho at Nucleus =  4.2074328125E-01
           GradRho = -8.4909825633E-10 -8.6482110535E-10  7.1032109188E-10
           HessRho_EigVals = -6.4601147327E+00 -6.4535458492E+00 -5.8557249571E+00
           HessRho_EigVec1 =  3.6797463194E-01  3.4845930442E-01  8.6207353713E-01
           HessRho_EigVec2 = -7.0694533963E-01  7.0708841002E-01  1.5945757580E-02
           HessRho_EigVec3 =  6.0400575909E-01  6.1530650377E-01 -5.0653227874E-01
           DelSqRho = -1.8769385539E+01
