AIMSum (Version 19.02.13, Professional)
Copyright (c) 1997-2019 by Todd A. Keith
AIMSum is a component of the AIMAll package ( http://aim.tkgristmill.com )

TP:  64-bit Linux

Much of the Quantum Theory of Atoms in Molecules (QTAIM) is described in the book:
  "Atoms in Molecules - A Quantum Theory"
  R.F.W. Bader, Oxford University Press, Oxford, 1990

For additional references see:  http://aim.tkgristmill.com/references.html

Wfn File:  /home/mhennefarth/Documents/ML_Diels/summary-levandowski2018/r_17-opt/r_17-opt.wfn
Sum File:  /home/mhennefarth/Documents/ML_Diels/summary-levandowski2018/r_17-opt/r_17-opt.sum

SumViz File:  /home/mhennefarth/Documents/ML_Diels/summary-levandowski2018/r_17-opt/r_17-opt.sumviz

Wfn Title:   Title Card Required                                                           
 
Total memory allocated for AIMSum =        0.831 Megabytes

Atomic units (a.u.) used throughout, except where stated otherwise

Model:  Restricted SCF
 
Restricted, closed-shell, single-determinant wavefunction.
  Number of electrons (from MO Occs)                   =          52.0000000000
  Number of Alpha electrons (from MO Occs)             =          26.0000000000
  Number of Beta electrons (from MO Occs)              =          26.0000000000
  Number of electron pairs (N*(N-1)/2)                 =        1326.0000000000
  Number of electron pairs (from Muller 2EDM)          =        1326.0000000000
 
Nuclear Charges and Cartesian Coordinates:
-------------------------------------------------------------------------------
Atom      Charge                X                  Y                  Z
-------------------------------------------------------------------------------
C1         6.0           1.7780245500E+00   1.6826900000E-03   2.3564149800E+00
H2         1.0          -1.4087829000E-01  -5.6169200000E-03   3.1594981600E+00
C3         6.0           2.1874842700E+00   2.2344629500E+00   6.3797102000E-01
H4         1.0           2.0453369100E+00   4.1859838500E+00   1.2450399500E+00
C5         6.0           2.7424769800E+00   1.3946495800E+00  -1.7056107500E+00
H6         1.0           3.1318903600E+00   2.5533133500E+00  -3.3525394000E+00
C7         6.0           2.2047258100E+00  -2.2276923300E+00   6.3775913000E-01
H8         1.0           2.0774817600E+00  -4.1803732000E+00   1.2444375200E+00
C9         6.0           2.7532173700E+00  -1.3832540400E+00  -1.7057657000E+00
H10        1.0           3.1517814100E+00  -2.5387341200E+00  -3.3527675900E+00
C11        6.0          -5.2356358200E+00   1.2494400100E+00  -2.6076113000E-01
H12        1.0          -3.5962795000E+00   2.3568116900E+00  -8.1532341000E-01
H13        1.0          -6.9117038300E+00   2.3003537100E+00   2.9825939000E-01
C14        6.0          -5.1842263800E+00  -1.2670528900E+00  -2.6922767000E-01
H15        1.0          -6.8163247100E+00  -2.3885822600E+00   2.8274314000E-01
H16        1.0          -3.5009777000E+00  -2.3031443700E+00  -8.3021074000E-01
H17        1.0           3.0832728900E+00   6.5724500000E-03   3.9761837500E+00
 
Some Atomic Properties:
----------------------
  q(A) = Net Charge of Atom A
  L(A) = Lagrangian of Atom A = -(1/4) Times Atomic Integral of the Laplacian of the Electron Density
  K(A) = Electronic Kinetic Energy of Atom A (Hamiltonian Form)
  K_Scaled(A) = K(A) * E(Mol)/K(Mol) = Approximation to Virial-Based Total Energy of Atom A.
  |Mu_Intra(A)| = Magnitude of Intraatomic Dipole Moment of Atom A
--------------------------------------------------------------------------------------------------
Atom A          q(A)              L(A)              K(A)          K_Scaled(A)      |Mu_Intra(A)|
--------------------------------------------------------------------------------------------------
C1       -1.2941337100E-02 -1.5770949569E-04  3.7705218224E+01 -3.8089771483E+01  1.5463834922E-01
H2        5.3871165050E-02  2.5876485312E-05  5.8557403415E-01 -5.9154626859E-01  1.4849539040E-01
C3       -7.4845408900E-02  7.1379675895E-05  3.7731069699E+01 -3.8115886615E+01  1.7124814991E-01
H4        4.8042530800E-02  2.1735128467E-05  5.9120172917E-01 -5.9723136013E-01  1.5022601264E-01
C5       -5.6844353700E-02  3.5214565269E-05  3.7726498524E+01 -3.8111268819E+01  1.5437451065E-01
H6        4.4291719410E-02  2.0966864962E-05  5.9325853745E-01 -5.9930914568E-01  1.4993070621E-01
C7       -7.5021558500E-02  5.8314462536E-05  3.7731270472E+01 -3.8116089436E+01  1.7122384279E-01
H8        4.8066554630E-02  1.8573460171E-05  5.9119230407E-01 -5.9722183890E-01  1.5020192638E-01
C9       -5.7083980200E-02  1.5531812999E-05  3.7726594240E+01 -3.8111365511E+01  1.5441238622E-01
H10       4.4315361970E-02  2.0681716142E-05  5.9324615323E-01 -5.9929663516E-01  1.4992225802E-01
C11      -8.5920023400E-02  2.2844389522E-05  3.7696392270E+01 -3.8080855513E+01  9.5714880542E-02
H12       4.8962919660E-02  2.1899823214E-05  5.9198892166E-01 -5.9802658115E-01  1.4374695748E-01
H13       3.4764306040E-02  1.5717862571E-05  5.9760672913E-01 -6.0370168431E-01  1.4841701241E-01
C14      -8.6061272100E-02  2.4242242028E-05  3.7696590433E+01 -3.8081055697E+01  9.6766339989E-02
H15       3.4687545500E-02  1.3611399134E-05  5.9763251205E-01 -6.0372773019E-01  1.4840785063E-01
H16       5.0012260540E-02  2.7871272616E-05  5.9161153192E-01 -5.9764534244E-01  1.4321983306E-01
H17       4.1925911730E-02  2.5378179859E-05  5.9036661636E-01 -5.9638773006E-01  1.5200578222E-01
--------------------------------------------------------------------------------------------------
Total     2.2234143000E-04  2.8212984501E-04  2.6993731293E+02 -2.7269038739E+02
 
1st Largest |L(A)| = 1.5770949569E-04, atom C1      
2nd Largest |L(A)| = 7.1379675895E-05, atom C3      
 
Molecular charge q(Mol) from the wfn file:   0.0000000000E+00
Molecular energy E(Mol) from the wfn file:  -2.7269035986E+02
Molecular virial ratio (-V(Mol)/T(Mol)) from the wfn file:   2.0101989400E+00
Note.  K_Scaled(A) = (1+V(Mol)/T(Mol))*K(A) = (E(Mol)/T(Mol))*K(A)
       Only use K_Scaled(A) data with caution.
 
N_AIMInt(SumA)     =         51.999778
N_Analytic(Mol)    =         51.999991
 
G_AIMInt(SumA)     =        269.937031
G_Analytic(Mol)    =        269.937264
 
K_AIMInt(SumA)     =        269.937313
K_Analytic(Mol)    =        269.937264
 
L_AIMInt(SumA)     =          0.000282
L_Analytic(Mol)    =          0.000000
 
VenT_AIMInt(SumA)  =      -1153.321994
VenT_Analytic(Mol) =      -1153.324765
 
Some Information About the Atomic Calculations:
----------------------------------------------
  Time(sec) = "Elapsed User Time", in Seconds, for Atom A by AIMInt and, if used, by TWOe
  NProc = Number of Processors Used for AIMInt Job
  BIM = Basin Integration Method
  OAQ = Angular Quadrature Outside of Beta Sphere
  ORQ = Multiple of Default for Radial Quadrature Outside of Beta Sphere
  IAQ = Multiple of Default for Angular Quadrature Inside of Beta Sphere
  IRQ = Multiple of Default for Radial Quadrature Inside of Beta Sphere
  MIR = Maximum Integration Radius
------------------------------------------------------------------------------------------------------
Atom A     Time(sec)   NProc      BIM          OAQ                     ORQ      IAQ      IRQ      MIR
------------------------------------------------------------------------------------------------------
C1             23        8     Proaim(5)    4500(GS4)                  1.00     1.00     1.00    13.00
H2             12        8     Proaim(5)    4500(GS4)                  1.00     1.00     1.00    13.00
C3             24        8     Proaim(5)    4500(GS4)                  1.00     1.00     1.00    13.00
H4              5        8     Proaim(5)    1800(GS4)                  1.00     1.00     1.00    13.00
C5             19        8     Proaim(5)    4500(GS4)                  1.00     1.00     1.00    13.00
H6              5        8     Proaim(5)    1800(GS4)                  1.00     1.00     1.00    13.00
C7             25        8     Proaim(5)    4500(GS4)                  1.00     1.00     1.00    13.00
H8              4        8     Proaim(5)    1800(GS4)                  1.00     1.00     1.00    13.00
C9             20        8     Proaim(5)    4500(GS4)                  1.00     1.00     1.00    13.00
H10             5        8     Proaim(5)    1800(GS4)                  1.00     1.00     1.00    13.00
C11            20        8     Proaim(5)    4500(GS4)                  1.00     1.00     1.00    13.00
H12            10        8     Proaim(5)    4500(GS4)                  1.00     1.00     1.00    13.00
H13             4        8     Proaim(5)    1800(GS4)                  1.00     1.00     1.00    13.00
C14            25        8     Proaim(5)    5400(GS5)                  1.00     1.00     1.00    13.00
H15             4        8     Proaim(5)    1800(GS4)                  1.00     1.00     1.00    13.00
H16            11        8     Proaim(5)    4500(GS4)                  1.00     1.00     1.00    13.00
H17             4        8     Proaim(5)    1800(GS4)                  1.00     1.00     1.00    13.00
------------------------------------------------------------------------------------------------------
Total         220
Note:  Total wall clock time is less than total of atomic times if more than one atom
       was calculated at a time
 
Electron Density Critical Point Analysis of Molecular Structure:               
---------------------------------------------------------------                
  NACP = Nuclear Attractor Critical Point                                      
  NNACP = Non-Nuclear Attractor Critical Point                                 
  BCP = Bond Critical Point                                                    
  RCP = Ring Critical Point                                                    
  CCP = Cage Critical Point                                                    
  Rho = Electron Density                                                       
  GradRho = Gradient of Electron Density                                       
  HessRho_EigVals = Eigenvalues of the Hessian of Rho, Ascending Order         
  HessRho_EigVecs = Eigenvectors of the Hessian of Rho                         
  DelSqRho = Laplacian of Rho = Trace of Hessian of Rho                        
  Bond Ellipticity = (HessRho_EigVal(1) / HessRho_EigVal(2)) - 1               
  V = Virial Field = Potential Energy Density = Trace of Stress Tensor         
  G = Lagrangian Form of Kinetic Energy Density                                
  K = Hamiltonian Form of Kinetic Energy Density                               
  L = K - G = Lagrangian Density = (-1/4)DelSqRho                              
  Vnuc = Electrostatic Potential from Nuclei                                   
  Ven = Electron-nuclear attractive contribution to Virial Field V             
  Vrep = V - Ven = Repulsive contribution to Virial Field V                    
  DelSqV = Laplacian of V                                                      
  DelSqVen = Laplacian of Ven                                                  
  DelSqVrep = Laplacian of Vrep                                                
  DelSqG = Laplacian of G                                                      
  DelSqK = Laplacian of K                                                      
  Stress_EigVals = Eigenvalues of Stress Tensor, Ascending Order               
  Stress_EigVecs = Eigenvectors of Stress Tensor                               
  -DivStress = Ehrenfest Force Density = Minus Divergence of Stress Tensor     
  ESP = Total Electrostatic Potential                                          
  ESPe = Electrostatic Potential from Electrons                                
  ESPn = Electrostatic Potential from Nuclei                                   
  BP = Bond Path                                                               
  BPL = Bond Path Length                                                       
  GBL = Geometric Bond Length                                                  
  GBL_I = Distance Between Nuclear Attractors                                  
  GBL_II = Distance Between Nuclei                                             
  GBL_III = Sum of Distances Between BCP and Nuclear Attractors                
  GBL_IV = Sum of Distances Between BCP and Nuclei                             

CP# 1      Coords =  1.77802470837182E+00  1.68268931181448E-03  2.35641495321151E+00
           Type = (3,-3) NACP C1
           Rho =  1.1753984579E+02     Rho at Nucleus =  1.1753984579E+02
           GradRho =  7.4129060505E-12 -3.7291493712E-16  2.4420153045E-11
           HessRho_EigVals = -1.4483592570E+05 -1.4483575262E+05 -1.4483557164E+05
           HessRho_EigVec1 = -3.6959207230E-03  9.9999287008E-01  7.7457490779E-04
           HessRho_EigVec2 =  9.2890279934E-01  3.1463405021E-03  3.7031026171E-01
           HessRho_EigVec3 = -3.7030518435E-01 -2.0881421703E-03  9.2890780495E-01
           DelSqRho = -4.3450724996E+05
           Bond Ellipticity = NA
           V = -1.0863726973E+05
           G =  5.2286186925E+00
           K =  1.0863204111E+05
           L =  1.0862681249E+05
           Vnuc =  3.7354575528E+07
           Ven = -4.3906510472E+09
           Vrep =  4.3905424099E+09
           DelSqV =  2.4923772633E+09
           DelSqVen =  1.6230681412E+13
           DelSqVrep = -1.6228189034E+13
           DelSqG =  1.3387668077E+08
           DelSqK = -2.6262539441E+09
           Stress_EigVals = -3.6212489569E+04 -3.6212441256E+04 -3.6212338903E+04
           Stress_EigVec1 = -3.5203000424E-01 -1.7544705150E-03  9.3598707147E-01
           Stress_EigVec2 =  9.3598137284E-01  3.3012228434E-03  3.5203404896E-01
           Stress_EigVec3 = -3.7075352607E-03  9.9999301186E-01  4.8002222966E-04
           -DivStress = -1.2917977537E+02  5.5300320310E-01  2.3757633172E+01
           ESP =  -1.4735966888E+01     ESP at Nucleus =  -1.4735966888E+01
           ESPe = -2.5517359101E+01     ESPe at Nucleus = -2.5517359056E+01
           ESPn =  1.0781392213E+01     ESPn at Nucleus =  1.0781392168E+01

CP# 2      Coords = -1.09667321324044E-01 -5.49912008833719E-03  3.14662515772411E+00
           Type = (3,-3) NACP H2
           Rho =  4.1474423210E-01     Rho at Nucleus =  4.1137522534E-01
           GradRho =  5.7145518309E-11  2.1577591906E-13 -2.3602754661E-11
           HessRho_EigVals = -6.3245505547E+00 -6.3236282459E+00 -5.7681459545E+00
           HessRho_EigVec1 = -3.6594679300E-03  9.9999326241E-01  2.8884442532E-04
           HessRho_EigVec2 =  3.8367035307E-01  1.1372980220E-03  9.2346941840E-01
           HessRho_EigVec3 =  9.2346286794E-01  3.4902277637E-03 -3.8367192996E-01
           DelSqRho = -1.8416324755E+01
           Bond Ellipticity = NA
           V = -4.6139069558E+00
           G =  4.9128835069E-03
           K =  4.6089940723E+00
           L =  4.6040811888E+00
           Vnuc =  4.1046616652E+01
           Ven = -1.7023847504E+01
           Vrep =  1.2409940548E+01
           DelSqV =  6.9467501766E+02
           DelSqVen =  7.5592782248E+02
           DelSqVrep = -6.1252804818E+01
           DelSqG =  6.8492831026E+01
           DelSqK = -7.6316784868E+02
           Stress_EigVals = -1.5848954825E+00 -1.5848248828E+00 -1.4441865904E+00
           Stress_EigVec1 = -4.2067073710E-03  9.9999061622E-01 -1.0349346503E-03
           Stress_EigVec2 =  3.8333669711E-01  2.5684803319E-03  9.2360509936E-01
           Stress_EigVec3 =  9.2359909066E-01  3.4886079488E-03 -3.8334390481E-01
           -DivStress = -6.8934185380E+00 -2.6012049481E-02  2.8428469741E+00
           ESP =  -1.1019677437E+00     ESP at Nucleus =  -1.1042167855E+00
           ESPe = -1.2529225972E+01     ESPe at Nucleus = -1.2458442801E+01
           ESPn =  1.1427258228E+01     ESPn at Nucleus =  1.1354226016E+01

CP# 3      Coords =  2.18748379452974E+00  2.23446276563941E+00  6.37972454192945E-01
           Type = (3,-3) NACP C3
           Rho =  1.1767450515E+02     Rho at Nucleus =  1.1767450498E+02
           GradRho = -2.5418048395E-10 -1.0134373919E-10  7.4811096294E-10
           HessRho_EigVals = -1.4499968585E+05 -1.4499909148E+05 -1.4499871310E+05
           HessRho_EigVec1 =  9.7374415414E-01  7.5228756678E-03  2.2752083116E-01
           HessRho_EigVec2 =  1.0191189523E-01  8.7930030726E-01 -4.6523642942E-01
           HessRho_EigVec3 = -2.0355905256E-01  4.7620833255E-01  8.5544686342E-01
           DelSqRho = -4.3499749044E+05
           Bond Ellipticity = NA
           V = -1.0875961484E+05
           G =  5.1211158034E+00
           K =  1.0875449373E+05
           L =  1.0874937261E+05
           Vnuc =  3.9417784541E+06
           Ven = -4.6384682900E+08
           Vrep =  4.6373806938E+08
           DelSqV =  2.4951704716E+09
           DelSqVen =  1.7146637189E+12
           DelSqVrep = -1.7121685484E+12
           DelSqG =  1.3402535330E+08
           DelSqK = -2.6291958249E+09
           Stress_EigVals = -3.6253471958E+04 -3.6253264135E+04 -3.6252878748E+04
           Stress_EigVec1 = -1.7451440751E-01  6.5506285247E-01  7.3514446259E-01
           Stress_EigVec2 =  1.4849086967E-01  7.5557124401E-01 -6.3801454282E-01
           Stress_EigVec3 =  9.7339364247E-01  2.1804893431E-03  2.2912892063E-01
           -DivStress =  3.8635380862E+02  1.5549045270E+02 -1.1649081553E+03
           ESP =  -1.4748062176E+01     ESP at Nucleus =  -1.4748062193E+01
           ESPe = -2.5502152793E+01     ESPe at Nucleus = -2.5502153240E+01
           ESPn =  1.0754090617E+01     ESPn at Nucleus =  1.0754091046E+01

CP# 4      Coords =  2.04773844033237E+00  4.15251849764701E+00  1.23478476790216E+00
           Type = (3,-3) NACP H4
           Rho =  4.2506289051E-01     Rho at Nucleus =  4.2134916536E-01
           GradRho =  2.5538078476E-10 -3.5629423783E-09 -1.0905185554E-09
           HessRho_EigVals = -6.4794366794E+00 -6.4732611428E+00 -5.8762687105E+00
           HessRho_EigVec1 = -2.2116230805E-01 -2.9978585967E-01  9.2801706441E-01
           HessRho_EigVec2 =  9.7284011390E-01 -1.1426535034E-03  2.3147528405E-01
           HessRho_EigVec3 = -6.8332615070E-02  9.5400583472E-01  2.9189642175E-01
           DelSqRho = -1.8828966533E+01
           Bond Ellipticity = NA
           V = -4.7165842940E+00
           G =  4.6713304263E-03
           K =  4.7119129636E+00
           L =  4.7072416332E+00
           Vnuc =  3.8946053937E+01
           Ven = -1.6554522260E+01
           Vrep =  1.1837937966E+01
           DelSqV =  7.0903368562E+02
           DelSqVen =  7.3331395221E+02
           DelSqVrep = -2.4280266591E+01
           DelSqG =  6.9849643465E+01
           DelSqK = -7.7888332908E+02
           Stress_EigVals = -1.6231488734E+00 -1.6227597030E+00 -1.4706757176E+00
           Stress_EigVec1 = -2.0894212852E-01 -3.0132815008E-01  9.3034645853E-01
           Stress_EigVec2 =  9.7551816375E-01  2.5236106419E-03  2.1990439646E-01
           Stress_EigVec3 = -6.8611217204E-02  9.5351716154E-01  2.9342379507E-01
           -DivStress = -5.4255374489E-01  7.5575141124E+00  2.3170230012E+00
           ESP =  -1.1049510193E+00     ESP at Nucleus =  -1.1074850728E+00
           ESPe = -1.1547738868E+01     ESPe at Nucleus = -1.1461925390E+01
           ESPn =  1.0442787848E+01     ESPn at Nucleus =  1.0354440317E+01

CP# 5      Coords =  2.74247719125463E+00  1.39464876058680E+00 -1.70561187749080E+00
           Type = (3,-3) NACP C5
           Rho =  1.1767689628E+02     Rho at Nucleus =  1.1767689613E+02
           GradRho =  7.2508209506E-11 -3.5554430178E-10 -5.2720269112E-10
           HessRho_EigVals = -1.4499961082E+05 -1.4499877163E+05 -1.4499846548E+05
           HessRho_EigVec1 =  9.7390765038E-01  1.7969148473E-03  2.2693756767E-01
           HessRho_EigVec2 =  2.3369817946E-02  9.9385860475E-01 -1.0816157069E-01
           HessRho_EigVec3 = -2.2573821150E-01  1.1064287082E-01  9.6788450499E-01
           DelSqRho = -4.3499684793E+05
           Bond Ellipticity = NA
           V = -1.0875945654E+05
           G =  5.1222801845E+00
           K =  1.0875433426E+05
           L =  1.0874921198E+05
           Vnuc =  4.2561840734E+06
           Ven = -5.0085453175E+08
           Vrep =  5.0074577229E+08
           DelSqV =  2.4951634753E+09
           DelSqVen =  1.8514265702E+12
           DelSqVrep = -1.8489314068E+12
           DelSqG =  1.3402201807E+08
           DelSqK = -2.6291854934E+09
           Stress_EigVals = -3.6253419302E+04 -3.6253248209E+04 -3.6252789032E+04
           Stress_EigVec1 = -2.2818181486E-01 -6.6256373748E-02  9.7136149414E-01
           Stress_EigVec2 = -1.6965998562E-02  9.9780089954E-01  6.4074330060E-02
           Stress_EigVec3 =  9.7347070539E-01  1.8595207936E-03  2.2880412566E-01
           -DivStress = -1.7075372042E+02  6.6948498415E+02  9.1023035253E+02
           ESP =  -1.4747055051E+01     ESP at Nucleus =  -1.4747055069E+01
           ESPe = -2.5401188955E+01     ESPe at Nucleus = -2.5401189833E+01
           ESPn =  1.0654133904E+01     ESPn at Nucleus =  1.0654134765E+01

CP# 6      Coords =  3.12527620462342E+00  2.53351368249643E+00 -3.32456394865088E+00
           Type = (3,-3) NACP H6
           Rho =  4.2659468512E-01     Rho at Nucleus =  4.2289887749E-01
           GradRho = -9.9608364092E-16 -3.6283867288E-15  5.7590650998E-15
           HessRho_EigVals = -6.5128702254E+00 -6.5072386409E+00 -5.9093621797E+00
           HessRho_EigVec1 = -1.3379856094E-01  8.2296545062E-01  5.5211032609E-01
           HessRho_EigVec2 = -9.7274785676E-01 -2.6064504061E-03 -2.3185084341E-01
           HessRho_EigVec3 = -1.8936618564E-01 -5.6808544560E-01  8.0088661759E-01
           DelSqRho = -1.8929471046E+01
           Bond Ellipticity = NA
           V = -4.7413029436E+00
           G =  4.4675910349E-03
           K =  4.7368353525E+00
           L =  4.7323677615E+00
           Vnuc =  3.8910205893E+01
           Ven = -1.6598887031E+01
           Vrep =  1.1857584087E+01
           DelSqV =  7.1305059218E+02
           DelSqVen =  7.3654961585E+02
           DelSqVrep = -2.3499023671E+01
           DelSqG =  7.0339437885E+01
           DelSqK = -7.8339003006E+02
           Stress_EigVals = -1.6314087085E+00 -1.6308827701E+00 -1.4790114650E+00
           Stress_EigVec1 =  1.3838923799E-01 -8.2361364204E-01 -5.5000817036E-01
           Stress_EigVec2 =  9.7207527817E-01  6.6865841425E-03  2.3457396099E-01
           Stress_EigVec3 = -1.8952063842E-01 -5.6711185691E-01  8.0153981147E-01
           -DivStress =  1.5015921015E+00  4.4945010437E+00 -6.3515587856E+00
           ESP =  -1.1063691320E+00     ESP at Nucleus =  -1.1088928452E+00
           ESPe = -1.1367863319E+01     ESPe at Nucleus = -1.1282113152E+01
           ESPn =  1.0261494187E+01     ESPn at Nucleus =  1.0173220306E+01

CP# 7      Coords =  2.20472532459139E+00 -2.22769214961577E+00  6.37760559688562E-01
           Type = (3,-3) NACP C7
           Rho =  1.1767499971E+02     Rho at Nucleus =  1.1767499954E+02
           GradRho = -2.5938596583E-10  9.1345917104E-11  7.4821182323E-10
           HessRho_EigVals = -1.4500046802E+05 -1.4499987527E+05 -1.4499949746E+05
           HessRho_EigVec1 =  9.7369346059E-01 -6.3660095006E-05  2.2786188963E-01
           HessRho_EigVec2 = -1.0880301366E-01  8.7850430842E-01  4.6517962585E-01
           HessRho_EigVec3 = -2.0020726514E-01 -4.7773441998E-01  8.5538697380E-01
           DelSqRho = -4.3499984075E+05
           Bond Ellipticity = NA
           V = -1.0876020320E+05
           G =  5.1215080354E+00
           K =  1.0875508170E+05
           L =  1.0874996019E+05
           Vnuc =  3.9458685371E+06
           Ven = -4.6433007894E+08
           Vrep =  4.6422131874E+08
           DelSqV =  2.4951841041E+09
           DelSqVen =  1.7164519997E+12
           DelSqVrep = -1.7139568812E+12
           DelSqG =  1.3402624493E+08
           DelSqK = -2.6292103490E+09
           Stress_EigVals = -3.6253667843E+04 -3.6253460194E+04 -3.6253075167E+04
           Stress_EigVec1 = -1.6960398589E-01 -6.5655434134E-01  7.3496318604E-01
           Stress_EigVec2 = -1.5447354687E-01  7.5426010307E-01  6.3814545383E-01
           Stress_EigVec3 =  9.7333057657E-01  5.3003576170E-03  2.2934579770E-01
           -DivStress =  3.9453345992E+02 -1.5223977845E+02 -1.1612505479E+03
           ESP =  -1.4748055063E+01     ESP at Nucleus =  -1.4748055081E+01
           ESPe = -2.5501821660E+01     ESPe at Nucleus = -2.5501822104E+01
           ESPn =  1.0753766597E+01     ESPn at Nucleus =  1.0753767023E+01

CP# 8      Coords =  2.07962827799550E+00 -4.14688798154198E+00  1.23418894073540E+00
           Type = (3,-3) NACP H8
           Rho =  4.2505804943E-01     Rho at Nucleus =  4.2134427499E-01
           GradRho =  2.3273803812E-10  3.6354402158E-09 -1.1113311318E-09
           HessRho_EigVals = -6.4793396911E+00 -6.4731678329E+00 -5.8761758281E+00
           HessRho_EigVec1 = -2.2343970036E-01  2.9790429470E-01  9.2807743831E-01
           HessRho_EigVec2 =  9.7280323456E-01  8.5078271739E-03  2.3147674549E-01
           HessRho_EigVec3 =  6.1061994155E-02  9.5455782857E-01 -2.9170324783E-01
           DelSqRho = -1.8828683352E+01
           Bond Ellipticity = NA
           V = -4.7165119662E+00
           G =  4.6705640702E-03
           K =  4.7118414021E+00
           L =  4.7071708380E+00
           Vnuc =  3.8944387272E+01
           Ven = -1.6553625290E+01
           Vrep =  1.1837113324E+01
           DelSqV =  7.0902227119E+02
           DelSqVen =  7.3327154245E+02
           DelSqVrep = -2.4249271260E+01
           DelSqG =  6.9848330153E+01
           DelSqK = -7.7887060135E+02
           Stress_EigVals = -1.6231248495E+00 -1.6227345106E+00 -1.4706526061E+00
           Stress_EigVec1 = -2.1119459808E-01  2.9953875681E-01  9.3041570006E-01
           Stress_EigVec2 =  9.7551695960E-01  4.8498841914E-03  2.1987073510E-01
           Stress_EigVec3 =  6.1347398257E-02  9.5407180641E-01 -2.9322940667E-01
           -DivStress = -4.8495457619E-01 -7.5618854210E+00  2.3154961561E+00
           ESP =  -1.1049048403E+00     ESP at Nucleus =  -1.1074388914E+00
           ESPe = -1.1546429593E+01     ESPe at Nucleus = -1.1460598379E+01
           ESPn =  1.0441524753E+01     ESPn at Nucleus =  1.0353159487E+01

CP# 9      Coords =  2.75321756913082E+00 -1.38325322241905E+00 -1.70576682725792E+00
           Type = (3,-3) NACP C9
           Rho =  1.1767724384E+02     Rho at Nucleus =  1.1767724370E+02
           GradRho =  8.2785262586E-11  3.7377831060E-10 -4.9755293960E-10
           HessRho_EigVals = -1.4500011513E+05 -1.4499927457E+05 -1.4499896934E+05
           HessRho_EigVec1 =  9.7387558181E-01  5.8440703471E-03  2.2700704394E-01
           HessRho_EigVec2 = -3.1287201936E-02  9.9358810114E-01  1.0864527726E-01
           HessRho_EigVec3 = -2.2491656709E-01 -1.1290939783E-01  9.6781403468E-01
           DelSqRho = -4.3499835904E+05
           Bond Ellipticity = NA
           V = -1.0875983442E+05
           G =  5.1223325441E+00
           K =  1.0875471209E+05
           L =  1.0874958976E+05
           Vnuc =  4.2653154290E+06
           Ven = -5.0193056380E+08
           Vrep =  5.0182180396E+08
           DelSqV =  2.4951721875E+09
           DelSqVen =  1.8554049659E+12
           DelSqVrep = -1.8529097937E+12
           DelSqG =  1.3402255556E+08
           DelSqK = -2.6291947430E+09
           Stress_EigVals = -3.6253545193E+04 -3.6253374394E+04 -3.6252914837E+04
           Stress_EigVec1 = -2.2872179969E-01  6.4384369078E-02  9.7136038182E-01
           Stress_EigVec2 =  9.1335893760E-03  9.9790852360E-01 -6.3993406416E-02
           Stress_EigVec3 =  9.7344897960E-01  5.7646802198E-03  2.2883149383E-01
           -DivStress = -1.6086325549E+02 -6.6799090477E+02  9.1006384329E+02
           ESP =  -1.4747009994E+01     ESP at Nucleus =  -1.4747010012E+01
           ESPe = -2.5401078277E+01     ESPe at Nucleus = -2.5401079155E+01
           ESPn =  1.0654068283E+01     ESPn at Nucleus =  1.0654069143E+01

CP# 10     Coords =  3.14501112906535E+00 -2.51898924595201E+00 -3.32479066821530E+00
           Type = (3,-3) NACP H10
           Rho =  4.2659110481E-01     Rho at Nucleus =  4.2289530426E-01
           GradRho = -1.3606059638E-16  4.1475799943E-15  4.0016529993E-15
           HessRho_EigVals = -6.5128317070E+00 -6.5072039541E+00 -5.9093251379E+00
           HessRho_EigVec1 = -1.2755061825E-01 -8.2403315878E-01  5.5199655163E-01
           HessRho_EigVec2 =  9.7270460042E-01  4.8445780562E-03  2.3199631545E-01
           HessRho_EigVec3 = -1.9384684703E-01  5.6652085865E-01  8.0092291552E-01
           DelSqRho = -1.8929360799E+01
           Bond Ellipticity = NA
           V = -4.7412737385E+00
           G =  4.4667693726E-03
           K =  4.7368069691E+00
           L =  4.7323401998E+00
           Vnuc =  3.8909693073E+01
           Ven = -1.6598528956E+01
           Vrep =  1.1857255218E+01
           DelSqV =  7.1304652597E+02
           DelSqVen =  7.3653561877E+02
           DelSqVrep = -2.3489092803E+01
           DelSqG =  7.0339197233E+01
           DelSqK = -7.8338572320E+02
           Stress_EigVals = -1.6313994449E+00 -1.6308717752E+00 -1.4790025184E+00
           Stress_EigVec1 =  1.3224905469E-01  8.2471664583E-01 -5.4986602153E-01
           Stress_EigVec2 = -9.7204801318E-01 -6.6178550255E-04 -2.3478122183E-01
           Stress_EigVec3 = -1.9399187513E-01  5.6554576839E-01  8.0157665650E-01
           -DivStress =  1.5370175062E+00 -4.4820343233E+00 -6.3518567382E+00
           ESP =  -1.1063195511E+00     ESP at Nucleus =  -1.1088431922E+00
           ESPe = -1.1367361404E+01     ESPe at Nucleus = -1.1281605701E+01
           ESPn =  1.0261041853E+01     ESPn at Nucleus =  1.0172762509E+01

CP# 11     Coords = -5.23563603963004E+00  1.24944096057375E+00 -2.60761031617082E-01
           Type = (3,-3) NACP C11
           Rho =  1.1768171107E+02     Rho at Nucleus =  1.1768171100E+02
           GradRho = -1.0701197393E-10  2.1101196615E-10  1.9603926121E-11
           HessRho_EigVals = -1.4501017312E+05 -1.4500910042E+05 -1.4500890547E+05
           HessRho_EigVec1 =  3.2097059843E-01  3.2266529618E-03  9.4708366244E-01
           HessRho_EigVec2 =  9.4051543371E-01 -1.1870233445E-01 -3.1834018715E-01
           HessRho_EigVec3 =  1.1139386834E-01  9.9292464191E-01 -4.1134676232E-02
           DelSqRho = -4.3502817900E+05
           Bond Ellipticity = NA
           V = -1.0876722944E+05
           G =  5.0923472264E+00
           K =  1.0876213710E+05
           L =  1.0875704475E+05
           Vnuc =  6.1189318535E+06
           Ven = -7.2008637043E+08
           Vrep =  7.1997760320E+08
           DelSqV =  2.4953468097E+09
           DelSqVen =  2.6619074314E+12
           DelSqVrep = -2.6594120846E+12
           DelSqG =  1.3403644607E+08
           DelSqK = -2.6293832557E+09
           Stress_EigVals = -3.6256006273E+04 -3.6255891469E+04 -3.6255331702E+04
           Stress_EigVec1 =  4.3874863264E-02  9.9887076650E-01 -1.8226031140E-02
           Stress_EigVec2 =  9.4653839243E-01 -4.7398511511E-02 -3.1909003865E-01
           Stress_EigVec3 =  3.1959359823E-01  3.2516064012E-03  9.4754913278E-01
           -DivStress =  1.7869194604E+02 -7.7175465974E+02 -7.9191192796E+01
           ESP =  -1.4750284946E+01     ESP at Nucleus =  -1.4750284960E+01
           ESPe = -2.3075792515E+01     ESPe at Nucleus = -2.3075793485E+01
           ESPn =  8.3255075694E+00     ESPn at Nucleus =  8.3255085249E+00

CP# 12     Coords = -3.62455571352039E+00  2.33793762732604E+00 -8.05772932015546E-01
           Type = (3,-3) NACP H12
           Rho =  4.2440021366E-01     Rho at Nucleus =  4.2065121197E-01
           GradRho = -5.7467051950E-15 -3.3392613761E-15  2.0198381542E-15
           HessRho_EigVals = -6.4580814769E+00 -6.4514876827E+00 -5.8534211637E+00
           HessRho_EigVec1 = -5.0905708604E-01  8.4455843220E-01  1.6607810737E-01
           HessRho_EigVec2 =  3.1723679449E-01  4.7291317531E-03  9.4833456730E-01
           HessRho_EigVec3 =  8.0013855011E-01  5.3544251784E-01 -2.7033240782E-01
           DelSqRho = -1.8762990323E+01
           Bond Ellipticity = NA
           V = -4.6998433795E+00
           G =  4.5478993552E-03
           K =  4.6952954802E+00
           L =  4.6907475808E+00
           Vnuc =  3.8718025620E+01
           Ven = -1.6431938345E+01
           Vrep =  1.1732094966E+01
           DelSqV =  7.0613553710E+02
           DelSqVen =  7.2646594004E+02
           DelSqVrep = -2.0330402944E+01
           DelSqG =  6.9466709832E+01
           DelSqK = -7.7560224693E+02
           Stress_EigVals = -1.6177665634E+00 -1.6170553353E+00 -1.4650214808E+00
           Stress_EigVec1 = -5.1050729520E-01  8.4363859630E-01  1.6630159464E-01
           Stress_EigVec2 =  3.1720299663E-01  5.0059934192E-03  9.4834445164E-01
           Stress_EigVec3 =  7.9922747731E-01  5.3688812509E-01 -2.7016028698E-01
           -DivStress =  6.3616530411E+00  4.2476848177E+00 -2.1488626097E+00
           ESP =  -1.1169385879E+00     ESP at Nucleus =  -1.1194225411E+00
           ESPe = -1.1516533045E+01     ESPe at Nucleus = -1.1466270907E+01
           ESPn =  1.0399594457E+01     ESPn at Nucleus =  1.0346848366E+01

CP# 13     Coords = -6.88334338260013E+00  2.28260827505515E+00  2.88808203059161E-01
           Type = (3,-3) NACP H13
           Rho =  4.2602608064E-01     Rho at Nucleus =  4.2237257548E-01
           GradRho =  6.2218567971E-15 -2.5309005651E-15 -1.6852296468E-15
           HessRho_EigVals = -6.4875517582E+00 -6.4812292238E+00 -5.8907873851E+00
           HessRho_EigVec1 =  4.8203394596E-01  8.6019479426E-01 -1.6645777506E-01
           HessRho_EigVec2 =  3.1885363604E-01  4.7304379415E-03  9.4779216168E-01
           HessRho_EigVec3 =  8.1607330169E-01 -5.0994366247E-01 -2.7199600618E-01
           DelSqRho = -1.8859568367E+01
           Bond Ellipticity = NA
           V = -4.7239595214E+00
           G =  4.5337148117E-03
           K =  4.7194258066E+00
           L =  4.7148920918E+00
           Vnuc =  3.7602815290E+01
           Ven = -1.6019780019E+01
           Vrep =  1.1295820497E+01
           DelSqV =  7.1029045594E+02
           DelSqVen =  7.0917286575E+02
           DelSqVrep =  1.1175901886E+00
           DelSqG =  6.9907022182E+01
           DelSqK = -7.8019747812E+02
           Stress_EigVals = -1.6251971813E+00 -1.6244483304E+00 -1.4743140096E+00
           Stress_EigVec1 =  4.8337720103E-01  8.5919731717E-01 -1.6770942636E-01
           Stress_EigVec2 =  3.1926439699E-01  5.3594158075E-03  9.4765052708E-01
           Stress_EigVec3 =  8.1511761504E-01 -5.1161630821E-01 -2.7172049395E-01
           -DivStress = -6.4127279048E+00  4.0144536311E+00  2.1372125345E+00
           ESP =  -1.1148386321E+00     ESP at Nucleus =  -1.1172690822E+00
           ESPe = -9.9523200952E+00     ESPe at Nucleus = -9.8777755380E+00
           ESPn =  8.8374814631E+00     ESPn at Nucleus =  8.7605064558E+00

CP# 14     Coords = -5.18422657359790E+00 -1.26705383682934E+00 -2.69227571833887E-01
           Type = (3,-3) NACP C14
           Rho =  1.1768216035E+02     Rho at Nucleus =  1.1768216028E+02
           GradRho = -4.3276236761E-11 -1.9766537322E-10  1.7995680467E-11
           HessRho_EigVals = -1.4501084626E+05 -1.4500976877E+05 -1.4500957495E+05
           HessRho_EigVec1 =  3.2082626008E-01  3.5648027813E-03  9.4713135468E-01
           HessRho_EigVec2 =  9.3283848590E-01  1.7192043526E-01 -3.1663184167E-01
           HessRho_EigVec3 = -1.6395996482E-01  9.8510438844E-01  5.1831205048E-02
           DelSqRho = -4.3503018998E+05
           Bond Ellipticity = NA
           V = -1.0876773266E+05
           G =  5.0925824508E+00
           K =  1.0876264008E+05
           L =  1.0875754750E+05
           Vnuc =  6.1767110968E+06
           Ven = -7.2688870570E+08
           Vrep =  7.2677993797E+08
           DelSqV =  2.4953584256E+09
           DelSqVen =  2.6870564782E+12
           DelSqVrep = -2.6845609887E+12
           DelSqG =  1.3403717978E+08
           DelSqK = -2.6293956054E+09
           Stress_EigVals = -3.6256174055E+04 -3.6256059875E+04 -3.6255498731E+04
           Stress_EigVec1 = -9.0781423470E-02  9.9550765428E-01  2.6893185594E-02
           Stress_EigVec2 =  9.4325263016E-01  9.4615280269E-02 -3.1831183520E-01
           Stress_EigVec3 =  3.1942637468E-01  3.5297334622E-03  9.4760452307E-01
           -DivStress =  1.5759828082E+02  7.6870750700E+02 -7.9027605813E+01
           ESP =  -1.4750395851E+01     ESP at Nucleus =  -1.4750395865E+01
           ESPe = -2.3099795457E+01     ESPe at Nucleus = -2.3099796406E+01
           ESPn =  8.3493996066E+00     ESPn at Nucleus =  8.3494005417E+00

CP# 15     Coords = -6.78871067783997E+00 -2.36964257229271E+00  2.73412431104197E-01
           Type = (3,-3) NACP H15
           Rho =  4.2603203827E-01     Rho at Nucleus =  4.2237911633E-01
           GradRho =  5.7482772882E-15  1.9090089752E-15 -1.1760612015E-15
           HessRho_EigVals = -6.4877038858E+00 -6.4813995730E+00 -5.8910071454E+00
           HessRho_EigVec1 = -5.1645946451E-01  8.3885742503E-01  1.7201116821E-01
           HessRho_EigVec2 =  3.1892075851E-01  2.0039468481E-03  9.4777926438E-01
           HessRho_EigVec3 =  7.9470697198E-01  5.4434750359E-01 -2.6856400359E-01
           DelSqRho = -1.8860110604E+01
           Bond Ellipticity = NA
           V = -4.7240938092E+00
           G =  4.5330790955E-03
           K =  4.7195607301E+00
           L =  4.7150276510E+00
           Vnuc =  3.7631131138E+01
           Ven = -1.6032067501E+01
           Vrep =  1.1307973692E+01
           DelSqV =  7.1031438689E+02
           DelSqVen =  7.0972729543E+02
           DelSqVrep =  5.8709146672E-01
           DelSqG =  6.9910023668E+01
           DelSqK = -7.8022441056E+02
           Stress_EigVals = -1.6252382700E+00 -1.6244868861E+00 -1.4743686531E+00
           Stress_EigVec1 = -5.1791523581E-01  8.3779602016E-01  1.7280519992E-01
           Stress_EigVec2 =  3.1910956365E-01  1.7921170500E-03  9.4771613614E-01
           Stress_EigVec3 =  7.9368311995E-01  5.4598041808E-01 -2.6827688715E-01
           -DivStress = -6.2440526871E+00 -4.2846163249E+00  2.1100236063E+00
           ESP =  -1.1148829695E+00     ESP at Nucleus =  -1.1173129136E+00
           ESPe = -9.9779224368E+00     ESPe at Nucleus = -9.9033552481E+00
           ESPn =  8.8630394673E+00     ESPn at Nucleus =  8.7860423345E+00

CP# 16     Coords = -3.53002985784591E+00 -2.28548186531574E+00 -8.20543772926971E-01
           Type = (3,-3) NACP H16
           Rho =  4.2423217969E-01     Rho at Nucleus =  4.2047774295E-01
           GradRho = -1.1038912839E-14  4.7468268465E-15  2.9649981743E-15
           HessRho_EigVals = -6.4551240501E+00 -6.4485366837E+00 -5.8500642590E+00
           HessRho_EigVec1 =  4.7424884763E-01  8.6564137803E-01 -1.6047752230E-01
           HessRho_EigVec2 =  3.1699122511E-01  2.1583229560E-03  9.4842601443E-01
           HessRho_EigVec3 =  8.2134316441E-01 -5.0065991080E-01 -2.7337713875E-01
           DelSqRho = -1.8753724993E+01
           Bond Ellipticity = NA
           V = -4.6975393081E+00
           G =  4.5540299434E-03
           K =  4.6929852782E+00
           L =  4.6884312482E+00
           Vnuc =  3.8759765460E+01
           Ven = -1.6443139785E+01
           Vrep =  1.1745600477E+01
           DelSqV =  7.0575519533E+02
           DelSqVen =  7.2688998222E+02
           DelSqVrep = -2.1134786890E+01
           DelSqG =  6.9425991869E+01
           DelSqK = -7.7518118720E+02
           Stress_EigVals = -1.6170255399E+00 -1.6163152148E+00 -1.4641985534E+00
           Stress_EigVec1 =  4.7576544967E-01  8.6477958500E-01 -1.6063469817E-01
           Stress_EigVec2 =  3.1694603623E-01  1.8047346986E-03  9.4844185539E-01
           Stress_EigVec3 =  8.2048305712E-01 -5.0214839668E-01 -2.7322983127E-01
