AIMSum (Version 19.02.13, Professional)
Copyright (c) 1997-2019 by Todd A. Keith
AIMSum is a component of the AIMAll package ( http://aim.tkgristmill.com )

TP:  64-bit Linux

Much of the Quantum Theory of Atoms in Molecules (QTAIM) is described in the book:
  "Atoms in Molecules - A Quantum Theory"
  R.F.W. Bader, Oxford University Press, Oxford, 1990

For additional references see:  http://aim.tkgristmill.com/references.html

Wfn File:  /home/mhennefarth/Documents/ML_Diels/summary-levandowski2018/r_6-opt/r_6-opt.wfn
Sum File:  /home/mhennefarth/Documents/ML_Diels/summary-levandowski2018/r_6-opt/r_6-opt.sum

SumViz File:  /home/mhennefarth/Documents/ML_Diels/summary-levandowski2018/r_6-opt/r_6-opt.sumviz

Wfn Title:   Title Card Required                                                           
 
Total memory allocated for AIMSum =        0.887 Megabytes

Atomic units (a.u.) used throughout, except where stated otherwise

Model:  Restricted SCF
 
Restricted, closed-shell, single-determinant wavefunction.
  Number of electrons (from MO Occs)                   =          60.0000000000
  Number of Alpha electrons (from MO Occs)             =          30.0000000000
  Number of Beta electrons (from MO Occs)              =          30.0000000000
  Number of electron pairs (N*(N-1)/2)                 =        1770.0000000000
  Number of electron pairs (from Muller 2EDM)          =        1770.0000000000
 
Nuclear Charges and Cartesian Coordinates:
-------------------------------------------------------------------------------
Atom      Charge                X                  Y                  Z
-------------------------------------------------------------------------------
C1         6.0           1.8142471100E+00   1.9378804800E+00  -1.3602800000E-03
C2         6.0           2.1831381400E+00   1.7533873000E-01  -2.2398750300E+00
H3         1.0           2.0180366000E+00   7.9650626000E-01  -4.1848924500E+00
C4         6.0           2.8317326800E+00  -2.1313827500E+00  -1.3905253200E+00
H5         1.0           3.3081695900E+00  -3.7668811100E+00  -2.5337690000E+00
C6         6.0           2.1690584200E+00   1.8224108000E-01   2.2448004500E+00
H7         1.0           1.9918899400E+00   8.0943928000E-01   4.1868302400E+00
C8         6.0           2.8228385300E+00  -2.1270941100E+00   1.4066545800E+00
H9         1.0           3.2917350400E+00  -3.7591534800E+00   2.5578823100E+00
C10        6.0          -4.9818999500E+00  -9.8465696000E-01  -1.2639003000E+00
H11        1.0          -3.4940805500E+00  -1.9380523400E+00  -2.3116969800E+00
H12        1.0          -6.4438496700E+00  -6.1631130000E-02  -2.3750896100E+00
C13        6.0          -5.0100884600E+00  -9.5560609000E-01   1.2576678800E+00
H14        1.0          -6.4961865900E+00  -7.7130600000E-03   2.3147116400E+00
H15        1.0          -3.5466442300E+00  -1.8849412900E+00   2.3598379500E+00
H16        1.0           3.3954777200E+00   3.2950737900E+00   1.3932200000E-03
O17        8.0          -3.9545144000E-01   3.4538364600E+00  -1.0535610000E-02
H18        1.0          -1.8350951400E+00   2.3063391700E+00  -1.1694360000E-02
 
Some Atomic Properties:
----------------------
  q(A) = Net Charge of Atom A
  L(A) = Lagrangian of Atom A = -(1/4) Times Atomic Integral of the Laplacian of the Electron Density
  K(A) = Electronic Kinetic Energy of Atom A (Hamiltonian Form)
  K_Scaled(A) = K(A) * E(Mol)/K(Mol) = Approximation to Virial-Based Total Energy of Atom A.
  |Mu_Intra(A)| = Magnitude of Intraatomic Dipole Moment of Atom A
--------------------------------------------------------------------------------------------------
Atom A          q(A)              L(A)              K(A)          K_Scaled(A)      |Mu_Intra(A)|
--------------------------------------------------------------------------------------------------
C1        5.3697373680E-01  8.6729157335E-05  3.7378799987E+01 -3.7737981099E+01  5.3810618345E-01
C2       -7.9737501000E-02 -4.1780056706E-05  3.7759740290E+01 -3.8122581941E+01  1.6622627628E-01
H3        5.6928671550E-02  2.1134730726E-05  5.8689480855E-01 -5.9253440988E-01  1.4919175052E-01
C4       -6.3874732300E-02  4.4883576772E-05  3.7730055662E+01 -3.8092612067E+01  1.5239769001E-01
H5        4.7003435480E-02  2.3461177819E-05  5.9219124066E-01 -5.9788173658E-01  1.4968954952E-01
C6       -7.9858740700E-02 -2.4860492657E-05  3.7759696232E+01 -3.8122537461E+01  1.6642816259E-01
H7        5.6878718580E-02  2.1417027526E-05  5.8690721077E-01 -5.9254693128E-01  1.4920679409E-01
C8       -6.3830192200E-02 -7.0218692694E-05  3.7729971855E+01 -3.8092527455E+01  1.5188758871E-01
H9        4.7001555280E-02  2.0014432822E-05  5.9219443264E-01 -5.9788495922E-01  1.4968961809E-01
C10      -9.1122506900E-02 -2.4194698802E-05  3.7705087109E+01 -3.8067403586E+01  1.0350050537E-01
H11       5.7091157080E-02  8.4029679221E-06  5.8873559867E-01 -5.9439288856E-01  1.4241990368E-01
H12       4.7271611670E-02  1.8664629498E-05  5.9277661560E-01 -5.9847273651E-01  1.4540343991E-01
C13      -9.1046292200E-02 -1.4731630701E-05  3.7704943129E+01 -3.8067258222E+01  1.0323811629E-01
H14       4.7330679520E-02  1.9032836686E-05  5.9273159023E-01 -5.9842727848E-01  1.4539950827E-01
H15       5.6708407810E-02  2.9012846650E-05  5.8891212144E-01 -5.9457110758E-01  1.4260238212E-01
H16       5.0868703600E-02  3.4118438528E-05  6.0107831838E-01 -6.0685421218E-01  1.5135483514E-01
O17      -1.0861394833E+00 -1.2684023127E-05  7.5126713831E+01 -7.5848622952E+01  1.6751998167E-01
H18       5.5164893845E-01  1.0113401381E-05  3.6710386018E-01 -3.7063144193E-01  1.7345939695E-01
--------------------------------------------------------------------------------------------------
Total     9.6167220000E-05  1.4851562898E-04  3.4458453389E+02 -3.4789572249E+02
 
1st Largest |L(A)| = 8.6729157335E-05, atom C1      
2nd Largest |L(A)| = 7.0218692694E-05, atom C8      
 
Molecular charge q(Mol) from the wfn file:   0.0000000000E+00
Molecular energy E(Mol) from the wfn file:  -3.4789571846E+02
Molecular virial ratio (-V(Mol)/T(Mol)) from the wfn file:   2.0096092200E+00
Note.  K_Scaled(A) = (1+V(Mol)/T(Mol))*K(A) = (E(Mol)/T(Mol))*K(A)
       Only use K_Scaled(A) data with caution.
 
N_AIMInt(SumA)     =         59.999904
N_Analytic(Mol)    =         59.999989
 
G_AIMInt(SumA)     =        344.584385
G_Analytic(Mol)    =        344.584504
 
K_AIMInt(SumA)     =        344.584534
K_Analytic(Mol)    =        344.584504
 
L_AIMInt(SumA)     =          0.000149
L_Analytic(Mol)    =          0.000000
 
VenT_AIMInt(SumA)  =      -1496.413170
VenT_Analytic(Mol) =      -1496.413575
 
Some Information About the Atomic Calculations:
----------------------------------------------
  Time(sec) = "Elapsed User Time", in Seconds, for Atom A by AIMInt and, if used, by TWOe
  NProc = Number of Processors Used for AIMInt Job
  BIM = Basin Integration Method
  OAQ = Angular Quadrature Outside of Beta Sphere
  ORQ = Multiple of Default for Radial Quadrature Outside of Beta Sphere
  IAQ = Multiple of Default for Angular Quadrature Inside of Beta Sphere
  IRQ = Multiple of Default for Radial Quadrature Inside of Beta Sphere
  MIR = Maximum Integration Radius
------------------------------------------------------------------------------------------------------
Atom A     Time(sec)   NProc      BIM          OAQ                     ORQ      IAQ      IRQ      MIR
------------------------------------------------------------------------------------------------------
C1             25        8     Proaim(5)    4500(GS4)                  1.00     1.00     1.00    13.00
C2             26        8     Proaim(5)    4500(GS4)                  1.00     1.00     1.00    13.00
H3              5        8     Proaim(5)    1800(GS4)                  1.00     1.00     1.00    13.00
C4             20        8     Proaim(5)    4500(GS4)                  1.00     1.00     1.00    13.00
H5              4        8     Proaim(5)    1800(GS4)                  1.00     1.00     1.00    13.00
C6             27        8     Proaim(5)    4500(GS4)                  1.00     1.00     1.00    13.00
H7              5        8     Proaim(5)    1800(GS4)                  1.00     1.00     1.00    13.00
C8             21        8     Proaim(5)    4500(GS4)                  1.00     1.00     1.00    13.00
H9              5        8     Proaim(5)    1800(GS4)                  1.00     1.00     1.00    13.00
C10            32        8     Proaim(5)    4500(GS4)                  1.00     1.00     1.00    13.00
H11            11        8     Proaim(5)    4500(GS4)                  1.00     1.00     1.00    13.00
H12             5        8     Proaim(5)    1800(GS4)                  1.00     1.00     1.00    13.00
C13            25        8     Proaim(5)    4500(GS4)                  1.00     1.00     1.00    13.00
H14             4        8     Proaim(5)    1800(GS4)                  1.00     1.00     1.00    13.00
H15            13        8     Proaim(5)    4500(GS4)                  1.00     1.00     1.00    13.00
H16             5        8     Proaim(5)    1800(GS4)                  1.00     1.00     1.00    13.00
O17            15        8     Proaim(5)    4500(GS4)                  1.00     1.00     1.00    13.00
H18            12        8     Proaim(5)    4500(GS4)                  1.00     1.00     1.00    13.00
------------------------------------------------------------------------------------------------------
Total         260
Note:  Total wall clock time is less than total of atomic times if more than one atom
       was calculated at a time
 
Electron Density Critical Point Analysis of Molecular Structure:               
---------------------------------------------------------------                
  NACP = Nuclear Attractor Critical Point                                      
  NNACP = Non-Nuclear Attractor Critical Point                                 
  BCP = Bond Critical Point                                                    
  RCP = Ring Critical Point                                                    
  CCP = Cage Critical Point                                                    
  Rho = Electron Density                                                       
  GradRho = Gradient of Electron Density                                       
  HessRho_EigVals = Eigenvalues of the Hessian of Rho, Ascending Order         
  HessRho_EigVecs = Eigenvectors of the Hessian of Rho                         
  DelSqRho = Laplacian of Rho = Trace of Hessian of Rho                        
  Bond Ellipticity = (HessRho_EigVal(1) / HessRho_EigVal(2)) - 1               
  V = Virial Field = Potential Energy Density = Trace of Stress Tensor         
  G = Lagrangian Form of Kinetic Energy Density                                
  K = Hamiltonian Form of Kinetic Energy Density                               
  L = K - G = Lagrangian Density = (-1/4)DelSqRho                              
  Vnuc = Electrostatic Potential from Nuclei                                   
  Ven = Electron-nuclear attractive contribution to Virial Field V             
  Vrep = V - Ven = Repulsive contribution to Virial Field V                    
  DelSqV = Laplacian of V                                                      
  DelSqVen = Laplacian of Ven                                                  
  DelSqVrep = Laplacian of Vrep                                                
  DelSqG = Laplacian of G                                                      
  DelSqK = Laplacian of K                                                      
  Stress_EigVals = Eigenvalues of Stress Tensor, Ascending Order               
  Stress_EigVecs = Eigenvectors of Stress Tensor                               
  -DivStress = Ehrenfest Force Density = Minus Divergence of Stress Tensor     
  ESP = Total Electrostatic Potential                                          
  ESPe = Electrostatic Potential from Electrons                                
  ESPn = Electrostatic Potential from Nuclei                                   
  BP = Bond Path                                                               
  BPL = Bond Path Length                                                       
  GBL = Geometric Bond Length                                                  
  GBL_I = Distance Between Nuclear Attractors                                  
  GBL_II = Distance Between Nuclei                                             
  GBL_III = Sum of Distances Between BCP and Nuclear Attractors                
  GBL_IV = Sum of Distances Between BCP and Nuclei                             

CP# 1      Coords =  1.81424329093491E+00  1.93788242032648E+00 -1.36029537408554E-03
           Type = (3,-3) NACP C1
           Rho =  1.1752835068E+02     Rho at Nucleus =  1.1752834935E+02
           GradRho =  9.4313445942E-12 -7.7868822501E-12  6.1012393054E-15
           HessRho_EigVals = -1.4481247380E+05 -1.4481118560E+05 -1.4481069464E+05
           HessRho_EigVec1 =  8.8602459424E-01 -4.6362571779E-01  3.4076683315E-03
           HessRho_EigVec2 = -2.9624050087E-03  1.6886138854E-03  9.9999418635E-01
           HessRho_EigVec3 =  4.6362877667E-01  8.8602953810E-01 -1.2270628413E-04
           DelSqRho = -4.3443435404E+05
           Bond Ellipticity = NA
           V = -1.0861868755E+05
           G =  5.0495180804E+00
           K =  1.0861363803E+05
           L =  1.0860858851E+05
           Vnuc =  1.4006613011E+06
           Ven = -1.6461741258E+08
           Vrep =  1.6450879390E+08
           DelSqV =  2.4919447109E+09
           DelSqVen =  6.0849538765E+11
           DelSqVrep = -6.0600344191E+11
           DelSqG =  1.3384350659E+08
           DelSqK = -2.6257882174E+09
           Stress_EigVals = -3.6206453784E+04 -3.6206270713E+04 -3.6205963049E+04
           Stress_EigVec1 =  4.7987287544E-01  8.7733802859E-01 -8.3708292862E-05
           Stress_EigVec2 = -2.9795544968E-03  1.7251220526E-03  9.9999407309E-01
           Stress_EigVec3 =  8.7733297309E-01 -4.7986978186E-01  3.4419157482E-03
           -DivStress =  3.0938981065E+03 -1.5677336079E+03  1.2451278445E+01
           ESP =  -1.4687240897E+01     ESP at Nucleus =  -1.4687240988E+01
           ESPe = -2.8200680148E+01     ESPe at Nucleus = -2.8200679115E+01
           ESPn =  1.3513439251E+01     ESPn at Nucleus =  1.3513438127E+01

CP# 2      Coords =  2.18313842251874E+00  1.75339572236757E-01 -2.23987511785786E+00
           Type = (3,-3) NACP C2
           Rho =  1.1770751223E+02     Rho at Nucleus =  1.1770751217E+02
           GradRho =  7.7616163496E-11  1.5239687290E-10  5.6902260681E-12
           HessRho_EigVals = -1.4504534652E+05 -1.4504453892E+05 -1.4504420086E+05
           HessRho_EigVec1 =  9.0806420040E-01  4.0061124907E-01  1.2218852262E-01
           HessRho_EigVec2 = -2.0624212912E-01  1.7378512821E-01  9.6294491711E-01
           HessRho_EigVec3 = -3.6453201796E-01  8.9961622725E-01 -2.4043097045E-01
           DelSqRho = -4.3513408630E+05
           Bond Ellipticity = NA
           V = -1.0879381243E+05
           G =  5.1454295528E+00
           K =  1.0878866700E+05
           L =  1.0878352157E+05
           Vnuc =  6.7212573165E+06
           Ven = -7.9114247776E+08
           Vrep =  7.9103368395E+08
           DelSqV =  2.4959563634E+09
           DelSqVen =  2.9246485955E+12
           DelSqVrep = -2.9221526391E+12
           DelSqG =  1.3407230630E+08
           DelSqK = -2.6300286697E+09
           Stress_EigVals = -3.6264874501E+04 -3.6264686820E+04 -3.6264251113E+04
           Stress_EigVec1 = -2.3849088688E-01  7.6778617315E-01 -5.9466502268E-01
           Stress_EigVec2 = -2.3839884058E-01  5.4731146390E-01  8.0225691290E-01
           Stress_EigVec3 =  9.4142874913E-01  3.3309841461E-01  5.2510537064E-02
           -DivStress = -2.3044179443E+02 -6.8294399778E+02  6.7072078449E+01
           ESP =  -1.4749080830E+01     ESP at Nucleus =  -1.4749080839E+01
           ESPe = -2.7169898994E+01     ESPe at Nucleus = -2.7169899462E+01
           ESPn =  1.2420818164E+01     ESPn at Nucleus =  1.2420818623E+01

CP# 3      Coords =  2.02093131330290E+00  7.85804952105314E-01 -4.15136528050475E+00
           Type = (3,-3) NACP H3
           Rho =  4.2351129204E-01     Rho at Nucleus =  4.1976499346E-01
           GradRho =  3.3794897219E-10 -1.2509549438E-09  3.9271535598E-09
           HessRho_EigVals = -6.4541389327E+00 -6.4485016708E+00 -5.8491754177E+00
           HessRho_EigVec1 = -1.8959256165E-01  9.3126458939E-01  3.1112847044E-01
           HessRho_EigVec2 =  9.7851447676E-01  2.0535625685E-01 -1.8390936551E-02
           HessRho_EigVec3 =  8.1019006065E-02 -3.0095692768E-01  9.5018990120E-01
           DelSqRho = -1.8751816021E+01
           Bond Ellipticity = NA
           V = -4.6972376499E+00
           G =  4.6418222996E-03
           K =  4.6925958276E+00
           L =  4.6879540053E+00
           Vnuc =  4.0216396604E+01
           Ven = -1.7032098087E+01
           Vrep =  1.2334860437E+01
           DelSqV =  7.0594354384E+02
           DelSqVen =  7.5413047676E+02
           DelSqVrep = -4.8186932915E+01
           DelSqG =  6.9535020218E+01
           DelSqK = -7.7547856406E+02
           Stress_EigVals = -1.6168607013E+00 -1.6164766364E+00 -1.4639003122E+00
           Stress_EigVec1 = -2.4517860613E-01  9.1729265610E-01  3.1378596870E-01
           Stress_EigVec2 =  9.6600315355E-01  2.5852848021E-01 -9.6552941208E-04
           Stress_EigVec3 =  8.2008282638E-02 -3.0288150815E-01  9.4949325095E-01
           -DivStress = -6.5156211201E-01  2.4076056316E+00 -7.5417967545E+00
           ESP =  -1.1012246214E+00     ESP at Nucleus =  -1.1037861668E+00
           ESPe = -1.2998989394E+01     ESPe at Nucleus = -1.2907870283E+01
           ESPn =  1.1897764773E+01     ESPn at Nucleus =  1.1804084116E+01

CP# 4      Coords =  2.83173314927006E+00 -2.13138387031132E+00 -1.39052426439611E+00
           Type = (3,-3) NACP C4
           Rho =  1.1768186086E+02     Rho at Nucleus =  1.1768186068E+02
           GradRho =  2.9703482035E-10 -6.3814731277E-10  5.9707949696E-10
           HessRho_EigVals = -1.4500712172E+05 -1.4500623306E+05 -1.4500587671E+05
           HessRho_EigVec1 =  9.5701476852E-01  2.8710111661E-01  4.1178655688E-02
           HessRho_EigVec2 = -8.3823693442E-02  1.3786571639E-01  9.8689747829E-01
           HessRho_EigVec3 = -2.7766224313E-01  9.4792720875E-01 -1.5600540264E-01
           DelSqRho = -4.3501923149E+05
           Bond Ellipticity = NA
           V = -1.0876504852E+05
           G =  5.1203220286E+00
           K =  1.0875992819E+05
           L =  1.0875480787E+05
           Vnuc =  3.7285101735E+06
           Ven = -4.3877801547E+08
           Vrep =  4.3866925042E+08
           DelSqV =  2.4952927049E+09
           DelSqVen =  1.6219735900E+12
           DelSqVrep = -1.6194783055E+12
           DelSqG =  1.3403023964E+08
           DelSqK = -2.6293229445E+09
           Stress_EigVals = -3.6255298947E+04 -3.6255108329E+04 -3.6254641239E+04
           Stress_EigVec1 = -2.7795299582E-01  9.6040097291E-01  1.9289980550E-02
           Stress_EigVec2 = -1.6123589269E-02 -2.4742963737E-02  9.9956381268E-01
           Stress_EigVec3 =  9.6045934947E-01  2.7752073252E-01  2.2362491717E-02
           -DivStress = -3.7992654871E+02  9.0567467071E+02 -8.6141115940E+02
           ESP =  -1.4738860339E+01     ESP at Nucleus =  -1.4738860359E+01
           ESPe = -2.6610914634E+01     ESPe at Nucleus = -2.6610915646E+01
           ESPn =  1.1872054295E+01     ESPn at Nucleus =  1.1872055287E+01

CP# 5      Coords =  3.30004690479604E+00 -3.73908684105892E+00 -2.51415948858592E+00
           Type = (3,-3) NACP H5
           Rho =  4.2609367608E-01     Rho at Nucleus =  4.2238954411E-01
           GradRho = -1.3721662695E-15  4.1040304835E-15  3.4850594632E-15
           HessRho_EigVals = -6.5037278755E+00 -6.4981409043E+00 -5.8996136832E+00
           HessRho_EigVec1 =  1.4783381416E-01 -5.4134919047E-01  8.2769935204E-01
           HessRho_EigVec2 =  9.6146418147E-01  2.7481340077E-01  8.0138940515E-03
           HessRho_EigVec3 = -2.3180118881E-01  7.9461855549E-01  5.6111456952E-01
           DelSqRho = -1.8901482463E+01
           Bond Ellipticity = NA
           V = -4.7343612051E+00
           G =  4.4952946507E-03
           K =  4.7298659104E+00
           L =  4.7253706158E+00
           Vnuc =  3.9812338563E+01
           Ven = -1.6963785692E+01
           Vrep =  1.2229424487E+01
           DelSqV =  7.1193088041E+02
           DelSqVen =  7.5251221916E+02
           DelSqVrep = -4.0581338747E+01
           DelSqG =  7.0214469376E+01
           DelSqK = -7.8214534979E+02
           Stress_EigVals = -1.6291696173E+00 -1.6285725785E+00 -1.4766190093E+00
           Stress_EigVec1 =  9.1872836198E-02 -5.5541402036E-01  8.2648330168E-01
           Stress_EigVec2 =  9.6835635780E-01  2.4324807518E-01  5.5824172423E-02
           Stress_EigVec3 = -2.3204600034E-01  7.9520163475E-01  5.6018658840E-01
           -DivStress =  1.8414131669E+00 -6.3011270533E+00 -4.4447859415E+00
           ESP =  -1.0997363493E+00     ESP at Nucleus =  -1.1022657673E+00
           ESPe = -1.2317672174E+01     ESPe at Nucleus = -1.2228127399E+01
           ESPn =  1.1217935825E+01     ESPn at Nucleus =  1.1125861631E+01

CP# 6      Coords =  2.16905870308139E+00  1.82241924526193E-01  2.24480053755528E+00
           Type = (3,-3) NACP C6
           Rho =  1.1770736156E+02     Rho at Nucleus =  1.1770736150E+02
           GradRho =  7.8947237636E-11  1.5461520952E-10  2.0018431357E-11
           HessRho_EigVals = -1.4504514096E+05 -1.4504433438E+05 -1.4504399608E+05
           HessRho_EigVec1 =  9.0882214899E-01  4.0016053046E-01 -1.1795698950E-01
           HessRho_EigVec2 =  2.0043645371E-01 -1.7085316739E-01  9.6469395314E-01
           HessRho_EigVec3 = -3.6587911875E-01  9.0037811227E-01  2.3548190039E-01
           DelSqRho = -4.3513347142E+05
           Bond Ellipticity = NA
           V = -1.0879365870E+05
           G =  5.1454242159E+00
           K =  1.0878851328E+05
           L =  1.0878336785E+05
           Vnuc =  6.7039209816E+06
           Ven = -7.8910085087E+08
           Vrep =  7.8899205721E+08
           DelSqV =  2.4959528358E+09
           DelSqVen =  2.9171005522E+12
           DelSqVrep = -2.9146047304E+12
           DelSqG =  1.3407209837E+08
           DelSqK = -2.6300249341E+09
           Stress_EigVals = -3.6264823211E+04 -3.6264635469E+04 -3.6264200024E+04
           Stress_EigVec1 = -2.4211929025E-01  7.6971507691E-01  5.9069192449E-01
           Stress_EigVec2 =  2.3333039517E-01 -5.4474724250E-01  8.0548579657E-01
           Stress_EigVec3 =  9.4177235890E-01  3.3285002954E-01 -4.7704107345E-02
           -DivStress = -2.3095028622E+02 -6.8479027266E+02 -6.6833180907E+01
           ESP =  -1.4749093084E+01     ESP at Nucleus =  -1.4749093093E+01
           ESPe = -2.7171524024E+01     ESPe at Nucleus = -2.7171524494E+01
           ESPn =  1.2422430940E+01     ESPn at Nucleus =  1.2422431401E+01

CP# 7      Coords =  1.99499206081119E+00  7.98634819828980E-01  4.15335693227850E+00
           Type = (3,-3) NACP H7
           Rho =  4.2351136185E-01     Rho at Nucleus =  4.1976547377E-01
           GradRho =  3.4363813791E-10 -1.1981579687E-09 -3.7194481887E-09
           HessRho_EigVals = -6.4541627968E+00 -6.4485222852E+00 -5.8492413831E+00
           HessRho_EigVec1 = -1.8758456098E-01  9.3030785907E-01 -3.1518140782E-01
           HessRho_EigVec2 =  9.7839649360E-01  2.0535804237E-01  2.3840632219E-02
           HessRho_EigVec3 = -8.6904164419E-02  3.0390024973E-01  9.4873194551E-01
           DelSqRho = -1.8751926465E+01
           Bond Ellipticity = NA
           V = -4.6972663308E+00
           G =  4.6423572749E-03
           K =  4.6926239736E+00
           L =  4.6879816163E+00
           Vnuc =  4.0220794349E+01
           Ven = -1.7033963389E+01
           Vrep =  1.2336697059E+01
           DelSqV =  7.0594987018E+02
           DelSqVen =  7.5421738428E+02
           DelSqVrep = -4.8267514102E+01
           DelSqG =  6.9535829104E+01
           DelSqK = -7.7548569928E+02
           Stress_EigVals = -1.6168664735E+00 -1.6164829957E+00 -1.4639168616E+00
           Stress_EigVec1 = -2.4311739824E-01  9.1634058752E-01 -3.1814125532E-01
           Stress_EigVec2 =  9.6600712138E-01  2.5844148925E-01  6.1836936654E-03
           Stress_EigVec3 = -8.7887269303E-02  3.0582335473E-01  9.4802315562E-01
           -DivStress = -6.9822104836E-01  2.4308260190E+00  7.5297238527E+00
           ESP =  -1.1012269337E+00     ESP at Nucleus =  -1.1037880991E+00
           ESPe = -1.3001724582E+01     ESPe at Nucleus = -1.2910625260E+01
           ESPn =  1.1900497648E+01     ESPn at Nucleus =  1.1806837160E+01

CP# 8      Coords =  2.82283900950870E+00 -2.12709523290146E+00  1.40665352969211E+00
           Type = (3,-3) NACP C8
           Rho =  1.1768171046E+02     Rho at Nucleus =  1.1768171027E+02
           GradRho =  2.5701406281E-10 -6.7164340756E-10 -6.2122618161E-10
           HessRho_EigVals = -1.4500688219E+05 -1.4500599281E+05 -1.4500563620E+05
           HessRho_EigVec1 =  9.5731424903E-01  2.8679866682E-01 -3.5999351648E-02
           HessRho_EigVec2 =  7.7468365138E-02 -1.3458542919E-01  9.8786912830E-01
           HessRho_EigVec3 = -2.7847456080E-01  9.4849000362E-01  1.5105837291E-01
           DelSqRho = -4.3501851120E+05
           Bond Ellipticity = NA
           V = -1.0876486812E+05
           G =  5.1201618167E+00
           K =  1.0875974796E+05
           L =  1.0875462780E+05
           Vnuc =  3.7253671077E+06
           Ven = -4.3840757334E+08
           Vrep =  4.3829880847E+08
           DelSqV =  2.4952885240E+09
           DelSqVen =  1.6206036255E+12
           DelSqVrep = -1.6181083451E+12
           DelSqG =  1.3402996539E+08
           DelSqK = -2.6293184894E+09
           Stress_EigVals = -3.6255238930E+04 -3.6255048218E+04 -3.6254580976E+04
           Stress_EigVec1 = -2.7768541391E-01  9.6037062032E-01 -2.4064133646E-02
           Stress_EigVec2 =  9.7439994178E-03  2.7863632472E-02  9.9956424129E-01
           Stress_EigVec3 =  9.6062264463E-01  2.7732992917E-01 -1.7095175081E-02
           -DivStress = -3.8828671780E+02  9.0777443809E+02  8.5713251294E+02
           ESP =  -1.4738859375E+01     ESP at Nucleus =  -1.4738859395E+01
           ESPe = -2.6611521258E+01     ESPe at Nucleus = -2.6611522272E+01
           ESPn =  1.1872661883E+01     ESPn at Nucleus =  1.1872662876E+01

CP# 9      Coords =  3.28374158590842E+00 -3.73141761326395E+00  2.53813638806670E+00
           Type = (3,-3) NACP H9
           Rho =  4.2609655697E-01     Rho at Nucleus =  4.2239228076E-01
           GradRho = -1.2420620088E-15  4.9881973552E-15 -2.5708601914E-15
           HessRho_EigVals = -6.5037633719E+00 -6.4981753165E+00 -5.8996317906E+00
           HessRho_EigVec1 = -1.5300117159E-01  5.4389731232E-01  8.2508566534E-01
           HessRho_EigVec2 =  9.6154130831E-01  2.7464666787E-01 -2.7423065083E-03
           HessRho_EigVec3 = -2.2809856184E-01  7.9293437401E-01 -5.6500099523E-01
           DelSqRho = -1.8901570479E+01
           Bond Ellipticity = NA
           V = -4.7343838413E+00
           G =  4.4956107856E-03
           K =  4.7298882305E+00
           L =  4.7253926197E+00
           Vnuc =  3.9812707346E+01
           Ven = -1.6964057524E+01
           Vrep =  1.2229673683E+01
           DelSqV =  7.1193355505E+02
           DelSqVen =  7.5252269386E+02
           DelSqVrep = -4.0589138812E+01
           DelSqG =  7.0214655200E+01
           DelSqK = -7.8214821025E+02
           Stress_EigVals = -1.6291784495E+00 -1.6285820038E+00 -1.4766233879E+00
           Stress_EigVec1 = -9.6967486095E-02  5.5796593965E-01  8.2417917763E-01
           Stress_EigVec2 =  9.6873834645E-01  2.4289764253E-01 -5.0465348240E-02
           Stress_EigVec3 = -2.2834912471E-01  7.9352047576E-01 -5.6407617552E-01
           -DivStress =  1.8121315357E+00 -6.2879175323E+00  4.4757311078E+00
           ESP =  -1.0997552181E+00     ESP at Nucleus =  -1.1022847613E+00
           ESPe = -1.2318559046E+01     ESPe at Nucleus = -1.2229014887E+01
           ESPn =  1.1218803828E+01     ESPn at Nucleus =  1.1126730126E+01

CP# 10     Coords = -4.98189991017556E+00 -9.84656634255207E-01 -1.26390099400246E+00
           Type = (3,-3) NACP C10
           Rho =  1.1770092796E+02     Rho at Nucleus =  1.1770092792E+02
           GradRho = -4.6298794659E-11  5.0836992602E-11 -9.1813445735E-11
           HessRho_EigVals = -1.4503837649E+05 -1.4503717080E+05 -1.4503702187E+05
           HessRho_EigVec1 =  5.3660140254E-01  8.4354948884E-01  2.1981689485E-02
           HessRho_EigVec2 =  8.3195725849E-01 -5.3322368560E-01  1.5336108099E-01
           HessRho_EigVec3 = -1.4108881896E-01  6.4005945035E-02  9.8792569769E-01
           DelSqRho = -4.3511256916E+05
           Bond Ellipticity = NA
           V = -1.0878834167E+05
           G =  5.0996885796E+00
           K =  1.0878324198E+05
           L =  1.0877814229E+05
           Vnuc =  7.8157497783E+06
           Ven = -9.1992100165E+08
           Vrep =  9.1981221331E+08
           DelSqV =  2.4958338686E+09
           DelSqVen =  3.4007304110E+12
           DelSqVrep = -3.3982345771E+12
           DelSqG =  1.3406676607E+08
           DelSqK = -2.6299006347E+09
           Stress_EigVals = -3.6263045100E+04 -3.6262943426E+04 -3.6262353142E+04
           Stress_EigVec1 = -6.7452044378E-02  3.3572741671E-02  9.9715750648E-01
           Stress_EigVec2 =  8.4196052062E-01 -5.3430889822E-01  7.4943198570E-02
           Stress_EigVec3 =  5.3530617728E-01  8.4462232525E-01  7.7733044580E-03
           -DivStress = -3.1383778089E+01 -2.6387619793E+02  5.6373048416E+02
           ESP =  -1.4733247760E+01     ESP at Nucleus =  -1.4733247769E+01
           ESPe = -2.4433762094E+01     ESPe at Nucleus = -2.4433762650E+01
           ESPn =  9.7005143339E+00     ESPn at Nucleus =  9.7005148809E+00

CP# 11     Coords = -3.51990107989513E+00 -1.92152440831193E+00 -2.29360813478506E+00
           Type = (3,-3) NACP H11
           Rho =  4.2353501274E-01     Rho at Nucleus =  4.1973745847E-01
           GradRho = -1.7798262864E-15  2.9056618223E-16  1.6063539388E-15
           HessRho_EigVals = -6.4410885540E+00 -6.4346767373E+00 -5.8325973771E+00
           HessRho_EigVec1 =  4.3489769516E-01 -2.6310999722E-01  8.6118356005E-01
           HessRho_EigVec2 = -5.3376654146E-01 -8.4555749422E-01  1.1216201900E-02
           HessRho_EigVec3 =  7.2522911825E-01 -4.6454887077E-01 -5.0817031860E-01
           DelSqRho = -1.8708362668E+01
           Bond Ellipticity = NA
           V = -4.6860930248E+00
           G =  4.5011788634E-03
           K =  4.6815918460E+00
           L =  4.6770906671E+00
           Vnuc =  3.9684140749E+01
           Ven = -1.6807623058E+01
           Vrep =  1.2121530033E+01
           DelSqV =  7.0378756526E+02
           DelSqVen =  7.4242529731E+02
           DelSqVrep = -3.8637732056E+01
           DelSqG =  6.9209036707E+01
           DelSqK = -7.7299660196E+02
           Stress_EigVals = -1.6135420593E+00 -1.6127611163E+00 -1.4597898492E+00
           Stress_EigVec1 =  4.3531953669E-01 -2.6510985554E-01  8.6035670827E-01
           Stress_EigVec2 = -5.3438986041E-01 -8.4517949168E-01  9.9550958516E-03
           Stress_EigVec3 =  7.2451665134E-01 -4.6409954896E-01 -5.0959516343E-01
           -DivStress =  5.7919625282E+00 -3.7077332636E+00 -4.0589648304E+00
           ESP =  -1.1003280091E+00     ESP at Nucleus =  -1.1028424291E+00
           ESPe = -1.2691462234E+01     ESPe at Nucleus = -1.2635174432E+01
           ESPn =  1.1591134225E+01     ESPn at Nucleus =  1.1532332002E+01

CP# 12     Coords = -6.41883115105612E+00 -7.74110519610613E-02 -2.35607058734883E+00
           Type = (3,-3) NACP H12
           Rho =  4.2482879600E-01     Rho at Nucleus =  4.2110561949E-01
           GradRho =  7.3985956250E-16 -1.7954387976E-16  1.0061396161E-15
           HessRho_EigVals = -6.4655675458E+00 -6.4594414390E+00 -5.8629802178E+00
           HessRho_EigVec1 = -4.5018106642E-01  2.9860594099E-01  8.4152926238E-01
           HessRho_EigVec2 = -5.3909746347E-01 -8.4217864435E-01  1.0442982750E-02
           HessRho_EigVec3 =  7.1183631006E-01 -4.4896505767E-01  5.4011058560E-01
           DelSqRho = -1.8787989203E+01
           Bond Ellipticity = NA
           V = -4.7059060718E+00
           G =  4.4543855691E-03
           K =  4.7014516862E+00
           L =  4.6969973007E+00
           Vnuc =  3.8552047001E+01
           Ven = -1.6378019711E+01
           Vrep =  1.1672113639E+01
           DelSqV =  7.0720366076E+02
           DelSqVen =  7.2431544279E+02
           DelSqVrep = -1.7111782027E+01
           DelSqG =  6.9574538489E+01
           DelSqK = -7.7677819925E+02
           Stress_EigVals = -1.6196985825E+00 -1.6188743946E+00 -1.4673330947E+00
           Stress_EigVec1 = -4.5599191780E-01  2.9235208367E-01  8.4059599694E-01
           Stress_EigVec2 = -5.3535908168E-01 -8.4461796539E-01  3.3385927780E-03
           Stress_EigVec3 =  7.1095852521E-01 -4.4849832966E-01  5.4165230889E-01
           -DivStress = -5.6354939996E+00  3.5547743218E+00 -4.2859811896E+00
           ESP =  -1.0991220401E+00     ESP at Nucleus =  -1.1015986761E+00
           ESPe = -1.1214701760E+01     ESPe at Nucleus = -1.1136506790E+01
           ESPn =  1.0115579720E+01     ESPn at Nucleus =  1.0034908114E+01

CP# 13     Coords = -5.01008843148685E+00 -9.55605750720516E-01  1.25766857218199E+00
           Type = (3,-3) NACP C13
           Rho =  1.1770070887E+02     Rho at Nucleus =  1.1770070882E+02
           GradRho =  5.8294268718E-11  5.2143699081E-11  9.6088914603E-11
           HessRho_EigVals = -1.4503803596E+05 -1.4503683171E+05 -1.4503668234E+05
           HessRho_EigVec1 =  5.3739901755E-01  8.4281963342E-01 -2.9280735322E-02
           HessRho_EigVec2 =  8.3554893882E-01 -5.3682587954E-01 -1.1694419994E-01
           HessRho_EigVec3 =  1.1428152421E-01 -3.8380210828E-02  9.9270675058E-01
           DelSqRho = -4.3511155001E+05
           Bond Ellipticity = NA
           V = -1.0878808659E+05
           G =  5.0995456194E+00
           K =  1.0878298705E+05
           L =  1.0877788750E+05
           Vnuc =  7.7781963717E+06
           Ven = -9.1549922665E+08
           Vrep =  9.1539043857E+08
           DelSqV =  2.4958279678E+09
           DelSqVen =  3.3843831112E+12
           DelSqVrep = -3.3818872832E+12
           DelSqG =  1.3406638352E+08
           DelSqK = -2.6298943513E+09
           Stress_EigVals = -3.6262960085E+04 -3.6262858194E+04 -3.6262268315E+04
           Stress_EigVec1 =  4.3059582248E-02 -9.4194981936E-03  9.9902810042E-01
           Stress_EigVec2 =  8.4326729322E-01 -5.3589775752E-01 -4.1398860864E-02
           Stress_EigVec3 =  5.3576687521E-01  8.4423033974E-01 -1.5132378821E-02
           -DivStress = -2.2215348101E+01 -2.7486860676E+02 -5.6225466538E+02
           ESP =  -1.4733194067E+01     ESP at Nucleus =  -1.4733194076E+01
           ESPe = -2.4421475672E+01     ESPe at Nucleus = -2.4421476238E+01
           ESPn =  9.6882816054E+00     ESPn at Nucleus =  9.6882821615E+00

CP# 14     Coords = -6.47075692161747E+00 -2.39172284240800E-02  2.29662089166037E+00
           Type = (3,-3) NACP H14
           Rho =  4.2480568506E-01     Rho at Nucleus =  4.2108306227E-01
           GradRho = -1.4823212102E-15 -4.6317116809E-16  3.8510861167E-16
           HessRho_EigVals = -6.4653063109E+00 -6.4591765338E+00 -5.8627758171E+00
           HessRho_EigVec1 =  4.3121650294E-01 -2.7925464319E-01  8.5794473706E-01
           HessRho_EigVec2 = -5.3900515612E-01 -8.4229619945E-01 -3.2487012670E-03
           HessRho_EigVec3 =  7.2355080628E-01 -4.6103574334E-01 -5.1373171412E-01
           DelSqRho = -1.8787258662E+01
           Bond Ellipticity = NA
           V = -4.7057211805E+00
           G =  4.4532575220E-03
           K =  4.7012679230E+00
           L =  4.6968146654E+00
           Vnuc =  3.8539424502E+01
           Ven = -1.6371766627E+01
           Vrep =  1.1666045447E+01
           DelSqV =  7.0717967349E+02
           DelSqVen =  7.2405013680E+02
           DelSqVrep = -1.6870463309E+01
           DelSqG =  6.9572839018E+01
           DelSqK = -7.7675251251E+02
           Stress_EigVals = -1.6196312306E+00 -1.6188080011E+00 -1.4672819487E+00
           Stress_EigVec1 = -4.3699174972E-01  2.7311269937E-01 -8.5699922061E-01
           Stress_EigVec2 =  5.3547425609E-01  8.4454254415E-01 -3.9002814200E-03
           Stress_EigVec3 =  7.2270708571E-01 -4.6060541092E-01 -5.1530294360E-01
           -DivStress = -5.7279475676E+00  3.6502517307E+00  4.0767361095E+00
           ESP =  -1.0991022166E+00     ESP at Nucleus =  -1.1015774785E+00
           ESPe = -1.1200482265E+01     ESPe at Nucleus = -1.1122301317E+01
           ESPn =  1.0101380048E+01     ESPn at Nucleus =  1.0020723838E+01

CP# 15     Coords = -3.57203608754755E+00 -1.86883090022042E+00  2.34081238668252E+00
           Type = (3,-3) NACP H15
           Rho =  4.2361648129E-01     Rho at Nucleus =  4.1982049408E-01
           GradRho =  4.1026210207E-16  1.0885389812E-15  7.7715611724E-16
           HessRho_EigVals = -6.4424581610E+00 -6.4360416940E+00 -5.8340510854E+00
           HessRho_EigVec1 = -4.5387332886E-01  2.8263902525E-01  8.4505276921E-01
           HessRho_EigVec2 = -5.3388145241E-01 -8.4555016124E-01 -3.9394920310E-03
           HessRho_EigVec3 =  7.1342105108E-01 -4.5294603015E-01  5.3466839971E-01
           DelSqRho = -1.8712550940E+01
           Bond Ellipticity = NA
           V = -4.6871384455E+00
           G =  4.5003551933E-03
           K =  4.6826380903E+00
           L =  4.6781377351E+00
           Vnuc =  3.9661522636E+01
           Ven = -1.6801274662E+01
           Vrep =  1.2114136216E+01
           DelSqV =  7.0395507086E+02
           DelSqVen =  7.4216826270E+02
           DelSqVrep = -3.8213191836E+01
           DelSqG =  6.9226591550E+01
           DelSqK = -7.7318166241E+02
           Stress_EigVals = -1.6138858222E+00 -1.6131034267E+00 -1.4601491966E+00
           Stress_EigVec1 = -4.5411777594E-01  2.8486737971E-01  8.4417274391E-01
           Stress_EigVec2 = -5.3466659167E-01 -8.4505953223E-01 -2.4541290268E-03
           Stress_EigVec3 =  7.1267712278E-01 -4.5246542738E-01  5.3606562630E-01
           -DivStress =  5.6970169257E+00 -3.6148351183E+00  4.2700193105E+00
           ESP =  -1.1002829263E+00     ESP at Nucleus =  -1.1027974621E+00
           ESPe = -1.2659754661E+01     ESPe at Nucleus = -1.2603056694E+01
           ESPn =  1.1559471735E+01     ESPn at Nucleus =  1.1500259232E+01

CP# 16     Coords =  3.37015866022692E+00  3.27308901606278E+00  1.34938191521554E-03
           Type = (3,-3) NACP H16
           Rho =  4.2605161185E-01     Rho at Nucleus =  4.2262159981E-01
           GradRho = -6.2623517483E-16 -7.4766581815E-16 -4.5888009918E-19
           HessRho_EigVals = -6.5394489160E+00 -6.5331850546E+00 -5.9550380108E+00
           HessRho_EigVec1 = -6.5287150876E-01  7.5746278116E-01 -2.9880107180E-03
           HessRho_EigVec2 = -2.9483726251E-03  1.4034832208E-03  9.9999466865E-01
           HessRho_EigVec3 =  7.5746293648E-01  6.5287683785E-01  1.3169883206E-03
           DelSqRho = -1.9027671981E+01
           Bond Ellipticity = NA
           V = -4.7659919001E+00
           G =  4.5369523574E-03
           K =  4.7614549477E+00
           L =  4.7569179953E+00
           Vnuc =  4.2540343229E+01
           Ven = -1.8124381801E+01
           Vrep =  1.3358389901E+01
           DelSqV =  7.1812354105E+02
           DelSqVen =  8.0944369694E+02
           DelSqVrep = -9.1320155887E+01
           DelSqG =  7.1185391966E+01
           DelSqK = -7.8930893302E+02
           Stress_EigVals = -1.6376025597E+00 -1.6370195971E+00 -1.4913697433E+00
