AIMSum (Version 19.02.13, Professional)
Copyright (c) 1997-2019 by Todd A. Keith
AIMSum is a component of the AIMAll package ( http://aim.tkgristmill.com )

TP:  64-bit Linux

Much of the Quantum Theory of Atoms in Molecules (QTAIM) is described in the book:
  "Atoms in Molecules - A Quantum Theory"
  R.F.W. Bader, Oxford University Press, Oxford, 1990

For additional references see:  http://aim.tkgristmill.com/references.html

Wfn File:  /home/mhennefarth/Documents/ML_Diels/summary-levandowski2018/r_7-opt/r_7-opt.wfn
Sum File:  /home/mhennefarth/Documents/ML_Diels/summary-levandowski2018/r_7-opt/r_7-opt.sum

SumViz File:  /home/mhennefarth/Documents/ML_Diels/summary-levandowski2018/r_7-opt/r_7-opt.sumviz

Wfn Title:   Title Card Required                                                           
 
Total memory allocated for AIMSum =        0.881 Megabytes

Atomic units (a.u.) used throughout, except where stated otherwise

Model:  Restricted SCF
 
Restricted, closed-shell, single-determinant wavefunction.
  Number of electrons (from MO Occs)                   =          68.0000000000
  Number of Alpha electrons (from MO Occs)             =          34.0000000000
  Number of Beta electrons (from MO Occs)              =          34.0000000000
  Number of electron pairs (N*(N-1)/2)                 =        2278.0000000000
  Number of electron pairs (from Muller 2EDM)          =        2278.0000000000
 
Nuclear Charges and Cartesian Coordinates:
-------------------------------------------------------------------------------
Atom      Charge                X                  Y                  Z
-------------------------------------------------------------------------------
C1         6.0          -3.0761921800E+00   3.7677217000E-01  -3.3345818000E-01
C2         6.0          -2.8369993600E+00  -1.0783356700E+00   2.1015159100E+00
H3         1.0          -3.5302517600E+00  -3.8813310000E-01   3.9002594400E+00
C4         6.0          -1.6550538400E+00  -3.2855299100E+00   1.6407733400E+00
H5         1.0          -1.2137131800E+00  -4.7388340100E+00   3.0175565300E+00
C6         6.0          -1.8043377000E+00  -1.3213637200E+00  -2.2402672800E+00
H7         1.0          -1.6348239300E+00  -8.5493605000E-01  -4.2261654800E+00
C8         6.0          -1.0157289500E+00  -3.4370689900E+00  -1.0614765700E+00
H9         1.0          -7.0466330000E-02  -5.0306055200E+00  -1.9396655300E+00
C10        6.0           6.2150389800E+00   1.0628909700E+00   1.0289268800E+00
H11        1.0           4.4317027600E+00   1.9549721700E+00   1.5254643700E+00
H12        1.0           7.8956184600E+00   1.7660010800E+00   1.9819157000E+00
C13        6.0           6.3304546300E+00  -7.9229008000E-01  -6.6623318000E-01
H14        1.0           8.1064933300E+00  -1.6923995200E+00  -1.1780419200E+00
H15        1.0           4.6425677300E+00  -1.4841153300E+00  -1.6124418400E+00
H16        1.0          -5.0602979600E+00   7.0743994000E-01  -8.4094696000E-01
S17       16.0          -1.4684998000E+00   3.5006831900E+00  -3.0355517000E-01
H18        1.0          -3.0139216900E+00   4.5992306600E+00   1.4102629700E+00
 
Some Atomic Properties:
----------------------
  q(A) = Net Charge of Atom A
  L(A) = Lagrangian of Atom A = -(1/4) Times Atomic Integral of the Laplacian of the Electron Density
  K(A) = Electronic Kinetic Energy of Atom A (Hamiltonian Form)
  K_Scaled(A) = K(A) * E(Mol)/K(Mol) = Approximation to Virial-Based Total Energy of Atom A.
  |Mu_Intra(A)| = Magnitude of Intraatomic Dipole Moment of Atom A
--------------------------------------------------------------------------------------------------
Atom A          q(A)              L(A)              K(A)          K_Scaled(A)      |Mu_Intra(A)|
--------------------------------------------------------------------------------------------------
C1       -5.5687908200E-02  1.8423201430E-05  3.7690213478E+01 -3.7918016897E+01  1.4387858127E-01
C2       -5.7359377100E-02  4.0777761648E-06  3.7739860556E+01 -3.7967964047E+01  1.8297152507E-01
H3        5.5773918560E-02  2.2586494687E-05  5.8828995859E-01 -5.9184564193E-01  1.4896232226E-01
C4       -4.1852555500E-02 -1.2253858609E-05  3.7724045227E+01 -3.7952053129E+01  1.6350767250E-01
H5        5.4720514350E-02  2.0347859223E-05  5.8933205257E-01 -5.9289403443E-01  1.4770652109E-01
C6       -6.3267455700E-02 -3.6554441270E-05  3.7734941635E+01 -3.7963015395E+01  1.9752978325E-01
H7        6.5596137290E-02  2.2062960158E-05  5.8410817015E-01 -5.8763857834E-01  1.4762500450E-01
C8       -4.5230473100E-02 -2.4923492844E-05  3.7725155686E+01 -3.7953170299E+01  1.6082499475E-01
H9        5.4669230250E-02  2.4493678136E-05  5.8926102760E-01 -5.9282258018E-01  1.4754302227E-01
C10      -8.2544495700E-02 -1.5336837388E-05  3.7696065029E+01 -3.7923903816E+01  1.0175241131E-01
H11       5.5375482770E-02  1.8048980827E-05  5.8851799382E-01 -5.9207505543E-01  1.4379484963E-01
H12       3.2265751810E-02  2.5937399965E-05  5.9856728840E-01 -6.0218508895E-01  1.4892869646E-01
C13      -8.6348478900E-02  1.4429963523E-06  3.7696345575E+01 -3.7924186057E+01  8.9456806433E-02
H14       3.1576392590E-02  2.8365300590E-05  5.9877800090E-01 -6.0239707501E-01  1.4926706236E-01
H15       4.1401193210E-02  2.2023196466E-05  5.9467369857E-01 -5.9826796587E-01  1.4510273816E-01
H16       6.5171202570E-02  2.0285181121E-05  5.8983517814E-01 -5.9340020094E-01  1.5064177123E-01
S17      -3.9047245000E-02 -2.7359219355E-05  3.9693537204E+02 -3.9933448912E+02  6.6586149603E-01
H18       1.4968089280E-02  3.3635786613E-05  5.7686523643E-01 -5.8035186760E-01  1.2314246226E-01
--------------------------------------------------------------------------------------------------
Total     1.7992348000E-04  1.4530296227E-04  6.6684022783E+02 -6.7087067685E+02
 
1st Largest |L(A)| = 3.6554441270E-05, atom C6      
2nd Largest |L(A)| = 3.3635786613E-05, atom H18     
 
Molecular charge q(Mol) from the wfn file:   0.0000000000E+00
Molecular energy E(Mol) from the wfn file:  -6.7087065234E+02
Molecular virial ratio (-V(Mol)/T(Mol)) from the wfn file:   2.0060441000E+00
Note.  K_Scaled(A) = (1+V(Mol)/T(Mol))*K(A) = (E(Mol)/T(Mol))*K(A)
       Only use K_Scaled(A) data with caution.
 
N_AIMInt(SumA)     =         67.999820
N_Analytic(Mol)    =         67.999991
 
G_AIMInt(SumA)     =        666.840083
G_Analytic(Mol)    =        666.840183
 
K_AIMInt(SumA)     =        666.840228
K_Analytic(Mol)    =        666.840183
 
L_AIMInt(SumA)     =          0.000145
L_Analytic(Mol)    =          0.000000
 
VenT_AIMInt(SumA)  =      -2356.862643
VenT_Analytic(Mol) =      -2356.864527
 
Some Information About the Atomic Calculations:
----------------------------------------------
  Time(sec) = "Elapsed User Time", in Seconds, for Atom A by AIMInt and, if used, by TWOe
  NProc = Number of Processors Used for AIMInt Job
  BIM = Basin Integration Method
  OAQ = Angular Quadrature Outside of Beta Sphere
  ORQ = Multiple of Default for Radial Quadrature Outside of Beta Sphere
  IAQ = Multiple of Default for Angular Quadrature Inside of Beta Sphere
  IRQ = Multiple of Default for Radial Quadrature Inside of Beta Sphere
  MIR = Maximum Integration Radius
------------------------------------------------------------------------------------------------------
Atom A     Time(sec)   NProc      BIM          OAQ                     ORQ      IAQ      IRQ      MIR
------------------------------------------------------------------------------------------------------
C1             27        8     Proaim(5)    4500(GS4)                  1.00     1.00     1.00    13.00
C2             22        8     Proaim(5)    4500(GS4)                  1.00     1.00     1.00    13.00
H3              5        8     Proaim(5)    1800(GS4)                  1.00     1.00     1.00    13.00
C4             22        8     Proaim(5)    4500(GS4)                  1.00     1.00     1.00    13.00
H5              5        8     Proaim(5)    1800(GS4)                  1.00     1.00     1.00    13.00
C6             24        8     Proaim(5)    4500(GS4)                  1.00     1.00     1.00    13.00
H7              5        8     Proaim(5)    1800(GS4)                  1.00     1.00     1.00    13.00
C8             30        8     Proaim(5)    4500(GS4)                  1.00     1.00     1.00    13.00
H9              5        8     Proaim(5)    1800(GS4)                  1.00     1.00     1.00    13.00
C10            21        8     Proaim(5)    4500(GS4)                  1.00     1.00     1.00    13.00
H11            12        8     Proaim(5)    4500(GS4)                  1.00     1.00     1.00    13.00
H12             4        8     Proaim(5)    1800(GS4)                  1.00     1.00     1.00    13.00
C13            21        8     Proaim(5)    4500(GS4)                  1.00     1.00     1.00    13.00
H14             4        8     Proaim(5)    1800(GS4)                  1.00     1.00     1.00    13.00
H15            15        8     Proaim(5)    4500(GS4)                  1.00     1.00     1.00    13.00
H16             6        8     Proaim(5)    1800(GS4)                  1.00     1.00     1.00    13.00
S17            23        8     Proaim(5)    4500(GS4)                  1.00     1.00     1.00    13.00
H18             5        8     Proaim(5)    1800(GS4)                  1.00     1.00     1.00    13.00
------------------------------------------------------------------------------------------------------
Total         256
Note:  Total wall clock time is less than total of atomic times if more than one atom
       was calculated at a time
 
Electron Density Critical Point Analysis of Molecular Structure:               
---------------------------------------------------------------                
  NACP = Nuclear Attractor Critical Point                                      
  NNACP = Non-Nuclear Attractor Critical Point                                 
  BCP = Bond Critical Point                                                    
  RCP = Ring Critical Point                                                    
  CCP = Cage Critical Point                                                    
  Rho = Electron Density                                                       
  GradRho = Gradient of Electron Density                                       
  HessRho_EigVals = Eigenvalues of the Hessian of Rho, Ascending Order         
  HessRho_EigVecs = Eigenvectors of the Hessian of Rho                         
  DelSqRho = Laplacian of Rho = Trace of Hessian of Rho                        
  Bond Ellipticity = (HessRho_EigVal(1) / HessRho_EigVal(2)) - 1               
  V = Virial Field = Potential Energy Density = Trace of Stress Tensor         
  G = Lagrangian Form of Kinetic Energy Density                                
  K = Hamiltonian Form of Kinetic Energy Density                               
  L = K - G = Lagrangian Density = (-1/4)DelSqRho                              
  Vnuc = Electrostatic Potential from Nuclei                                   
  Ven = Electron-nuclear attractive contribution to Virial Field V             
  Vrep = V - Ven = Repulsive contribution to Virial Field V                    
  DelSqV = Laplacian of V                                                      
  DelSqVen = Laplacian of Ven                                                  
  DelSqVrep = Laplacian of Vrep                                                
  DelSqG = Laplacian of G                                                      
  DelSqK = Laplacian of K                                                      
  Stress_EigVals = Eigenvalues of Stress Tensor, Ascending Order               
  Stress_EigVecs = Eigenvectors of Stress Tensor                               
  -DivStress = Ehrenfest Force Density = Minus Divergence of Stress Tensor     
  ESP = Total Electrostatic Potential                                          
  ESPe = Electrostatic Potential from Electrons                                
  ESPn = Electrostatic Potential from Nuclei                                   
  BP = Bond Path                                                               
  BPL = Bond Path Length                                                       
  GBL = Geometric Bond Length                                                  
  GBL_I = Distance Between Nuclear Attractors                                  
  GBL_II = Distance Between Nuclei                                             
  GBL_III = Sum of Distances Between BCP and Nuclear Attractors                
  GBL_IV = Sum of Distances Between BCP and Nuclei                             

CP# 1      Coords = -3.07619065878721E+00  3.76774931552760E-01 -3.33458132195235E-01
           Type = (3,-3) NACP C1
           Rho =  1.1758819940E+02     Rho at Nucleus =  1.1758819868E+02
           GradRho =  3.4483659261E-09  6.2801255862E-09  1.0772294168E-10
           HessRho_EigVals = -1.4489845968E+05 -1.4489739292E+05 -1.4489708634E+05
           HessRho_EigVec1 =  5.1713684961E-01  8.5489243458E-01  4.1574079280E-02
           HessRho_EigVec2 = -2.5810550852E-01  1.0945124536E-01  9.5989685454E-01
           HessRho_EigVec3 =  8.1605822418E-01 -5.0712853419E-01  2.7725371876E-01
           DelSqRho = -4.3469293893E+05
           Bond Ellipticity = NA
           V = -1.0868341581E+05
           G =  5.0905398839E+00
           K =  1.0867832527E+05
           L =  1.0867323473E+05
           Vnuc =  1.9028553051E+06
           Ven = -2.2375332905E+08
           Vrep =  2.2364464563E+08
           DelSqV =  2.4934362527E+09
           DelSqVen =  8.2715778662E+11
           DelSqVrep = -8.2466435447E+11
           DelSqG =  1.3393568570E+08
           DelSqK = -2.6273719384E+09
           Stress_EigVals = -3.6227995861E+04 -3.6227857688E+04 -3.6227562264E+04
           Stress_EigVec1 =  8.3226853127E-01 -4.8837744652E-01  2.6232910931E-01
           Stress_EigVec2 = -2.5032256782E-01  9.1145918362E-02  9.6386255950E-01
           Stress_EigVec3 =  4.9463896319E-01  8.6785937299E-01  4.6394016872E-02
           -DivStress = -1.2332582129E+03 -2.2342227737E+03 -3.9161422582E+01
           ESP =  -1.4691212572E+01     ESP at Nucleus =  -1.4691212622E+01
           ESPe = -2.9358869610E+01     ESPe at Nucleus = -2.9358868296E+01
           ESPn =  1.4667657038E+01     ESPn at Nucleus =  1.4667655674E+01

CP# 2      Coords = -2.83699995356990E+00 -1.07833425817070E+00  2.10151527999230E+00
           Type = (3,-3) NACP C2
           Rho =  1.1768548524E+02     Rho at Nucleus =  1.1768548504E+02
           GradRho = -3.8514269551E-10  8.8387358543E-10 -4.0565395487E-10
           HessRho_EigVals = -1.4501358545E+05 -1.4501314419E+05 -1.4501266220E+05
           HessRho_EigVec1 =  8.8550909998E-01  4.3231381655E-01  1.7023042580E-01
           HessRho_EigVec2 =  2.3208327276E-02 -4.0708368289E-01  9.1309596904E-01
           HessRho_EigVec3 = -4.6404203193E-01  8.0460402630E-01  3.7050958619E-01
           DelSqRho = -4.3503939183E+05
           Bond Ellipticity = NA
           V = -1.0877011419E+05
           G =  5.1331150723E+00
           K =  1.0876498107E+05
           L =  1.0875984796E+05
           Vnuc =  3.6230954404E+06
           Ven = -4.2638574499E+08
           Vrep =  4.2627697488E+08
           DelSqV =  2.4954105299E+09
           DelSqVen =  1.5761892311E+12
           DelSqVrep = -1.5736938206E+12
           DelSqG =  1.3403865552E+08
           DelSqK = -2.6294491854E+09
           Stress_EigVals = -3.6256982409E+04 -3.6256740618E+04 -3.6256391162E+04
           Stress_EigVec1 = -4.5799691356E-01  7.1990521167E-01  5.2151252466E-01
           Stress_EigVec2 =  1.0331414331E-01 -5.3957711558E-01  8.3557329070E-01
           Stress_EigVec3 =  8.8292979051E-01  4.3656960790E-01  1.7274826336E-01
           -DivStress =  4.7987772419E+02 -1.1461633495E+03  5.1660549129E+02
           ESP =  -1.4735975468E+01     ESP at Nucleus =  -1.4735975486E+01
           ESPe = -2.8069641373E+01     ESPe at Nucleus = -2.8069641001E+01
           ESPn =  1.3333665905E+01     ESPn at Nucleus =  1.3333665514E+01

CP# 3      Coords = -3.51840099615813E+00 -3.99845914041152E-01  3.86905302824831E+00
           Type = (3,-3) NACP H3
           Rho =  4.2432444108E-01     Rho at Nucleus =  4.2055896666E-01
           GradRho =  2.8995247555E-11 -2.8649826435E-11 -7.6358528008E-11
           HessRho_EigVals = -6.4651908751E+00 -6.4589113327E+00 -5.8573701863E+00
           HessRho_EigVec1 =  3.1618641026E-01 -8.4202385407E-01  4.3706061725E-01
           HessRho_EigVec2 =  8.8738247912E-01  4.2543132851E-01  1.7765280879E-01
           HessRho_EigVec3 = -3.3552718177E-01  3.3166853018E-01  8.8171281968E-01
           DelSqRho = -1.8781472394E+01
           Bond Ellipticity = NA
           V = -4.7046333199E+00
           G =  4.6326106808E-03
           K =  4.7000007092E+00
           L =  4.6953680986E+00
           Vnuc =  4.0972596832E+01
           Ven = -1.7385674250E+01
           Vrep =  1.2681040930E+01
           DelSqV =  7.0696072175E+02
           DelSqVen =  7.6952569646E+02
           DelSqVrep = -6.2564974707E+01
           DelSqG =  6.9620519998E+01
           DelSqK = -7.7658124175E+02
           Stress_EigVals = -1.6195283164E+00 -1.6191820162E+00 -1.4659229873E+00
           Stress_EigVec1 =  3.1392497260E-01 -8.4226656451E-01  4.3822157167E-01
           Stress_EigVec2 = -8.8799890277E-01 -4.2381159097E-01 -1.7844238294E-01
           Stress_EigVec3 = -3.3601943433E-01  3.3312275464E-01  8.8097682722E-01
           -DivStress = -2.6702545008E+00  2.6391720152E+00  7.0298050108E+00
           ESP =  -1.0921657954E+00     ESP at Nucleus =  -1.0947360926E+00
           ESPe = -1.3797116357E+01     ESPe at Nucleus = -1.3703775540E+01
           ESPn =  1.2704950561E+01     ESPn at Nucleus =  1.2609039447E+01

CP# 4      Coords = -1.65505322058587E+00 -3.28553085049440E+00  1.64077252672421E+00
           Type = (3,-3) NACP C4
           Rho =  1.1767583991E+02     Rho at Nucleus =  1.1767583977E+02
           GradRho =  2.5354507383E-10 -4.4328662963E-10 -3.4104830071E-10
           HessRho_EigVals = -1.4499728158E+05 -1.4499641357E+05 -1.4499608932E+05
           HessRho_EigVec1 =  8.8675713002E-01  4.2084581020E-01  1.9118210272E-01
           HessRho_EigVec2 = -2.1416988729E-01  7.5473111181E-03  9.7676726884E-01
           HessRho_EigVec3 = -4.0962550182E-01  9.0710078940E-01 -9.6825131682E-02
           DelSqRho = -4.3498978447E+05
           Bond Ellipticity = NA
           V = -1.0875770347E+05
           G =  5.1286765929E+00
           K =  1.0875257479E+05
           L =  1.0874744612E+05
           Vnuc =  4.3193312685E+06
           Ven = -5.0828093489E+08
           Vrep =  5.0817217718E+08
           DelSqV =  2.4951221666E+09
           DelSqVen =  1.8788651121E+12
           DelSqVrep = -1.8763699909E+12
           DelSqG =  1.3401879589E+08
           DelSqK = -2.6291409625E+09
           Stress_EigVals = -3.6252843844E+04 -3.6252662416E+04 -3.6252197212E+04
           Stress_EigVec1 = -3.8489106207E-01  8.9282982952E-01 -2.3390973870E-01
           Stress_EigVec2 = -2.6674016224E-01  1.3501545768E-01  9.5426438267E-01
           Stress_EigVec3 =  8.8357713652E-01  4.2968095339E-01  1.8618733068E-01
           -DivStress = -5.0383603519E+02  7.5838805173E+02  6.6443754790E+02
           ESP =  -1.4734149723E+01     ESP at Nucleus =  -1.4734149738E+01
           ESPe = -2.7483822762E+01     ESPe at Nucleus = -2.7483823396E+01
           ESPn =  1.2749673040E+01     ESPn at Nucleus =  1.2749673658E+01

CP# 5      Coords = -1.22126975927832E+00 -4.71392971831042E+00  2.99380824307283E+00
           Type = (3,-3) NACP H5
           Rho =  4.2572672846E-01     Rho at Nucleus =  4.2197263174E-01
           GradRho = -3.1962280045E-16  2.7684018272E-15 -6.5290654827E-16
           HessRho_EigVals = -6.4976429729E+00 -6.4921223711E+00 -5.8887822537E+00
           HessRho_EigVec1 = -4.2678491050E-01  5.5360724867E-01  7.1510394656E-01
           HessRho_EigVec2 = -8.7863295045E-01 -4.4107199586E-01 -1.8291974427E-01
           HessRho_EigVec3 = -2.1414662861E-01  7.0638127713E-01 -6.7466044257E-01
           DelSqRho = -1.8878547598E+01
           Bond Ellipticity = NA
           V = -4.7284520177E+00
           G =  4.4075591086E-03
           K =  4.7240444585E+00
           L =  4.7196368994E+00
           Vnuc =  4.0394793897E+01
           Ven = -1.7197143452E+01
           Vrep =  1.2468691435E+01
           DelSqV =  7.1082734658E+02
           DelSqVen =  7.6259503928E+02
           DelSqVrep = -5.1767692692E+01
           DelSqG =  7.0104686936E+01
           DelSqK = -7.8093203352E+02
           Stress_EigVals = -1.6275714136E+00 -1.6270435277E+00 -1.4738370763E+00
           Stress_EigVec1 = -4.3491569446E-01  5.4856102885E-01  7.1409322665E-01
           Stress_EigVec2 =  8.7455363093E-01  4.4621433256E-01  1.8986499426E-01
           Stress_EigVec3 = -2.1448609593E-01  7.0708809002E-01 -6.7381165589E-01
           -DivStress =  1.7112805703E+00 -5.6393067206E+00  5.3766919847E+00
           ESP =  -1.0952422911E+00     ESP at Nucleus =  -1.0978060043E+00
           ESPe = -1.3106896242E+01     ESPe at Nucleus = -1.3015247103E+01
           ESPn =  1.2011653951E+01     ESPn at Nucleus =  1.1917441099E+01

CP# 6      Coords = -1.80433863828033E+00 -1.32136213745471E+00 -2.24026684889268E+00
           Type = (3,-3) NACP C6
           Rho =  1.1767882385E+02     Rho at Nucleus =  1.1767882360E+02
           GradRho = -7.3216865903E-10  1.2765294100E-09  3.2538052808E-10
           HessRho_EigVals = -1.4500598207E+05 -1.4500561454E+05 -1.4500506365E+05
           HessRho_EigVec1 =  9.0470491598E-01  3.9206353842E-01  1.6671891568E-01
           HessRho_EigVec2 = -3.8364032806E-01  5.7951965875E-01  7.1901117085E-01
           HessRho_EigVec3 = -1.8528117469E-01  7.1445304042E-01 -6.7470566868E-01
           DelSqRho = -4.3501666026E+05
           Bond Ellipticity = NA
           V = -1.0876443276E+05
           G =  5.1338474423E+00
           K =  1.0875929891E+05
           L =  1.0875416506E+05
           Vnuc =  3.1752509711E+06
           Ven = -3.7365979971E+08
           Vrep =  3.7355103528E+08
           DelSqV =  2.4952814080E+09
           DelSqVen =  1.3812870349E+12
           DelSqVrep = -1.3787917535E+12
           DelSqG =  1.3403232865E+08
           DelSqK = -2.6293137367E+09
           Stress_EigVals = -3.6255096587E+04 -3.6254828842E+04 -3.6254507330E+04
           Stress_EigVec1 =  1.4427897989E-01 -6.3305518377E-01  7.6054237901E-01
           Stress_EigVec2 = -4.3089752695E-01  6.5169453828E-01  6.2419672384E-01
           Stress_EigVec3 =  8.9079228624E-01  4.1777429682E-01  1.7875608992E-01
           -DivStress =  7.6464521342E+02 -1.2836178379E+03 -3.5458981815E+02
           ESP =  -1.4734225184E+01     ESP at Nucleus =  -1.4734225205E+01
           ESPe = -2.8280532723E+01     ESPe at Nucleus = -2.8280531915E+01
           ESPn =  1.3546307539E+01     ESPn at Nucleus =  1.3546306710E+01

CP# 7      Coords = -1.63788997568187E+00 -8.62928340422982E-01 -4.19152525394206E+00
           Type = (3,-3) NACP H7
           Rho =  4.2305490398E-01     Rho at Nucleus =  4.1923938774E-01
           GradRho = -3.6255720648E-16 -2.5847379792E-16 -9.5583263526E-16
           HessRho_EigVals = -6.4427327162E+00 -6.4362243336E+00 -5.8309811225E+00
           HessRho_EigVec1 =  4.8859209196E-01 -8.5873962319E-01 -1.5441511339E-01
           HessRho_EigVec2 =  8.6828971729E-01  4.6116184449E-01  1.8276411037E-01
           HessRho_EigVec3 = -8.5736424763E-02 -2.2337415417E-01  9.7095481497E-01
           DelSqRho = -1.8709938172E+01
           Bond Ellipticity = NA
           V = -4.6867694756E+00
           G =  4.6424662475E-03
           K =  4.6821270093E+00
           L =  4.6774845431E+00
           Vnuc =  4.1012262565E+01
           Ven = -1.7350438801E+01
           Vrep =  1.2663669326E+01
           DelSqV =  7.0398293791E+02
           DelSqVen =  7.6733689689E+02
           DelSqVrep = -6.3353958978E+01
           DelSqG =  6.9302006026E+01
           DelSqK = -7.7328494393E+02
           Stress_EigVals = -1.6138870757E+00 -1.6135770842E+00 -1.4593053157E+00
           Stress_EigVec1 =  4.7525810941E-01 -8.6538484137E-01 -1.5886725830E-01
           Stress_EigVec2 =  8.7571215783E-01  4.4776661018E-01  1.8064683621E-01
           Stress_EigVec3 = -8.5193579982E-02 -2.2497586343E-01  9.7063273941E-01
           -DivStress =  6.8757684673E-01  1.7945306260E+00 -7.7739405156E+00
           ESP =  -1.0921177991E+00     ESP at Nucleus =  -1.0947201219E+00
           ESPe = -1.4079237837E+01     ESPe at Nucleus = -1.3985420290E+01
           ESPn =  1.2987120038E+01     ESPn at Nucleus =  1.2890700168E+01

CP# 8      Coords = -1.01572869222716E+00 -3.43706980949455E+00 -1.06147557090504E+00
           Type = (3,-3) NACP C8
           Rho =  1.1768394039E+02     Rho at Nucleus =  1.1768394026E+02
           GradRho =  1.0692578767E-10 -3.4026947926E-10  3.9104564031E-10
           HessRho_EigVals = -1.4500831296E+05 -1.4500735395E+05 -1.4500705214E+05
           HessRho_EigVec1 =  8.9095498330E-01  4.1987473177E-01  1.7292896622E-01
           HessRho_EigVec2 = -2.4520623785E-01  1.2432862946E-01  9.6146570028E-01
           HessRho_EigVec3 = -3.8219513165E-01  8.9902591816E-01 -2.1372711533E-01
           DelSqRho = -4.3502271904E+05
           Bond Ellipticity = NA
           V = -1.0876592910E+05
           G =  5.1246714893E+00
           K =  1.0876080443E+05
           L =  1.0875567976E+05
           Vnuc =  4.5535644968E+06
           Ven = -5.3588141279E+08
           Vrep =  5.3577264686E+08
           DelSqV =  2.4953112507E+09
           DelSqVen =  1.9809042760E+12
           DelSqVrep = -1.9784089975E+12
           DelSqG =  1.3402987355E+08
           DelSqK = -2.6293411242E+09
           Stress_EigVals = -3.6255588553E+04 -3.6255414783E+04 -3.6254925768E+04
           Stress_EigVec1 = -4.2024908669E-01  9.0510446654E-01 -6.4626695578E-02
           Stress_EigVec2 = -1.8797509342E-01 -1.7159790277E-02  9.8202388253E-01
           Stress_EigVec3 =  8.8772522178E-01  4.2484284887E-01  1.7734848285E-01
           -DivStress = -2.0803945151E+02  6.6009050166E+02 -8.1487299675E+02
           ESP =  -1.4732226406E+01     ESP at Nucleus =  -1.4732226421E+01
           ESPe = -2.7630088266E+01     ESPe at Nucleus = -2.7630089082E+01
           ESPn =  1.2897861860E+01     ESPn at Nucleus =  1.2897862661E+01

CP# 9      Coords = -8.67211926859752E-02 -5.00327682492735E+00 -1.92449597233096E+00
           Type = (3,-3) NACP H9
           Rho =  4.2582659133E-01     Rho at Nucleus =  4.2207127087E-01
           GradRho = -1.9965583006E-15  2.4659094211E-15  2.0842702564E-15
           HessRho_EigVals = -6.5002693686E+00 -6.4948810048E+00 -5.8912565899E+00
           HessRho_EigVec1 = -4.3081375913E-02  4.6626785569E-01 -8.8359395754E-01
           HessRho_EigVec2 =  8.8625056461E-01  4.2610546575E-01  1.8164269540E-01
           HessRho_EigVec3 = -4.6119836490E-01  7.7526022651E-01  4.3158736011E-01
           DelSqRho = -1.8886406963E+01
           Bond Ellipticity = NA
           V = -4.7303634268E+00
           G =  4.3808429902E-03
           K =  4.7259825838E+00
           L =  4.7216017408E+00
           Vnuc =  4.0620223386E+01
           Ven = -1.7297171264E+01
           Vrep =  1.2566807837E+01
           DelSqV =  7.1113156646E+02
           DelSqVen =  7.6717006982E+02
           DelSqVrep = -5.6038503360E+01
           DelSqG =  7.0146590642E+01
           DelSqK = -7.8127815710E+02
           Stress_EigVals = -1.6282509753E+00 -1.6276600946E+00 -1.4744523569E+00
           Stress_EigVec1 = -5.0039104494E-02  4.6168580702E-01 -8.8563102002E-01
           Stress_EigVec2 =  8.8588109465E-01  4.3000076208E-01  1.7410924946E-01
           Stress_EigVec3 = -4.6120578288E-01  7.7585150654E-01  4.3051558117E-01
           -DivStress =  3.6819470806E+00 -6.1907717453E+00 -3.4355010277E+00
           ESP =  -1.0935120812E+00     ESP at Nucleus =  -1.0960726745E+00
           ESPe = -1.3329301796E+01     ESPe at Nucleus = -1.3238539689E+01
           ESPn =  1.2235789715E+01     ESPn at Nucleus =  1.2142467014E+01

CP# 10     Coords =  6.21503927210312E+00  1.06289161660422E+00  1.02892753858160E+00
           Type = (3,-3) NACP C10
           Rho =  1.1768197105E+02     Rho at Nucleus =  1.1768197098E+02
           GradRho =  2.2619559004E-11  1.3776602081E-10  1.3613798977E-10
           HessRho_EigVals = -1.4501052441E+05 -1.4500943440E+05 -1.4500923441E+05
           HessRho_EigVec1 = -1.3133101548E-01 -6.7357354783E-01  7.2735881106E-01
           HessRho_EigVec2 =  9.5485851447E-01  1.1125831614E-01  2.7543929355E-01
           HessRho_EigVec3 =  2.6645333871E-01 -7.3069847594E-01 -6.2855576963E-01
           DelSqRho = -4.3502919322E+05
           Bond Ellipticity = NA
           V = -1.0876748186E+05
           G =  5.0917747115E+00
           K =  1.0876239008E+05
           L =  1.0875729831E+05
           Vnuc =  6.1979369067E+06
           Ven = -7.2938543164E+08
           Vrep =  7.2927666415E+08
           DelSqV =  2.4953526173E+09
           DelSqVen =  2.6962838159E+12
           DelSqVrep = -2.6937884633E+12
           DelSqG =  1.3403677108E+08
           DelSqK = -2.6293893884E+09
           Stress_EigVals = -3.6256091997E+04 -3.6255977678E+04 -3.6255412181E+04
           Stress_EigVec1 =  1.5585864619E-01 -7.3906772736E-01 -6.5535255914E-01
           Stress_EigVec2 =  9.7894899541E-01  2.7057719037E-02  2.0230359422E-01
           Stress_EigVec3 = -1.3178371221E-01 -6.7308749373E-01  7.2772678870E-01
           -DivStress = -2.3743834578E+02 -5.2493906734E+02 -5.3461026057E+02
           ESP =  -1.4757353852E+01     ESP at Nucleus =  -1.4757353865E+01
           ESPe = -2.4471597286E+01     ESPe at Nucleus = -2.4471598309E+01
           ESPn =  9.7142434343E+00     ESPn at Nucleus =  9.7142444436E+00

CP# 11     Coords =  4.46262582473635E+00  1.93965234322314E+00  1.51701533882093E+00
           Type = (3,-3) NACP H11
           Rho =  4.2327384179E-01     Rho at Nucleus =  4.1949127573E-01
           GradRho =  2.7888091142E-11 -1.3815477842E-11 -7.6200547608E-12
           HessRho_EigVals = -6.4391115198E+00 -6.4326420746E+00 -5.8320884673E+00
           HessRho_EigVec1 =  4.7530347759E-01  6.0394056248E-01  6.3979871927E-01
           HessRho_EigVec2 =  1.3220675717E-01  6.6990809372E-01 -7.3057820890E-01
           HessRho_EigVec3 =  8.6983215481E-01 -4.3183207726E-01 -2.3856462332E-01
           DelSqRho = -1.8703842062E+01
           Bond Ellipticity = NA
           V = -4.6849987601E+00
           G =  4.5191223404E-03
           K =  4.6804796378E+00
           L =  4.6759605154E+00
           Vnuc =  4.0238439142E+01
           Ven = -1.7031878723E+01
           Vrep =  1.2346879963E+01
           DelSqV =  7.0371485071E+02
           DelSqVen =  7.5261341057E+02
           DelSqVrep = -4.8898559869E+01
           DelSqG =  6.9212175163E+01
           DelSqK = -7.7292702587E+02
           Stress_EigVals = -1.6130060518E+00 -1.6123063372E+00 -1.4596863711E+00
           Stress_EigVec1 =  4.7611549401E-01  5.9953415823E-01  6.4332948749E-01
           Stress_EigVec2 = -1.3473236125E-01 -6.7319920278E-01  7.2708323059E-01
           Stress_EigVec3 =  8.6900013072E-01 -4.3285289243E-01 -2.3974391821E-01
           -DivStress = -6.9354105084E+00  3.4368576727E+00  1.8959672918E+00
           ESP =  -1.1245147733E+00     ESP at Nucleus =  -1.1270295802E+00
           ESPe = -1.3217036171E+01     ESPe at Nucleus = -1.3173651337E+01
           ESPn =  1.2092521398E+01     ESPn at Nucleus =  1.2046621757E+01

CP# 12     Coords =  7.86726554841868E+00  1.75414822304923E+00  1.96585088420635E+00
           Type = (3,-3) NACP H12
           Rho =  4.2629383115E-01     Rho at Nucleus =  4.2265519812E-01
           GradRho = -3.2716884757E-15 -1.8435773741E-15 -2.5071091037E-15
           HessRho_EigVals = -6.4927789697E+00 -6.4865436299E+00 -5.8972906387E+00
           HessRho_EigVec1 = -5.5974478073E-01  6.5718417847E-01  5.0477196436E-01
           HessRho_EigVec2 =  1.3190227609E-01  6.7203211602E-01 -7.2868005640E-01
           HessRho_EigVec3 =  8.1809997555E-01  3.4129428739E-01  4.6285055838E-01
           DelSqRho = -1.8876613238E+01
           Bond Ellipticity = NA
           V = -4.7282304006E+00
           G =  4.5385455319E-03
           K =  4.7236918551E+00
           L =  4.7191533095E+00
           Vnuc =  3.8880893748E+01
           Ven = -1.6574685154E+01
           Vrep =  1.1846454754E+01
           DelSqV =  7.1101959290E+02
           DelSqVen =  7.3393959363E+02
           DelSqVrep = -2.2920000735E+01
           DelSqG =  6.9988792452E+01
           DelSqK = -7.8100838535E+02
           Stress_EigVals = -1.6265215666E+00 -1.6257655418E+00 -1.4759432923E+00
           Stress_EigVec1 = -5.6112865838E-01  6.5765698211E-01  5.0261508397E-01
           Stress_EigVec2 =  1.3288576784E-01  6.7092125372E-01 -7.2952453284E-01
           Stress_EigVec3 =  8.1699204491E-01  3.4256673101E-01  4.6386639602E-01
           -DivStress =  6.4167158322E+00  2.6839436590E+00  3.6371520931E+00
           ESP =  -1.1213549407E+00     ESP at Nucleus =  -1.1237747151E+00
           ESPe = -1.1164232483E+01     ESPe at Nucleus = -1.1087139552E+01
           ESPn =  1.0042877542E+01     ESPn at Nucleus =  9.9633648369E+00

CP# 13     Coords =  6.33045485442212E+00 -7.92290886891243E-01 -6.66233889886848E-01
           Type = (3,-3) NACP C13
           Rho =  1.1767793580E+02     Rho at Nucleus =  1.1767793571E+02
           GradRho =  7.2479106050E-12 -2.1677637463E-10 -1.9573187515E-10
           HessRho_EigVals = -1.4500525216E+05 -1.4500425568E+05 -1.4500403849E+05
           HessRho_EigVec1 = -1.3271140112E-01 -6.7230293006E-01  7.2828322392E-01
           HessRho_EigVec2 =  9.8964206329E-01 -1.3046073398E-01  5.9904786609E-02
           HessRho_EigVec3 =  5.4738200373E-02  7.2868976055E-01  6.8265288565E-01
           DelSqRho = -4.3501354634E+05
           Bond Ellipticity = NA
           V = -1.0876357205E+05
           G =  5.0927328688E+00
           K =  1.0875847932E+05
           L =  1.0875338659E+05
           Vnuc =  5.4650026115E+06
           Ven = -6.4311022645E+08
           Vrep =  6.4300146288E+08
           DelSqV =  2.4952630118E+09
           DelSqVen =  2.3773499392E+12
           DelSqVrep = -2.3748546762E+12
           DelSqG =  1.3403172116E+08
           DelSqK = -2.6292947330E+09
           Stress_EigVals = -3.6254785642E+04 -3.6254663244E+04 -3.6254123165E+04
           Stress_EigVec1 = -1.4953388998E-03 -7.3423780764E-01 -6.7889071712E-01
           Stress_EigVec2 =  9.9120974460E-01 -9.0899868519E-02  9.6127291245E-02
           Stress_EigVec3 = -1.3229136850E-01 -6.7277935144E-01  7.2791959590E-01
           -DivStress = -1.8224602260E+02  6.5493275006E+02  5.7658934532E+02
           ESP =  -1.4756423410E+01     ESP at Nucleus =  -1.4756423426E+01
           ESPe = -2.4471929812E+01     ESPe at Nucleus = -2.4471930894E+01
           ESPn =  9.7155064019E+00     ESPn at Nucleus =  9.7155074680E+00

CP# 14     Coords =  8.07652021797043E+00 -1.67726313779166E+00 -1.16944492540214E+00
           Type = (3,-3) NACP H14
           Rho =  4.2623964012E-01     Rho at Nucleus =  4.2260492844E-01
           GradRho = -1.1685097334E-14  5.5086143980E-15  3.9612410574E-15
           HessRho_EigVals = -6.4912742906E+00 -6.4848365182E+00 -5.8962222349E+00
           HessRho_EigVec1 =  4.8420889044E-01  5.9543201585E-01  6.4109473943E-01
           HessRho_EigVec2 =  1.3231016558E-01  6.7446356447E-01 -7.2635591846E-01
           HessRho_EigVec3 =  8.6489061187E-01 -4.3653134447E-01 -2.4779954558E-01
           DelSqRho = -1.8872333044E+01
           Bond Ellipticity = NA
           V = -4.7272104194E+00
           G =  4.5635792439E-03
           K =  4.7226468402E+00
           L =  4.7180832609E+00
           Vnuc =  3.8896742953E+01
           Ven = -1.6579333718E+01
           Vrep =  1.1852123299E+01
           DelSqV =  7.1086749738E+02
           DelSqVen =  7.3407228733E+02
           DelSqVrep = -2.3204789943E+01
           DelSqG =  6.9966613774E+01
           DelSqK = -7.8083411116E+02
           Stress_EigVals = -1.6261252379E+00 -1.6254054687E+00 -1.4756797128E+00
           Stress_EigVec1 =  4.8637203532E-01  5.9703826018E-01  6.3795576581E-01
           Stress_EigVec2 = -1.3053611240E-01 -6.7228904365E-01  7.2868907303E-01
           Stress_EigVec3 =  8.6394592806E-01 -4.3769025312E-01 -2.4904753705E-01
           -DivStress =  6.7820566504E+00 -3.4263204875E+00 -1.9465575434E+00
           ESP =  -1.1203805897E+00     ESP at Nucleus =  -1.1227988783E+00
           ESPe = -1.1166504714E+01     ESPe at Nucleus = -1.1089466486E+01
           ESPn =  1.0046124124E+01     ESPn at Nucleus =  9.9666676074E+00

CP# 15     Coords =  4.67148641720947E+00 -1.47245326496740E+00 -1.59640883923341E+00
           Type = (3,-3) NACP H15
           Rho =  4.2520193411E-01     Rho at Nucleus =  4.2149547458E-01
           GradRho =  6.9076688813E-15  2.8215277337E-15  4.7370961320E-15
           HessRho_EigVals = -6.4735053615E+00 -6.4668684853E+00 -5.8723142349E+00
           HessRho_EigVec1 = -5.5114811116E-01  6.5928974339E-01  5.1144187727E-01
           HessRho_EigVec2 = -1.3138046491E-01 -6.7386226906E-01  7.2708239958E-01
           HessRho_EigVec3 =  8.2399935255E-01  3.3353661958E-01  4.5801570976E-01
           DelSqRho = -1.8812688082E+01
           Bond Ellipticity = NA
           V = -4.7123295696E+00
           G =  4.5787745894E-03
           K =  4.7077507950E+00
           L =  4.7031720204E+00
           Vnuc =  4.0607955671E+01
           Ven = -1.7266581292E+01
           Vrep =  1.2554251722E+01
           DelSqV =  7.0825833671E+02
           DelSqVen =  7.6394480367E+02
           DelSqVrep = -5.5686466964E+01
           DelSqG =  6.9702191105E+01
           DelSqK = -7.7796052781E+02
           Stress_EigVals = -1.6216212810E+00 -1.6209356215E+00 -1.4697726671E+00
           Stress_EigVec1 = -5.5261924135E-01  6.5847053912E-01  5.1090950588E-01
           Stress_EigVec2 =  1.3119973577E-01  6.7410520188E-01 -7.2688981705E-01
           Stress_EigVec3 =  8.2304228532E-01  3.3466210707E-01  4.5891466600E-01
           -DivStress = -6.5235065070E+00 -2.6317674517E+00 -3.6176458138E+00
           ESP =  -1.1223159240E+00     ESP at Nucleus =  -1.1247664909E+00
           ESPe = -1.3209452775E+01     ESPe at Nucleus = -1.3166297089E+01
           ESPn =  1.2087136851E+01     ESPn at Nucleus =  1.2041530598E+01

CP# 16     Coords = -5.02739061347134E+00  7.02187661592500E-01 -8.32437349128511E-01
           Type = (3,-3) NACP H16
           Rho =  4.1907829288E-01     Rho at Nucleus =  4.1555495664E-01
           GradRho =  1.6769672916E-09 -2.6639503103E-10  4.3318582825E-10
           HessRho_EigVals = -6.3876289261E+00 -6.3855196975E+00 -5.8070471356E+00
           HessRho_EigVec1 =  2.6280497005E-01  8.0248294189E-01 -5.3568150584E-01
           HessRho_EigVec2 = -1.1716460956E-01  5.7763141098E-01  8.0784553431E-01
           HessRho_EigVec3 =  9.5770872502E-01 -1.4954290697E-01  2.4582700622E-01
           DelSqRho = -1.8580195759E+01
           Bond Ellipticity = NA
           V = -4.6553549804E+00
           G =  5.1530202945E-03
           K =  4.6502019601E+00
           L =  4.6450489398E+00
           Vnuc =  4.2818723363E+01
           Ven = -1.7944397490E+01
           Vrep =  1.3289042510E+01
           DelSqV =  7.0022384719E+02
           DelSqVen =  7.9558026519E+02
           DelSqVrep = -9.5356418007E+01
           DelSqG =  6.9030370439E+01
           DelSqK = -7.6925421763E+02
           Stress_EigVals = -1.6007033858E+00 -1.6004283170E+00 -1.4542232777E+00
