AIMSum (Version 19.02.13, Professional)
Copyright (c) 1997-2019 by Todd A. Keith
AIMSum is a component of the AIMAll package ( http://aim.tkgristmill.com )

TP:  64-bit Linux

Much of the Quantum Theory of Atoms in Molecules (QTAIM) is described in the book:
  "Atoms in Molecules - A Quantum Theory"
  R.F.W. Bader, Oxford University Press, Oxford, 1990

For additional references see:  http://aim.tkgristmill.com/references.html

Wfn File:  /home/mhennefarth/Documents/ML_Diels/summary-levandowski2018/r_1-opt/r_1-opt.wfn
Sum File:  /home/mhennefarth/Documents/ML_Diels/summary-levandowski2018/r_1-opt/r_1-opt.sum

SumViz File:  /home/mhennefarth/Documents/ML_Diels/summary-levandowski2018/r_1-opt/r_1-opt.sumviz

Wfn Title:   Title Card Required                                                           
 
Total memory allocated for AIMSum =        0.878 Megabytes

Atomic units (a.u.) used throughout, except where stated otherwise

Model:  Restricted SCF
 
Restricted, closed-shell, single-determinant wavefunction.
  Number of electrons (from MO Occs)                   =          86.0000000000
  Number of Alpha electrons (from MO Occs)             =          43.0000000000
  Number of Beta electrons (from MO Occs)              =          43.0000000000
  Number of electron pairs (N*(N-1)/2)                 =        3655.0000000000
  Number of electron pairs (from Muller 2EDM)          =        3655.0000000000
 
Nuclear Charges and Cartesian Coordinates:
-------------------------------------------------------------------------------
Atom      Charge                X                  Y                  Z
-------------------------------------------------------------------------------
C1         6.0           2.7572801800E+00  -8.8566578000E-01   9.7492290000E-02
C2         6.0           2.8982981600E+00   8.9850395000E-01   2.3002042800E+00
H3         1.0           2.6624790300E+00   3.0508237000E-01   4.2431414600E+00
C4         6.0           3.3806681300E+00   3.2328224200E+00   1.4139765900E+00
H5         1.0           3.6223511000E+00   4.9306041400E+00   2.5363695100E+00
C6         6.0           3.1312622200E+00   7.7390174000E-01  -2.1745942100E+00
H7         1.0           3.0993582200E+00   7.2691000000E-02  -4.0956018700E+00
C8         6.0           3.5260959700E+00   3.1551939800E+00  -1.3732378700E+00
H9         1.0           3.8897344400E+00   4.7887219500E+00  -2.5566033800E+00
C10        6.0          -5.7751450800E+00   2.3761553900E+00   1.1864764400E+00
H11        1.0          -7.2116073800E+00   3.4075299100E+00   2.2345027300E+00
H12        1.0          -4.5793645500E+00   1.0971740300E+00   2.2607443700E+00
C13        6.0          -5.4730482200E+00   2.6467302100E+00  -1.2959314200E+00
H14        1.0          -4.0249931000E+00   1.5937476300E+00  -2.3026059900E+00
H15        1.0          -6.6466722300E+00   3.9146211800E+00  -2.4098291500E+00
H16        1.0           4.0863855000E+00  -2.4624582600E+00   2.1057016000E-01
Br17      35.0          -6.1628969000E-01  -2.5952447300E+00  -2.9914410000E-02
 
Some Atomic Properties:
----------------------
  q(A) = Net Charge of Atom A
  L(A) = Lagrangian of Atom A = -(1/4) Times Atomic Integral of the Laplacian of the Electron Density
  K(A) = Electronic Kinetic Energy of Atom A (Hamiltonian Form)
  K_Scaled(A) = K(A) * E(Mol)/K(Mol) = Approximation to Virial-Based Total Energy of Atom A.
  |Mu_Intra(A)| = Magnitude of Intraatomic Dipole Moment of Atom A
--------------------------------------------------------------------------------------------------
Atom A          q(A)              L(A)              K(A)          K_Scaled(A)      |Mu_Intra(A)|
--------------------------------------------------------------------------------------------------
C1       -9.7244437000E-03 -6.8195260221E-05  3.7664474980E+01 -3.7910893677E+01  9.5416849578E-02
C2       -4.4412912600E-02 -1.2721597273E-06  3.7736521795E+01 -3.7983411857E+01  2.0468103315E-01
H3        6.9913300740E-02  2.2965681320E-05  5.8304596524E-01 -5.8686052598E-01  1.4600629141E-01
C4       -3.9297258100E-02 -7.1494876649E-05  3.7723996936E+01 -3.7970805055E+01  1.6254777472E-01
H5        5.9551746190E-02  2.1412495099E-05  5.8753959942E-01 -5.9138355962E-01  1.4659504053E-01
C6       -4.5657725200E-02  6.7708827913E-05  3.7736507611E+01 -3.7983397580E+01  2.0460906549E-01
H7        6.9861845420E-02  2.1849308732E-05  5.8304014864E-01 -5.8685467132E-01  1.4602453286E-01
C8       -3.9973060400E-02  4.7401149818E-05  3.7724142616E+01 -3.7970951687E+01  1.6196687706E-01
H9        5.9206044670E-02  1.8844031378E-05  5.8766766895E-01 -5.9151246704E-01  1.4666534356E-01
C10      -8.5309299000E-02 -1.5531010061E-05  3.7698231342E+01 -3.7944870890E+01  9.6595355806E-02
H11       3.1476859090E-02  1.9597450632E-05  5.9870888514E-01 -6.0262592006E-01  1.4930801416E-01
H12       4.7337939910E-02  2.3488877033E-05  5.9302492517E-01 -5.9690477296E-01  1.4418651447E-01
C13      -8.4962011700E-02 -6.6686245961E-05  3.7698378053E+01 -3.7945018561E+01  9.8468764041E-02
H14       4.9281848330E-02  2.1167887968E-05  5.9231945156E-01 -5.9619468380E-01  1.4341783894E-01
H15       3.1231702210E-02  1.8641161017E-05  5.9880459267E-01 -6.0272225375E-01  1.4934813447E-01
H16       8.5196826600E-02  3.0540241526E-05  5.8473068646E-01 -5.8855626943E-01  1.4693993681E-01
Br17     -1.5361707400E-01  6.3352706112E-06  2.5560187605E+03 -2.5727414366E+03  2.5614078019E-01
--------------------------------------------------------------------------------------------------
Total     1.0432846000E-04  9.6772830428E-05  2.8253098958E+03 -2.8437944010E+03
 
1st Largest |L(A)| = 7.1494876649E-05, atom C4      
2nd Largest |L(A)| = 6.8195260221E-05, atom C1      
 
Molecular charge q(Mol) from the wfn file:   0.0000000000E+00
Molecular energy E(Mol) from the wfn file:  -2.8437944241E+03
Molecular virial ratio (-V(Mol)/T(Mol)) from the wfn file:   2.0065424700E+00
Note.  K_Scaled(A) = (1+V(Mol)/T(Mol))*K(A) = (E(Mol)/T(Mol))*K(A)
       Only use K_Scaled(A) data with caution.
 
N_AIMInt(SumA)     =         85.999896
N_Analytic(Mol)    =         85.999991
 
G_AIMInt(SumA)     =       2825.309799
G_Analytic(Mol)    =       2825.309885
 
K_AIMInt(SumA)     =       2825.309896
K_Analytic(Mol)    =       2825.309885
 
L_AIMInt(SumA)     =          0.000097
L_Analytic(Mol)    =          0.000000
 
VenT_AIMInt(SumA)  =      -7834.200973
VenT_Analytic(Mol) =      -7834.204450
 
Some Information About the Atomic Calculations:
----------------------------------------------
  Time(sec) = "Elapsed User Time", in Seconds, for Atom A by AIMInt and, if used, by TWOe
  NProc = Number of Processors Used for AIMInt Job
  BIM = Basin Integration Method
  OAQ = Angular Quadrature Outside of Beta Sphere
  ORQ = Multiple of Default for Radial Quadrature Outside of Beta Sphere
  IAQ = Multiple of Default for Angular Quadrature Inside of Beta Sphere
  IRQ = Multiple of Default for Radial Quadrature Inside of Beta Sphere
  MIR = Maximum Integration Radius
------------------------------------------------------------------------------------------------------
Atom A     Time(sec)   NProc      BIM          OAQ                     ORQ      IAQ      IRQ      MIR
------------------------------------------------------------------------------------------------------
C1             39        8     Proaim(5)    4500(GS4)                  1.00     1.00     1.00    13.00
C2             27        8     Proaim(5)    4500(GS4)                  1.00     1.00     1.00    13.00
H3              6        8     Proaim(5)    1800(GS4)                  1.00     1.00     1.00    13.00
C4             24        8     Proaim(5)    4500(GS4)                  1.00     1.00     1.00    13.00
H5              6        8     Proaim(5)    1800(GS4)                  1.00     1.00     1.00    13.00
C6             28        8     Proaim(5)    4500(GS4)                  1.00     1.00     1.00    13.00
H7              5        8     Proaim(5)    1800(GS4)                  1.00     1.00     1.00    13.00
C8             23        8     Proaim(5)    4500(GS4)                  1.00     1.00     1.00    13.00
H9              5        8     Proaim(5)    1800(GS4)                  1.00     1.00     1.00    13.00
C10            21        8     Proaim(5)    4500(GS4)                  1.00     1.00     1.00    13.00
H11             5        8     Proaim(5)    1800(GS4)                  1.00     1.00     1.00    13.00
H12            13        8     Proaim(5)    4500(GS4)                  1.00     1.00     1.00    13.00
C13            21        8     Proaim(5)    4500(GS4)                  1.00     1.00     1.00    13.00
H14            14        8     Proaim(5)    4500(GS4)                  1.00     1.00     1.00    13.00
H15             5        8     Proaim(5)    1800(GS4)                  1.00     1.00     1.00    13.00
H16             6        8     Proaim(5)    1800(GS4)                  1.00     1.00     1.00    13.00
Br17           32        8     Proaim(5)    4500(GS4)                  1.00     1.00     1.00    13.00
------------------------------------------------------------------------------------------------------
Total         280
Note:  Total wall clock time is less than total of atomic times if more than one atom
       was calculated at a time
 
Electron Density Critical Point Analysis of Molecular Structure:               
---------------------------------------------------------------                
  NACP = Nuclear Attractor Critical Point                                      
  NNACP = Non-Nuclear Attractor Critical Point                                 
  BCP = Bond Critical Point                                                    
  RCP = Ring Critical Point                                                    
  CCP = Cage Critical Point                                                    
  Rho = Electron Density                                                       
  GradRho = Gradient of Electron Density                                       
  HessRho_EigVals = Eigenvalues of the Hessian of Rho, Ascending Order         
  HessRho_EigVecs = Eigenvectors of the Hessian of Rho                         
  DelSqRho = Laplacian of Rho = Trace of Hessian of Rho                        
  Bond Ellipticity = (HessRho_EigVal(1) / HessRho_EigVal(2)) - 1               
  V = Virial Field = Potential Energy Density = Trace of Stress Tensor         
  G = Lagrangian Form of Kinetic Energy Density                                
  K = Hamiltonian Form of Kinetic Energy Density                               
  L = K - G = Lagrangian Density = (-1/4)DelSqRho                              
  Vnuc = Electrostatic Potential from Nuclei                                   
  Ven = Electron-nuclear attractive contribution to Virial Field V             
  Vrep = V - Ven = Repulsive contribution to Virial Field V                    
  DelSqV = Laplacian of V                                                      
  DelSqVen = Laplacian of Ven                                                  
  DelSqVrep = Laplacian of Vrep                                                
  DelSqG = Laplacian of G                                                      
  DelSqK = Laplacian of K                                                      
  Stress_EigVals = Eigenvalues of Stress Tensor, Ascending Order               
  Stress_EigVecs = Eigenvectors of Stress Tensor                               
  -DivStress = Ehrenfest Force Density = Minus Divergence of Stress Tensor     
  ESP = Total Electrostatic Potential                                          
  ESPe = Electrostatic Potential from Electrons                                
  ESPn = Electrostatic Potential from Nuclei                                   
  BP = Bond Path                                                               
  BPL = Bond Path Length                                                       
  GBL = Geometric Bond Length                                                  
  GBL_I = Distance Between Nuclear Attractors                                  
  GBL_II = Distance Between Nuclei                                             
  GBL_III = Sum of Distances Between BCP and Nuclear Attractors                
  GBL_IV = Sum of Distances Between BCP and Nuclei                             

CP# 1      Coords =  2.75727592914024E+00 -8.85667602290365E-01  9.74921137757162E-02
           Type = (3,-3) NACP C1
           Rho =  1.1765582035E+02     Rho at Nucleus =  1.1765581879E+02
           GradRho = -1.8340023944E-11 -2.9539010127E-12  3.6638747591E-13
           HessRho_EigVals = -1.4498416475E+05 -1.4498217546E+05 -1.4498186973E+05
           HessRho_EigVec1 =  9.1739984833E-01  3.9630246372E-01  3.6357606346E-02
           HessRho_EigVec2 = -5.0138640964E-02  2.4466668264E-02  9.9844253657E-01
           HessRho_EigVec3 = -3.9479568763E-01  9.1779395258E-01 -4.2315784696E-02
           DelSqRho = -4.3494820994E+05
           Bond Ellipticity = NA
           V = -1.0874712042E+05
           G =  5.0339667486E+00
           K =  1.0874208645E+05
           L =  1.0873705248E+05
           Vnuc =  1.2963780940E+06
           Ven = -1.5252642813E+08
           Vrep =  1.5241768101E+08
           DelSqV =  2.4948943545E+09
           DelSqVen =  5.6385733325E+11
           DelSqVrep = -5.6136243889E+11
           DelSqG =  1.3401567129E+08
           DelSqK = -2.6289100258E+09
           Stress_EigVals = -3.6249330704E+04 -3.6249182835E+04 -3.6248606879E+04
           Stress_EigVec1 = -4.0091348634E-01  9.1504985265E-01 -4.4183069672E-02
           Stress_EigVec2 = -5.0787496828E-02  2.5954601969E-02  9.9837216949E-01
           Stress_EigVec3 =  9.1470706056E-01  4.0250481464E-01  3.6067541527E-02
           -DivStress =  3.4445851328E+03  1.4706282453E+03  1.4299806686E+02
           ESP =  -1.4672157269E+01     ESP at Nucleus =  -1.4672157372E+01
           ESPe = -3.3912752287E+01     ESPe at Nucleus = -3.3912744681E+01
           ESPn =  1.9240595018E+01     ESPn at Nucleus =  1.9240587309E+01

CP# 2      Coords =  2.89829802345576E+00  8.98502176469658E-01  2.30020344569759E+00
           Type = (3,-3) NACP C2
           Rho =  1.1767503907E+02     Rho at Nucleus =  1.1767503879E+02
           GradRho = -1.1219827845E-10 -1.5312843354E-09 -6.8051059232E-10
           HessRho_EigVals = -1.4499955712E+05 -1.4499923583E+05 -1.4499866282E+05
           HessRho_EigVec1 =  9.7061937450E-01 -2.4053679001E-01  6.3310747276E-03
           HessRho_EigVec2 =  1.3231010235E-01  5.5550769444E-01  8.2091731510E-01
           HessRho_EigVec3 =  2.0097777656E-01  7.9596058575E-01 -5.7101197821E-01
           DelSqRho = -4.3499745577E+05
           Bond Ellipticity = NA
           V = -1.0875967449E+05
           G =  5.1552718966E+00
           K =  1.0875451922E+05
           L =  1.0874936394E+05
           Vnuc =  3.0538908434E+06
           Ven = -3.5936672432E+08
           Vrep =  3.5925796465E+08
           DelSqV =  2.4951704177E+09
           DelSqVen =  1.3284347658E+12
           DelSqVrep = -1.3259396118E+12
           DelSqG =  1.3402473192E+08
           DelSqK = -2.6291951497E+09
           Stress_EigVals = -3.6253512728E+04 -3.6253237558E+04 -3.6252924201E+04
           Stress_EigVec1 =  1.7755945072E-01  7.1385796515E-01 -6.7740641202E-01
           Stress_EigVec2 =  8.8882001236E-02  6.7389818310E-01  7.3345840282E-01
           Stress_EigVec3 =  9.8008807324E-01 -1.9044170868E-01  5.6207866690E-02
           -DivStress =  1.1123696616E+02  1.4395775886E+03  6.8263949078E+02
           ESP =  -1.4730133512E+01     ESP at Nucleus =  -1.4730133534E+01
           ESPe = -3.1362197173E+01     ESPe at Nucleus = -3.1362195160E+01
           ESPn =  1.6632063661E+01     ESPn at Nucleus =  1.6632061626E+01

CP# 3      Coords =  2.66666209897948E+00  3.15305652322239E-01  4.20904007477336E+00
           Type = (3,-3) NACP H3
           Rho =  4.2324942571E-01     Rho at Nucleus =  4.1939870940E-01
           GradRho =  8.8773355550E-10  2.1696334243E-09 -7.2457993347E-09
           HessRho_EigVals = -6.4452798297E+00 -6.4389267654E+00 -5.8296937150E+00
           HessRho_EigVec1 =  1.5114530133E-01  9.4179391834E-01  3.0029870674E-01
           HessRho_EigVec2 =  9.8167338600E-01 -1.7867677784E-01  6.6271957004E-02
           HessRho_EigVec3 = -1.1607093137E-01 -2.8477855335E-01  9.5154018015E-01
           DelSqRho = -1.8713900310E+01
           Bond Ellipticity = NA
           V = -4.6875991301E+00
           G =  4.5620262880E-03
           K =  4.6830371038E+00
           L =  4.6784750775E+00
           Vnuc =  4.3669956420E+01
           Ven = -1.8483283976E+01
           Vrep =  1.3795684846E+01
           DelSqV =  7.0396894910E+02
           DelSqVen =  8.1723522280E+02
           DelSqVrep = -1.1326627370E+02
           DelSqG =  6.9298628960E+01
           DelSqK = -7.7326757806E+02
           Stress_EigVals = -1.6144770146E+00 -1.6141855211E+00 -1.4589365944E+00
           Stress_EigVec1 =  1.9570504395E-01  9.3217351594E-01  3.0455224830E-01
           Stress_EigVec2 =  9.7371307738E-01 -2.2161711996E-01  5.2618391049E-02
           Stress_EigVec3 = -1.1654346273E-01 -2.8624882238E-01  9.5104113107E-01
           -DivStress = -9.3906418290E-01 -2.2956261356E+00  7.6548001613E+00
           ESP =  -1.0876094833E+00     ESP at Nucleus =  -1.0902407021E+00
           ESPe = -1.6860258603E+01     ESPe at Nucleus = -1.6758821868E+01
           ESPn =  1.5772649120E+01     ESPn at Nucleus =  1.5668581166E+01

CP# 4      Coords =  3.38066843649489E+00  3.23282332563414E+00  1.41397551589216E+00
           Type = (3,-3) NACP C4
           Rho =  1.1768013854E+02     Rho at Nucleus =  1.1768013839E+02
           GradRho =  1.4337578347E-10  4.3976855491E-10 -4.9958881476E-10
           HessRho_EigVals = -1.4500265727E+05 -1.4500172456E+05 -1.4500137988E+05
           HessRho_EigVec1 =  9.7819502465E-01 -2.0333496023E-01  4.2301154925E-02
           HessRho_EigVec2 = -2.9799757018E-02  6.4156255087E-02  9.9749483679E-01
           HessRho_EigVec3 =  2.0553945665E-01  9.7700505059E-01 -5.6697997118E-02
           DelSqRho = -4.3500576171E+05
           Bond Ellipticity = NA
           V = -1.0876169173E+05
           G =  5.1256509638E+00
           K =  1.0875656608E+05
           L =  1.0875144043E+05
           Vnuc =  4.1725011238E+06
           Ven = -4.9102051033E+08
           Vrep =  4.9091174864E+08
           DelSqV =  2.4952133592E+09
           DelSqVen =  1.8150619218E+12
           DelSqVrep = -1.8125666757E+12
           DelSqG =  1.3402372975E+08
           DelSqK = -2.6292370889E+09
           Stress_EigVals = -3.6254184160E+04 -3.6253993562E+04 -3.6253514009E+04
           Stress_EigVec1 =  1.8674266078E-01  9.7990336922E-01  7.0118226092E-02
           Stress_EigVec2 = -6.2795828912E-02 -5.9321616541E-02  9.9626182788E-01
           Stress_EigVec3 =  9.8039984828E-01 -1.9044771670E-01  5.0455967809E-02
           -DivStress = -2.4572546050E+02 -7.3125003397E+02  8.7605235852E+02
           ESP =  -1.4726558519E+01     ESP at Nucleus =  -1.4726558535E+01
           ESPe = -2.9853346648E+01     ESPe at Nucleus = -2.9853347556E+01
           ESPn =  1.5126788128E+01     ESPn at Nucleus =  1.5126789021E+01

CP# 5      Coords =  3.61821672846831E+00  4.90134831321377E+00  2.51688154006337E+00
           Type = (3,-3) NACP H5
           Rho =  4.2534878136E-01     Rho at Nucleus =  4.2156520016E-01
           GradRho = -2.9934821982E-16 -1.1121312204E-14 -8.0924850154E-15
           HessRho_EigVals = -6.4907386161E+00 -6.4853483442E+00 -5.8791858375E+00
           HessRho_EigVec1 = -1.4378975449E-01 -5.3512227727E-01  8.3244738865E-01
           HessRho_EigVec2 =  9.8271228961E-01 -1.7634389848E-01  5.6386038278E-02
           HessRho_EigVec3 =  1.1662359259E-01  8.2616401389E-01  5.5122768419E-01
           DelSqRho = -1.8855272798E+01
           Bond Ellipticity = NA
           V = -4.7225761754E+00
           G =  4.3789879885E-03
           K =  4.7181971875E+00
           L =  4.7138181995E+00
           Vnuc =  4.2160781018E+01
           Ven = -1.7933036827E+01
           Vrep =  1.3210460652E+01
           DelSqV =  7.0979537686E+02
           DelSqVen =  7.9495302746E+02
           DelSqVrep = -8.5157650601E+01
           DelSqG =  6.9994373877E+01
           DelSqK = -7.7978975073E+02
           Stress_EigVals = -1.6258609693E+00 -1.6253002503E+00 -1.4714149559E+00
           Stress_EigVec1 = -1.2694849360E-01 -5.3704106339E-01  8.3394902494E-01
           Stress_EigVec2 =  9.8498977425E-01 -1.6738801161E-01  4.2147339034E-02
           Stress_EigVec3 =  1.1695821730E-01  8.2678180302E-01  5.5022961171E-01
           -DivStress =  9.3513013569E-01  6.6164960687E+00  4.4065692018E+00
           ESP =  -1.0887858300E+00     ESP at Nucleus =  -1.0913697693E+00
           ESPe = -1.4996666040E+01     ESPe at Nucleus = -1.4897665269E+01
           ESPn =  1.3907880210E+01     ESPn at Nucleus =  1.3806295500E+01

CP# 6      Coords =  3.13126199653240E+00  7.73900023403634E-01 -2.17459330274650E+00
           Type = (3,-3) NACP C6
           Rho =  1.1767509968E+02     Rho at Nucleus =  1.1767509940E+02
           GradRho = -1.6533052705E-10 -1.4667876636E-09  7.4978478981E-10
           HessRho_EigVals = -1.4499972298E+05 -1.4499939964E+05 -1.4499882870E+05
           HessRho_EigVec1 =  9.6387258265E-01 -2.4169075605E-01  1.1196080951E-01
           HessRho_EigVec2 = -2.2393157375E-01 -5.0765598836E-01  8.3194954641E-01
           HessRho_EigVec3 =  1.4423693945E-01  8.2696491820E-01  5.4343787995E-01
           DelSqRho = -4.3499795131E+05
           Bond Ellipticity = NA
           V = -1.0875979717E+05
           G =  5.1546724622E+00
           K =  1.0875464250E+05
           L =  1.0874948783E+05
           Vnuc =  3.0699842147E+06
           Ven = -3.6126069847E+08
           Vrep =  3.6115193868E+08
           DelSqV =  2.4951733288E+09
           DelSqVen =  1.3354368410E+12
           DelSqVrep = -1.3329416676E+12
           DelSqG =  1.3402497427E+08
           DelSqK = -2.6291983031E+09
           Stress_EigVals = -3.6253553352E+04 -3.6253278731E+04 -3.6252965090E+04
           Stress_EigVec1 =  1.0825228881E-01  7.5064855855E-01  6.5177310739E-01
           Stress_EigVec2 = -1.6850691905E-01 -6.3228366183E-01  7.5618965162E-01
           Stress_EigVec3 =  9.7973815900E-01 -1.9168753881E-01  5.8043322320E-02
           -DivStress =  1.8212925072E+02  1.3931200739E+03 -7.4181060616E+02
           ESP =  -1.4729910145E+01     ESP at Nucleus =  -1.4729910167E+01
           ESPe = -3.1331973111E+01     ESPe at Nucleus = -3.1331971103E+01
           ESPn =  1.6602062966E+01     ESPn at Nucleus =  1.6602060936E+01

CP# 7      Coords =  3.09995953404798E+00  8.48099134561769E-02 -4.06187490729494E+00
           Type = (3,-3) NACP H7
           Rho =  4.2321602687E-01     Rho at Nucleus =  4.1936619377E-01
           GradRho =  9.1911514857E-11  1.8669595141E-09  5.2011185454E-09
           HessRho_EigVals = -6.4446498097E+00 -6.4382863411E+00 -5.8291987905E+00
           HessRho_EigVec1 =  1.8337696172E-01  9.2429322242E-01 -3.3474606628E-01
           HessRho_EigVec2 =  9.8291036698E-01 -1.7798114275E-01  4.7009821358E-02
           HessRho_EigVec3 =  1.6127628138E-02  3.3764589707E-01  9.4113503165E-01
           DelSqRho = -1.8712134941E+01
           Bond Ellipticity = NA
           V = -4.6871652619E+00
           G =  4.5657632785E-03
           K =  4.6825994986E+00
           L =  4.6780337353E+00
           Vnuc =  4.3621948499E+01
           Ven = -1.8461507728E+01
           Vrep =  1.3774342466E+01
           DelSqV =  7.0390442512E+02
           DelSqVen =  8.1625979529E+02
           DelSqVrep = -1.1235537017E+02
           DelSqG =  6.9291110700E+01
           DelSqK = -7.7319553583E+02
           Stress_EigVals = -1.6143208396E+00 -1.6140308948E+00 -1.4588135275E+00
           Stress_EigVec1 =  2.3052885215E-01  9.1408955617E-01 -3.3361164793E-01
           Stress_EigVec2 = -9.7292265440E-01  2.2239924109E-01 -6.2929215160E-02
           Stress_EigVec3 =  1.6672038961E-02  3.3908532978E-01  9.4060787911E-01
           -DivStress = -1.3509804753E-01 -2.7208749546E+00 -7.5700081218E+00
           ESP =  -1.0873510449E+00     ESP at Nucleus =  -1.0899815544E+00
           ESPe = -1.6810033818E+01     ESPe at Nucleus = -1.6708361182E+01
           ESPn =  1.5722682773E+01     ESPn at Nucleus =  1.5618379627E+01

CP# 8      Coords =  3.52609616308011E+00  3.15519494473849E+00 -1.37323684105610E+00
           Type = (3,-3) NACP C8
           Rho =  1.1768070221E+02     Rho at Nucleus =  1.1768070206E+02
           GradRho =  9.3576563165E-11  4.4911896424E-10  4.7094916855E-10
           HessRho_EigVals = -1.4500343632E+05 -1.4500249461E+05 -1.4500215422E+05
           HessRho_EigVec1 =  9.7679466809E-01 -2.0152987991E-01  7.2511267359E-02
           HessRho_EigVec2 = -7.6312309064E-02 -1.1145502452E-02  9.9702166940E-01
           HessRho_EigVec3 =  2.0012148280E-01  9.7941895289E-01  2.6266077850E-02
           DelSqRho = -4.3500808516E+05
           Bond Ellipticity = NA
           V = -1.0876227072E+05
           G =  5.1247154942E+00
           K =  1.0875714600E+05
           L =  1.0875202129E+05
           Vnuc =  4.2145897445E+06
           Ven = -4.9597588066E+08
           Vrep =  4.9586711839E+08
           DelSqV =  2.4952266935E+09
           DelSqVen =  1.8333808394E+12
           DelSqVrep = -1.8308855963E+12
           DelSqG =  1.3402452234E+08
           DelSqK = -2.6292512158E+09
           Stress_EigVals = -3.6254376958E+04 -3.6254187798E+04 -3.6253705964E+04
           Stress_EigVec1 =  1.9570060712E-01  9.7516013967E-01 -1.0374957524E-01
           Stress_EigVec2 = -4.1973928491E-02  1.1402759539E-01  9.9259049805E-01
           Stress_EigVec3 =  9.7976500330E-01 -1.8989578584E-01  6.3246571616E-02
           -DivStress = -1.5346326107E+02 -7.7941702731E+02 -8.3930669639E+02
           ESP =  -1.4726273410E+01     ESP at Nucleus =  -1.4726273426E+01
           ESPe = -2.9837381738E+01     ESPe at Nucleus = -2.9837382649E+01
           ESPn =  1.5111108328E+01     ESPn at Nucleus =  1.5111109223E+01

CP# 9      Coords =  3.88348093393593E+00  4.76058878783406E+00 -2.53607504902729E+00
           Type = (3,-3) NACP H9
           Rho =  4.2536988227E-01     Rho at Nucleus =  4.2158837683E-01
           GradRho = -7.3910062098E-16 -4.6438547452E-15  4.2674197509E-15
           HessRho_EigVals = -6.4910980921E+00 -6.4857087977E+00 -5.8797417622E+00
           HessRho_EigVec1 =  5.8368234414E-02  5.8062868847E-01  8.1207356523E-01
           HessRho_EigVec2 =  9.8255158775E-01 -1.7731052690E-01  5.6154736761E-02
           HessRho_EigVec3 =  1.7659424289E-01  7.9462651804E-01 -5.8084694215E-01
           DelSqRho = -1.8856548652E+01
           Bond Ellipticity = NA
           V = -4.7228997531E+00
           G =  4.3812950271E-03
           K =  4.7185184580E+00
           L =  4.7141371630E+00
           Vnuc =  4.2146727728E+01
           Ven = -1.7927948612E+01
           Vrep =  1.3205048859E+01
           DelSqV =  7.0985353024E+02
           DelSqVen =  7.9474182192E+02
           DelSqVrep = -8.4888291677E+01
           DelSqG =  7.0000390990E+01
           DelSqK = -7.7985392123E+02
           Stress_EigVals = -1.6259536388E+00 -1.6253891337E+00 -1.4715569805E+00
           Stress_EigVec1 =  4.1657627892E-02  5.8255782789E-01  8.1172102301E-01
           Stress_EigVec2 =  9.8336167483E-01 -1.6768173787E-01  6.9875970501E-02
           Stress_EigVec3 =  1.7681758540E-01  7.9530447751E-01 -5.7985026476E-01
           -DivStress =  1.4143740860E+00  6.3630620710E+00 -4.6421463952E+00
           ESP =  -1.0885064181E+00     ESP at Nucleus =  -1.0910888806E+00
           ESPe = -1.4973490107E+01     ESPe at Nucleus = -1.4874448016E+01
           ESPn =  1.3884983689E+01     ESPn at Nucleus =  1.3783359135E+01

CP# 10     Coords = -5.77514543129856E+00  2.37615548560078E+00  1.18647744021494E+00
           Type = (3,-3) NACP C10
           Rho =  1.1768152225E+02     Rho at Nucleus =  1.1768152217E+02
           GradRho = -1.1374495790E-10  3.7396197250E-11  2.4837465418E-10
           HessRho_EigVals = -1.4500999989E+05 -1.4500894860E+05 -1.4500873986E+05
           HessRho_EigVec1 =  6.4889340800E-01  7.4382182352E-01  1.6020749016E-01
           HessRho_EigVec2 =  7.6051380778E-01 -6.2751602367E-01 -1.6686038537E-01
           HessRho_EigVec3 =  2.3581628937E-02 -2.3011461250E-01  9.7287777850E-01
           DelSqRho = -4.3502768836E+05
           Bond Ellipticity = NA
           V = -1.0876710933E+05
           G =  5.0936199114E+00
           K =  1.0876201571E+05
           L =  1.0875692209E+05
           Vnuc =  5.6369094924E+06
           Ven = -6.6336008988E+08
           Vrep =  6.6325132277E+08
           DelSqV =  2.4953441095E+09
           DelSqVen =  2.4522120233E+12
           DelSqVrep = -2.4497166792E+12
           DelSqG =  1.3403636983E+08
           DelSqK = -2.6293804793E+09
           Stress_EigVals = -3.6255965887E+04 -3.6255849507E+04 -3.6255293935E+04
           Stress_EigVec1 = -5.8156167084E-02 -1.6146767145E-01  9.8516295673E-01
           Stress_EigVec2 =  7.5783127652E-01 -6.4952470704E-01 -6.1720428320E-02
           Stress_EigVec3 =  6.4985353469E-01  7.4299787754E-01  1.6013911896E-01
           -DivStress =  2.8499885150E+02 -7.7612761824E+01 -8.1232299608E+02
           ESP =  -1.4758264344E+01     ESP at Nucleus =  -1.4758264359E+01
           ESPe = -2.7145955108E+01     ESPe at Nucleus = -2.7145956448E+01
           ESPn =  1.2387690764E+01     ESPn at Nucleus =  1.2387692089E+01

CP# 11     Coords = -7.18737783346205E+00  3.39013160902751E+00  2.21685702022272E+00
           Type = (3,-3) NACP H11
           Rho =  4.2629074840E-01     Rho at Nucleus =  4.2265595127E-01
           GradRho =  5.4210108624E-16 -1.2784912018E-15 -6.0368376964E-16
           HessRho_EigVals = -6.4927623449E+00 -6.4865185741E+00 -5.8976835584E+00
           HessRho_EigVec1 =  2.9744372048E-01 -4.4248491557E-01  8.4601083483E-01
           HessRho_EigVec2 = -6.5002690962E-01 -7.4287541275E-01 -1.6000355587E-01
           HessRho_EigVec3 =  6.9927980803E-01 -5.0233775552E-01 -5.0859072884E-01
           DelSqRho = -1.8876964477E+01
           Bond Ellipticity = NA
           V = -4.7283509034E+00
           G =  4.5548920278E-03
           K =  4.7237960114E+00
           L =  4.7192411193E+00
           Vnuc =  4.0988032045E+01
           Ven = -1.7472818856E+01
           Vrep =  1.2744467952E+01
           DelSqV =  7.1105544767E+02
           DelSqVen =  7.7372962490E+02
           DelSqVrep = -6.2674177230E+01
           DelSqG =  6.9992515193E+01
           DelSqK = -7.8104796287E+02
           Stress_EigVals = -1.6265137451E+00 -1.6257925548E+00 -1.4760446034E+00
           Stress_EigVec1 =  2.9674395153E-01 -4.4589677197E-01  8.4446379198E-01
           Stress_EigVec2 =  6.5098913938E-01  7.4143718227E-01  1.6273919365E-01
           Stress_EigVec3 =  6.9868173558E-01 -5.0144488579E-01 -5.1029095512E-01
           -DivStress = -5.4839458753E+00  3.9374090125E+00  3.9956900479E+00
           ESP =  -1.1214128546E+00     ESP at Nucleus =  -1.1238347128E+00
           ESPe = -1.3255668287E+01     ESPe at Nucleus = -1.3170799471E+01
           ESPn =  1.2134255432E+01     ESPn at Nucleus =  1.2046964758E+01

CP# 12     Coords = -4.60005454889953E+00  1.11921509986918E+00  2.24253821626850E+00
           Type = (3,-3) NACP H12
           Rho =  4.2458448545E-01     Rho at Nucleus =  4.2083892452E-01
           GradRho = -1.4828315381E-09  1.5797936466E-09 -1.3052948583E-09
           HessRho_EigVals = -6.4608044580E+00 -6.4540917103E+00 -5.8559320462E+00
           HessRho_EigVec1 = -4.8473230232E-01  2.4245904490E-01  8.4038574871E-01
           HessRho_EigVec2 =  6.4999593776E-01  7.4276945255E-01  1.6062011471E-01
           HessRho_EigVec3 = -5.8526906290E-01  6.2410508082E-01 -5.1764174108E-01
           DelSqRho = -1.8770828215E+01
           Bond Ellipticity = NA
           V = -4.7019334530E+00
           G =  4.6131996932E-03
           K =  4.6973202533E+00
           L =  4.6927070536E+00
           Vnuc =  4.3588384099E+01
           Ven = -1.8506951635E+01
           Vrep =  1.3805018182E+01
           DelSqV =  7.0645152480E+02
           DelSqVen =  8.1819007413E+02
           DelSqVrep = -1.1173854934E+02
           DelSqG =  6.9494866732E+01
           DelSqK = -7.7594639153E+02
           Stress_EigVals = -1.6184694493E+00 -1.6177311194E+00 -1.4657328843E+00
           Stress_EigVec1 = -4.8103195303E-01  2.4913300553E-01  8.4055993583E-01
           Stress_EigVec2 =  6.5355353989E-01  7.4096478703E-01  1.5439868805E-01
           Stress_EigVec3 = -5.8435950464E-01  6.2362162401E-01 -5.1924949630E-01
           -DivStress =  4.6568767643E+00 -4.9611549786E+00  4.0988893271E+00
           ESP =  -1.1247501228E+00     ESP at Nucleus =  -1.1272246469E+00
           ESPe = -1.6376093902E+01     ESPe at Nucleus = -1.6340314021E+01
           ESPn =  1.5251343779E+01     ESPn at Nucleus =  1.5213089374E+01

CP# 13     Coords = -5.47304835150821E+00  2.64673054495780E+00 -1.29593240990628E+00
           Type = (3,-3) NACP C13
           Rho =  1.1768221656E+02     Rho at Nucleus =  1.1768221648E+02
           GradRho = -4.2984060755E-11  9.4590613120E-11 -2.5586111008E-10
           HessRho_EigVals = -1.4501095417E+05 -1.4500989135E+05 -1.4500968450E+05
           HessRho_EigVec1 =  6.5026676327E-01  7.4284564769E-01  1.5916494685E-01
           HessRho_EigVec2 =  7.0797806428E-01 -6.6852790216E-01  2.2767851135E-01
           HessRho_EigVec3 = -2.7553619925E-01  3.5366477671E-02  9.6063989880E-01
           DelSqRho = -4.3503053002E+05
           Bond Ellipticity = NA
           V = -1.0876781982E+05
           G =  5.0936581534E+00
           K =  1.0876272616E+05
           L =  1.0875763250E+05
           Vnuc =  5.6964859068E+06
           Ven = -6.7037508813E+08
           Vrep =  6.7026632031E+08
           DelSqV =  2.4953604370E+09
           DelSqVen =  2.4781455360E+12
           DelSqVrep = -2.4756500445E+12
           DelSqG =  1.3403733450E+08
           DelSqK = -2.6293977714E+09
           Stress_EigVals = -3.6256202944E+04 -3.6256087890E+04 -3.6255528987E+04
           Stress_EigVec1 = -1.8979807394E-01 -4.4542362264E-02  9.8081224966E-01
           Stress_EigVec2 =  7.3526737790E-01 -6.6847196539E-01  1.1192459286E-01
           Stress_EigVec3 =  6.5066010645E-01  7.4240232317E-01  1.5962523742E-01
           -DivStress =  1.0655201604E+02 -2.7198502394E+02  8.0388400167E+02
           ESP =  -1.4758421029E+01     ESP at Nucleus =  -1.4758421044E+01
           ESPe = -2.7238335002E+01     ESPe at Nucleus = -2.7238336288E+01
           ESPn =  1.2479913973E+01     ESPn at Nucleus =  1.2479915244E+01

CP# 14     Coords = -4.05000770241451E+00  1.61200523553157E+00 -2.28553548197038E+00
           Type = (3,-3) NACP H14
           Rho =  4.2438774207E-01     Rho at Nucleus =  4.2062938396E-01
           GradRho =  1.6566609196E-15  1.2143064332E-17  4.5623227418E-16
           HessRho_EigVals = -6.4571357671E+00 -6.4504380545E+00 -5.8511978327E+00
           HessRho_EigVec1 =  2.7701115493E-01 -4.2863156071E-01  8.5996500231E-01
           HessRho_EigVec2 =  6.5091868970E-01  7.4205433026E-01  1.6018810922E-01
           HessRho_EigVec3 =  7.0680243310E-01 -5.1539339936E-01 -4.8456162091E-01
           DelSqRho = -1.8758771654E+01
           Bond Ellipticity = NA
           V = -4.6989236982E+00
           G =  4.6153922957E-03
           K =  4.6943083059E+00
           L =  4.6896929136E+00
           Vnuc =  4.3778047785E+01
           Ven = -1.8578866852E+01
           Vrep =  1.3879943153E+01
           DelSqV =  7.0592857517E+02
           DelSqVen =  8.2122240186E+02
           DelSqVrep = -1.1529382669E+02
           DelSqG =  6.9439096722E+01
           DelSqK = -7.7536767189E+02
           Stress_EigVals = -1.6175532412E+00 -1.6168118089E+00 -1.4645586481E+00
           Stress_EigVec1 =  2.7302914368E-01 -4.3569279346E-01  8.5768693381E-01
           Stress_EigVec2 =  6.5317493015E-01  7.3851054750E-01  1.6722643885E-01
           Stress_EigVec3 =  7.0627020136E-01 -5.1456191168E-01 -4.8621851232E-01
           -DivStress =  5.6269274466E+00 -4.1067486270E+00 -3.8408112975E+00
           ESP =  -1.1250543764E+00     ESP at Nucleus =  -1.1275367695E+00
           ESPe = -1.6624177818E+01     ESPe at Nucleus = -1.6591881578E+01
           ESPn =  1.5499123442E+01     ESPn at Nucleus =  1.5464344808E+01

CP# 15     Coords = -6.62687678958700E+00  3.89324691387750E+00 -2.39107309668529E+00
           Type = (3,-3) NACP H15
           Rho =  4.2632226121E-01     Rho at Nucleus =  4.2268894825E-01
           GradRho =  3.1288558810E-10 -3.3777871299E-10  2.9616634145E-10
           HessRho_EigVals = -6.4934246305E+00 -6.4872135225E+00 -5.8984746219E+00
           HessRho_EigVec1 = -5.0048401032E-01  2.5997402853E-01  8.2579008223E-01
           HessRho_EigVec2 =  6.5017391092E-01  7.4269706565E-01  1.6023406076E-01
           HessRho_EigVec3 = -5.7165517664E-01  6.1710175268E-01 -5.4073633673E-01
           DelSqRho = -1.8879112775E+01
           Bond Ellipticity = NA
           V = -4.7288876575E+00
           G =  4.5547318773E-03
           K =  4.7243329256E+00
           L =  4.7197781937E+00
           Vnuc =  4.1103990599E+01
           Ven = -1.7523546217E+01
           Vrep =  1.2794658559E+01
           DelSqV =  7.1114621811E+02
           DelSqVen =  7.7600687492E+02
           DelSqVrep = -6.4860656805E+01
           DelSqG =  7.0003208987E+01
           DelSqK = -7.8114942710E+02
           Stress_EigVals = -1.6266848458E+00 -1.6259589821E+00 -1.4762438296E+00
           Stress_EigVec1 = -4.9911967532E-01  2.6409140448E-01  8.2530920254E-01
           Stress_EigVec2 =  6.5211005697E-01  7.4168037148E-01  1.5704362502E-01
           Stress_EigVec3 = -5.7064176443E-01  6.1657599422E-01 -5.4240392702E-01
           -DivStress = -4.4804063393E+00  4.8382566210E+00 -4.2474723624E+00
           ESP =  -1.1214861829E+00     ESP at Nucleus =  -1.1239070982E+00
           ESPe = -1.3364074671E+01     ESPe at Nucleus = -1.3279260845E+01
           ESPn =  1.2242588488E+01     ESPn at Nucleus =  1.2155353747E+01

CP# 16     Coords =  4.06364905379258E+00 -2.43551748037902E+00  2.08635157309672E-01
           Type = (3,-3) NACP H16
           Rho =  4.2179269407E-01     Rho at Nucleus =  4.1805844128E-01
           GradRho = -2.6229018957E-15  3.7504721551E-15 -9.2590865530E-17
           HessRho_EigVals = -6.4383771481E+00 -6.4372923558E+00 -5.8322945545E+00
           HessRho_EigVec1 =  7.5930605802E-01  6.5043258598E-01  1.9792962227E-02
           HessRho_EigVec2 = -5.0752254766E-02  2.8868941438E-02  9.9829394111E-01
           HessRho_EigVec3 = -6.4875150782E-01  7.5901517463E-01 -5.4931282435E-02
           DelSqRho = -1.8707964058E+01
           Bond Ellipticity = NA
           V = -4.6868645187E+00
           G =  4.9367520710E-03
           K =  4.6819277667E+00
           L =  4.6769910146E+00
           Vnuc =  4.5840069296E+01
           Ven = -1.9335006325E+01
           Vrep =  1.4648141806E+01
           DelSqV =  7.0432883488E+02
           DelSqVen =  8.5757436883E+02
           DelSqVrep = -1.5324553395E+02
           DelSqG =  6.9536177489E+01
           DelSqK = -7.7386501237E+02
           Stress_EigVals = -1.6132479049E+00 -1.6132001596E+00 -1.4604164543E+00
           Stress_EigVec1 =  7.5944778673E-01  6.5000591557E-01  2.7043833774E-02
           Stress_EigVec2 = -5.6238570946E-02  2.4180002590E-02  9.9812451659E-01
           Stress_EigVec3 = -6.4813292029E-01  7.5954436157E-01 -5.4918853248E-02
