AIMSum (Version 19.02.13, Professional)
Copyright (c) 1997-2019 by Todd A. Keith
AIMSum is a component of the AIMAll package ( http://aim.tkgristmill.com )

TP:  64-bit Linux

Much of the Quantum Theory of Atoms in Molecules (QTAIM) is described in the book:
  "Atoms in Molecules - A Quantum Theory"
  R.F.W. Bader, Oxford University Press, Oxford, 1990

For additional references see:  http://aim.tkgristmill.com/references.html

Wfn File:  /home/mhennefarth/Documents/ML_Diels/summary-olcum2007/r_1b-1u-opt/r_1b-1u-opt.wfn
Sum File:  /home/mhennefarth/Documents/ML_Diels/summary-olcum2007/r_1b-1u-opt/r_1b-1u-opt.sum

SumViz File:  /home/mhennefarth/Documents/ML_Diels/summary-olcum2007/r_1b-1u-opt/r_1b-1u-opt.sumviz

Wfn Title:   Title Card Required                                                           
 
Total memory allocated for AIMSum =        0.938 Megabytes

Atomic units (a.u.) used throughout, except where stated otherwise

Model:  Restricted SCF
 
Restricted, closed-shell, single-determinant wavefunction.
  Number of electrons (from MO Occs)                   =          74.0000000000
  Number of Alpha electrons (from MO Occs)             =          37.0000000000
  Number of Beta electrons (from MO Occs)              =          37.0000000000
  Number of electron pairs (N*(N-1)/2)                 =        2701.0000000000
  Number of electron pairs (from Muller 2EDM)          =        2701.0000000000
 
Nuclear Charges and Cartesian Coordinates:
-------------------------------------------------------------------------------
Atom      Charge                X                  Y                  Z
-------------------------------------------------------------------------------
C1         6.0          -2.1764416500E+00   3.7739541900E+00  -2.8221583000E-01
C2         6.0          -3.0706183200E+00   1.7167176700E+00  -1.4054246800E+00
H3         1.0          -1.6985635400E+00   5.4308431400E+00  -1.3902682700E+00
H4         1.0          -3.4053114400E+00   1.4476867700E+00  -3.4033161500E+00
C5         6.0           2.2846468900E+00  -2.3377765300E+00   6.7352778000E-01
C6         6.0           3.2359183700E+00  -1.9300512200E+00  -1.6572894100E+00
H7         1.0           1.1403573600E+00  -3.9337794000E+00   1.2608356000E+00
H8         1.0           3.0263633600E+00  -3.1367393900E+00  -3.2994321200E+00
C9         6.0           3.0136808400E+00  -2.4097792000E-01   2.3409117100E+00
C10        6.0           4.4095265300E+00   1.4400015500E+00   1.0240223500E+00
H11        1.0           2.4868850200E+00  -1.0719453000E-01   4.3176357500E+00
H12        1.0           5.2404753100E+00   3.1746704300E+00   1.7302385400E+00
C13        6.0           4.6958671000E+00   5.1540059000E-01  -1.6551784600E+00
H14        1.0           3.9469080500E+00   1.8758362300E+00  -3.0399951200E+00
H15        1.0           6.6920886000E+00   2.2836638000E-01  -2.1673182100E+00
H16        1.0          -1.9034644000E+00   3.8284157400E+00   1.7462706200E+00
O17        8.0          -3.4567978900E+00  -4.9348596000E-01   2.3687764800E+00
O18        8.0          -4.5187462200E+00  -2.3441839100E+00  -1.1688874200E+00
N19        7.0          -3.7252663000E+00  -5.3290806000E-01   5.9445160000E-02
 
Some Atomic Properties:
----------------------
  q(A) = Net Charge of Atom A
  L(A) = Lagrangian of Atom A = -(1/4) Times Atomic Integral of the Laplacian of the Electron Density
  K(A) = Electronic Kinetic Energy of Atom A (Hamiltonian Form)
  K_Scaled(A) = K(A) * E(Mol)/K(Mol) = Approximation to Virial-Based Total Energy of Atom A.
  |Mu_Intra(A)| = Magnitude of Intraatomic Dipole Moment of Atom A
--------------------------------------------------------------------------------------------------
Atom A          q(A)              L(A)              K(A)          K_Scaled(A)      |Mu_Intra(A)|
--------------------------------------------------------------------------------------------------
C1       -1.6207749300E-02  3.7340867729E-05  3.7704345280E+01 -3.8056050281E+01  2.2014533121E-01
C2        2.3800009040E-01 -1.1627914453E-04  3.7592185251E+01 -3.7942844028E+01  5.4241611553E-01
H3        8.0852473670E-02  1.7534515627E-05  5.7868439018E-01 -5.8408234081E-01  1.4102576059E-01
H4        1.1233715726E-01  2.3295758641E-05  5.7205557730E-01 -5.7739169456E-01  1.4125124951E-01
C5       -4.9589947800E-02 -1.0088810416E-05  3.7730484024E+01 -3.8082432847E+01  1.6062303565E-01
C6       -7.7735678800E-02 -1.5834019946E-05  3.7732234664E+01 -3.8084199817E+01  1.7228153717E-01
H7        6.0334719050E-02  2.0287708875E-05  5.8789159262E-01 -5.9337542776E-01  1.4432380370E-01
H8        5.0193997700E-02  2.1920323939E-05  5.9037185993E-01 -5.9587883093E-01  1.4980646943E-01
C9       -4.9414642700E-02 -4.4321237903E-05  3.7726797946E+01 -3.8078712385E+01  1.5582082838E-01
C10      -8.1432863200E-02 -6.8679025711E-05  3.7731952036E+01 -3.8083914552E+01  1.7071634038E-01
H11       5.1877492650E-02  2.2807091923E-05  5.9072159828E-01 -5.9623183163E-01  1.4782440338E-01
H12       4.4864055440E-02  2.4619491355E-05  5.9236346745E-01 -5.9788901610E-01  1.5105098958E-01
C13      -1.1206066600E-02 -1.4026191020E-04  3.7702600169E+01 -3.8054288892E+01  1.4117838341E-01
H14       3.5182513530E-02  2.4280897445E-05  5.9317296830E-01 -5.9870606796E-01  1.5379978766E-01
H15       4.3655661430E-02  3.0188599963E-05  5.8982583543E-01 -5.9532771313E-01  1.5175521177E-01
H16       1.2071153341E-01  1.6295230540E-05  5.6449495325E-01 -5.6976054524E-01  1.3381078409E-01
O17      -4.7560474310E-01  5.3906130173E-05  7.4825692889E+01 -7.5523664707E+01  2.9998810708E-01
O18      -4.6037115810E-01  2.8958229791E-05  7.4826229046E+01 -7.5524205866E+01  2.8979529033E-01
N19       3.8362339150E-01  3.0823817588E-04  5.3948877575E+01 -5.4452111086E+01  7.1662907757E-01
--------------------------------------------------------------------------------------------------
Total     7.0236440000E-05  2.3420887317E-04  4.7278098112E+02 -4.7719106793E+02
 
1st Largest |L(A)| = 3.0823817588E-04, atom N19     
2nd Largest |L(A)| = 1.4026191020E-04, atom C13     
 
Molecular charge q(Mol) from the wfn file:   0.0000000000E+00
Molecular energy E(Mol) from the wfn file:  -4.7719108682E+02
Molecular virial ratio (-V(Mol)/T(Mol)) from the wfn file:   2.0093279700E+00
Note.  K_Scaled(A) = (1+V(Mol)/T(Mol))*K(A) = (E(Mol)/T(Mol))*K(A)
       Only use K_Scaled(A) data with caution.
 
N_AIMInt(SumA)     =         73.999930
N_Analytic(Mol)    =         73.999987
 
G_AIMInt(SumA)     =        472.780747
G_Analytic(Mol)    =        472.780970
 
K_AIMInt(SumA)     =        472.780981
K_Analytic(Mol)    =        472.780970
 
L_AIMInt(SumA)     =          0.000234
L_Analytic(Mol)    =          0.000000
 
VenT_AIMInt(SumA)  =      -2109.560947
VenT_Analytic(Mol) =      -2109.563578
 
Some Information About the Atomic Calculations:
----------------------------------------------
  Time(sec) = "Elapsed User Time", in Seconds, for Atom A by AIMInt and, if used, by TWOe
  NProc = Number of Processors Used for AIMInt Job
  BIM = Basin Integration Method
  OAQ = Angular Quadrature Outside of Beta Sphere
  ORQ = Multiple of Default for Radial Quadrature Outside of Beta Sphere
  IAQ = Multiple of Default for Angular Quadrature Inside of Beta Sphere
  IRQ = Multiple of Default for Radial Quadrature Inside of Beta Sphere
  MIR = Maximum Integration Radius
------------------------------------------------------------------------------------------------------
Atom A     Time(sec)   NProc      BIM          OAQ                     ORQ      IAQ      IRQ      MIR
------------------------------------------------------------------------------------------------------
C1             33        8     Proaim(5)    4500(GS4)                  1.00     1.00     1.00    13.00
C2             32        8     Proaim(5)    4500(GS4)                  1.00     1.00     1.00    13.00
H3              6        8     Proaim(5)    1800(GS4)                  1.00     1.00     1.00    13.00
H4              8        8     Proaim(5)    1800(GS4)                  1.00     1.00     1.00    13.00
C5             76        8     Proaim(5)    4500(GS4)                  1.00     1.00     1.00    13.00
C6             23        8     Proaim(5)    4500(GS4)                  1.00     1.00     1.00    13.00
H7              6        8     Proaim(5)    1800(GS4)                  1.00     1.00     1.00    13.00
H8              5        8     Proaim(5)    1800(GS4)                  1.00     1.00     1.00    13.00
C9             37        8     Proaim(5)    4500(GS4)                  1.00     1.00     1.00    13.00
C10            28        8     Proaim(5)    4500(GS4)                  1.00     1.00     1.00    13.00
H11             7        8     Proaim(5)    1800(GS4)                  1.00     1.00     1.00    13.00
H12             5        8     Proaim(5)    1800(GS4)                  1.00     1.00     1.00    13.00
C13            26        8     Proaim(5)    4500(GS4)                  1.00     1.00     1.00    13.00
H14             6        8     Proaim(5)    1800(GS4)                  1.00     1.00     1.00    13.00
H15             5        8     Proaim(5)    1800(GS4)                  1.00     1.00     1.00    13.00
H16             7        8     Proaim(5)    1800(GS4)                  1.00     1.00     1.00    13.00
O17            56        8     Proaim(5)    4500(GS4)                  1.00     1.00     1.00    13.00
O18            10        8     Proaim(5)    2700(GS4)                  1.00     1.00     1.00    13.00
N19            44        8     Proaim(5)    4500(GS4)                  1.00     1.00     1.00    13.00
------------------------------------------------------------------------------------------------------
Total         420
Note:  Total wall clock time is less than total of atomic times if more than one atom
       was calculated at a time
 
Electron Density Critical Point Analysis of Molecular Structure:               
---------------------------------------------------------------                
  NACP = Nuclear Attractor Critical Point                                      
  NNACP = Non-Nuclear Attractor Critical Point                                 
  BCP = Bond Critical Point                                                    
  RCP = Ring Critical Point                                                    
  CCP = Cage Critical Point                                                    
  Rho = Electron Density                                                       
  GradRho = Gradient of Electron Density                                       
  HessRho_EigVals = Eigenvalues of the Hessian of Rho, Ascending Order         
  HessRho_EigVecs = Eigenvectors of the Hessian of Rho                         
  DelSqRho = Laplacian of Rho = Trace of Hessian of Rho                        
  Bond Ellipticity = (HessRho_EigVal(1) / HessRho_EigVal(2)) - 1               
  V = Virial Field = Potential Energy Density = Trace of Stress Tensor         
  G = Lagrangian Form of Kinetic Energy Density                                
  K = Hamiltonian Form of Kinetic Energy Density                               
  L = K - G = Lagrangian Density = (-1/4)DelSqRho                              
  Vnuc = Electrostatic Potential from Nuclei                                   
  Ven = Electron-nuclear attractive contribution to Virial Field V             
  Vrep = V - Ven = Repulsive contribution to Virial Field V                    
  DelSqV = Laplacian of V                                                      
  DelSqVen = Laplacian of Ven                                                  
  DelSqVrep = Laplacian of Vrep                                                
  DelSqG = Laplacian of G                                                      
  DelSqK = Laplacian of K                                                      
  Stress_EigVals = Eigenvalues of Stress Tensor, Ascending Order               
  Stress_EigVecs = Eigenvectors of Stress Tensor                               
  -DivStress = Ehrenfest Force Density = Minus Divergence of Stress Tensor     
  ESP = Total Electrostatic Potential                                          
  ESPe = Electrostatic Potential from Electrons                                
  ESPn = Electrostatic Potential from Nuclei                                   
  BP = Bond Path                                                               
  BPL = Bond Path Length                                                       
  GBL = Geometric Bond Length                                                  
  GBL_I = Distance Between Nuclear Attractors                                  
  GBL_II = Distance Between Nuclei                                             
  GBL_III = Sum of Distances Between BCP and Nuclear Attractors                
  GBL_IV = Sum of Distances Between BCP and Nuclei                             

CP# 1      Coords = -2.17644156096100E+00  3.77395447669655E+00 -2.82216421977066E-01
           Type = (3,-3) NACP C1
           Rho =  1.1771330079E+02     Rho at Nucleus =  1.1771330076E+02
           GradRho =  3.2318259180E-11  2.2570056935E-11 -5.7805038534E-11
           HessRho_EigVals = -1.4504922276E+05 -1.4504751894E+05 -1.4504734078E+05
           HessRho_EigVec1 =  9.3467565180E-01 -3.3711554086E-01 -1.1284741048E-01
           HessRho_EigVec2 =  3.1785978496E-01  9.3464373727E-01 -1.5939335456E-01
           HessRho_EigVec3 =  1.5920610240E-01  1.1311143394E-01  9.8074421766E-01
           DelSqRho = -4.3514408248E+05
           Bond Ellipticity = NA
           V = -1.0879631428E+05
           G =  5.1468309493E+00
           K =  1.0879116745E+05
           L =  1.0878602062E+05
           Vnuc =  9.0396053793E+06
           Ven = -1.0640817871E+09
           Vrep =  1.0639729907E+09
           DelSqV =  2.4960098536E+09
           DelSqVen =  3.9335331103E+12
           DelSqVrep = -3.9310371004E+12
           DelSqG =  1.3407185690E+08
           DelSqK = -2.6300817105E+09
           Stress_EigVals = -3.6265725234E+04 -3.6265673288E+04 -3.6264915760E+04
           Stress_EigVec1 =  3.0324071473E-01  5.8344265226E-01  7.5341870196E-01
           Stress_EigVec2 =  1.9071826104E-01  7.3749029485E-01 -6.4786928459E-01
           Stress_EigVec3 =  9.3363355436E-01 -3.4015104958E-01 -1.1236391606E-01
           -DivStress = -7.4908653450E+01 -2.3495869162E+02  4.7836401856E+02
           ESP =  -1.4699482853E+01     ESP at Nucleus =  -1.4699482855E+01
           ESPe = -2.7332086619E+01     ESPe at Nucleus = -2.7332087010E+01
           ESPn =  1.2632603766E+01     ESPn at Nucleus =  1.2632604155E+01

CP# 2      Coords = -3.07061939268708E+00  1.71671370879225E+00 -1.40542195329141E+00
           Type = (3,-3) NACP C2
           Rho =  1.1767813413E+02     Rho at Nucleus =  1.1767813237E+02
           GradRho = -1.7423951171E-11 -1.2854384224E-11 -1.1885992190E-11
           HessRho_EigVals = -1.4498960522E+05 -1.4498886370E+05 -1.4498787940E+05
           HessRho_EigVec1 =  2.0209712125E-01  7.5848734562E-01 -6.1955927894E-01
           HessRho_EigVec2 =  9.2917804837E-01 -3.4841040811E-01 -1.2344367928E-01
           HessRho_EigVec3 =  3.0949136985E-01  5.5073326943E-01  7.7518253201E-01
           DelSqRho = -4.3496634832E+05
           Bond Ellipticity = NA
           V = -1.0875190207E+05
           G =  5.1574950347E+00
           K =  1.0874674457E+05
           L =  1.0874158708E+05
           Vnuc =  1.2177579221E+06
           Ven = -1.4330348010E+08
           Vrep =  1.4319472819E+08
           DelSqV =  2.4949765527E+09
           DelSqVen =  5.2968372077E+11
           DelSqVrep = -5.2718874434E+11
           DelSqG =  1.3400123741E+08
           DelSqK = -2.6289777901E+09
           Stress_EigVals = -3.6251049365E+04 -3.6250433349E+04 -3.6250419355E+04
           Stress_EigVec1 =  3.0683422247E-01  5.7015956357E-01  7.6208321855E-01
           Stress_EigVec2 =  2.8963957378E-01  7.0679237727E-01 -6.4540952327E-01
           Stress_EigVec3 =  9.0662102183E-01 -4.1876318785E-01 -5.1727316548E-02
           -DivStress =  8.6733020920E+02  3.2145708192E+03 -2.2172720854E+03
           ESP =  -1.4674290169E+01     ESP at Nucleus =  -1.4674290302E+01
           ESPe = -2.9010182727E+01     ESPe at Nucleus = -2.9010177182E+01
           ESPn =  1.4335892557E+01     ESPn at Nucleus =  1.4335886879E+01

CP# 3      Coords = -1.70701658253572E+00  5.40163774462755E+00 -1.37083162171587E+00
           Type = (3,-3) NACP H3
           Rho =  4.2179399259E-01     Rho at Nucleus =  4.1790616407E-01
           GradRho = -4.2371705103E-15 -1.4047357028E-14  9.1632430810E-15
           HessRho_EigVals = -6.4226071975E+00 -6.4189970581E+00 -5.8055994183E+00
           HessRho_EigVec1 =  2.8997592578E-01  4.7118848184E-01  8.3300382775E-01
           HessRho_EigVec2 =  9.2795356220E-01 -3.5136411535E-01 -1.2427970406E-01
           HessRho_EigVec3 =  2.3412848794E-01  8.0902699153E-01 -5.3912816483E-01
           DelSqRho = -1.8647203674E+01
           Bond Ellipticity = NA
           V = -4.6705017685E+00
           G =  4.3504250125E-03
           K =  4.6661513435E+00
           L =  4.6618009185E+00
           Vnuc =  4.0172765688E+01
           Ven = -1.6944631233E+01
           Vrep =  1.2274129464E+01
           DelSqV =  7.0120627867E+02
           DelSqVen =  7.4910974392E+02
           DelSqVrep = -4.7903465253E+01
           DelSqG =  6.9035635769E+01
           DelSqK = -7.7024191443E+02
           Stress_EigVals = -1.6091442320E+00 -1.6085079980E+00 -1.4528495384E+00
           Stress_EigVec1 =  2.7162515745E-01  4.7658060951E-01  8.3611643715E-01
           Stress_EigVec2 =  9.3339915100E-01 -3.4213379535E-01 -1.0821502199E-01
           Stress_EigVec3 =  2.3449050886E-01  8.0982429497E-01 -5.3777208233E-01
           -DivStress =  1.8910713778E+00  6.5330709620E+00 -4.3458090163E+00
           ESP =  -1.0601059944E+00     ESP at Nucleus =  -1.0627391218E+00
           ESPe = -1.3521218744E+01     ESPe at Nucleus = -1.3432522853E+01
           ESPn =  1.2461112749E+01     ESPn at Nucleus =  1.2369783731E+01

CP# 4      Coords = -3.39921422308208E+00  1.45264833316425E+00 -3.36681097305579E+00
           Type = (3,-3) NACP H4
           Rho =  4.2340313045E-01     Rho at Nucleus =  4.1923957882E-01
           GradRho =  2.5153490402E-16  2.2204460493E-16  1.7173762412E-15
           HessRho_EigVals = -6.4479944778E+00 -6.4382277254E+00 -5.7938974214E+00
           HessRho_EigVec1 =  3.1801934524E-01  9.3203458093E-01 -1.7371020699E-01
           HessRho_EigVec2 = -9.3422784924E-01  3.3927714296E-01  1.1004247344E-01
           HessRho_EigVec3 =  1.6149929335E-01  1.2728927772E-01  9.7862935682E-01
           DelSqRho = -1.8680119625E+01
           Bond Ellipticity = NA
           V = -4.6785356327E+00
           G =  4.2528632943E-03
           K =  4.6742827694E+00
           L =  4.6700299061E+00
           Vnuc =  4.0779135082E+01
           Ven = -1.7266013451E+01
           Vrep =  1.2587477818E+01
           DelSqV =  7.0126679009E+02
           DelSqVen =  7.6175912152E+02
           DelSqVrep = -6.0492331432E+01
           DelSqG =  6.9042061565E+01
           DelSqK = -7.7030885165E+02
           Stress_EigVals = -1.6145334239E+00 -1.6138758751E+00 -1.4501263338E+00
           Stress_EigVec1 =  3.3279330196E-01  9.2621191251E-01 -1.7714432333E-01
           Stress_EigVec2 = -9.2895975063E-01  3.5429714463E-01  1.0727215397E-01
           Stress_EigVec3 =  1.6211847483E-01  1.2886049209E-01  9.7832130392E-01
           -DivStress = -1.3660590660E+00 -1.1119757979E+00 -8.1777498581E+00
           ESP =  -1.0573980816E+00     ESP at Nucleus =  -1.0602181351E+00
           ESPe = -1.5056998510E+01     ESPe at Nucleus = -1.4957662060E+01
           ESPn =  1.3999600428E+01     ESPn at Nucleus =  1.3897443925E+01

CP# 5      Coords =  2.28464667483513E+00 -2.33777619577058E+00  6.73529024714141E-01
           Type = (3,-3) NACP C5
           Rho =  1.1768743362E+02     Rho at Nucleus =  1.1768743350E+02
           GradRho = -6.6379485242E-11  1.0981998644E-10  4.8733805880E-10
           HessRho_EigVals = -1.4501507572E+05 -1.4501418457E+05 -1.4501385921E+05
           HessRho_EigVec1 =  8.2534270399E-01 -4.9749831925E-01  2.6702966749E-01
           HessRho_EigVec2 =  2.7250142590E-01  7.6516884194E-01  5.8331776606E-01
           HessRho_EigVec3 = -4.9452238964E-01 -4.0867109718E-01  7.6709552240E-01
           DelSqRho = -4.3504311950E+05
           Bond Ellipticity = NA
           V = -1.0877103290E+05
           G =  5.1265153922E+00
           K =  1.0876590639E+05
           L =  1.0876077987E+05
           Vnuc =  4.5919306731E+06
           Ven = -5.4041253630E+08
           Vrep =  5.4030376527E+08
           DelSqV =  2.4954305534E+09
           DelSqVen =  1.9976878162E+12
           DelSqVrep = -1.9951923856E+12
           DelSqG =  1.3403863937E+08
           DelSqK = -2.6294691928E+09
           Stress_EigVals = -3.6257288521E+04 -3.6257107019E+04 -3.6256637365E+04
           Stress_EigVec1 = -5.2000595467E-01 -5.0805402444E-01  6.8664031003E-01
           Stress_EigVec2 =  2.0859832571E-01  7.0400022063E-01  6.7887438298E-01
           Stress_EigVec3 =  8.2829979212E-01 -4.9625074066E-01  2.6010508795E-01
           -DivStress =  1.7007867014E+02 -2.7633865674E+02 -1.0097429115E+03
           ESP =  -1.4748772343E+01     ESP at Nucleus =  -1.4748772357E+01
           ESPe = -2.9001681761E+01     ESPe at Nucleus = -2.9001682011E+01
           ESPn =  1.4252909418E+01     ESPn at Nucleus =  1.4252909654E+01

CP# 6      Coords =  3.23591924966147E+00 -1.93005028459577E+00 -1.65729048183577E+00
           Type = (3,-3) NACP C6
           Rho =  1.1767343233E+02     Rho at Nucleus =  1.1767343212E+02
           GradRho =  5.3140075673E-10  5.9418348020E-10 -6.8674121945E-10
           HessRho_EigVals = -1.4499820596E+05 -1.4499762537E+05 -1.4499721491E+05
           HessRho_EigVec1 =  8.3864333487E-01 -4.8555516164E-01  2.4680668929E-01
           HessRho_EigVec2 =  4.6477206773E-01  8.7420023999E-01  1.4057334547E-01
           HessRho_EigVec3 = -2.8401458050E-01 -3.1820439285E-03  9.5881468108E-01
           DelSqRho = -4.3499304624E+05
           Bond Ellipticity = NA
           V = -1.0875849581E+05
           G =  5.1171265618E+00
           K =  1.0875337869E+05
           L =  1.0874826156E+05
           Vnuc =  3.5872260937E+06
           Ven = -4.2212120697E+08
           Vrep =  4.2201244848E+08
           DelSqV =  2.4951448029E+09
           DelSqVen =  1.5604184310E+12
           DelSqVrep = -1.5579232862E+12
           DelSqG =  1.3402386533E+08
           DelSqK = -2.6291686683E+09
           Stress_EigVals = -3.6253104280E+04 -3.6252885622E+04 -3.6252505911E+04
           Stress_EigVec1 = -1.9186010852E-01  1.6847291663E-01  9.6685395749E-01
           Stress_EigVec2 =  5.1627527586E-01  8.5515605724E-01 -4.6561328455E-02
           Stress_EigVec3 =  8.3465534102E-01 -4.9022953209E-01  2.5104873545E-01
           -DivStress = -7.1697963502E+02 -7.6354081446E+02  8.6678018717E+02
           ESP =  -1.4747178641E+01     ESP at Nucleus =  -1.4747178661E+01
           ESPe = -2.8393964266E+01     ESPe at Nucleus = -2.8393965165E+01
           ESPn =  1.3646785626E+01     ESPn at Nucleus =  1.3646786504E+01

CP# 7      Coords =  1.16015651647944E+00 -3.90621129170616E+00  1.25074612549427E+00
           Type = (3,-3) NACP H7
           Rho =  4.2531405193E-01     Rho at Nucleus =  4.2152834751E-01
           GradRho =  2.9579474720E-15  3.8640965427E-15 -1.3331349913E-15
           HessRho_EigVals = -6.4885043527E+00 -6.4829012057E+00 -5.8775590003E+00
           HessRho_EigVec1 = -6.5588400743E-02  3.8232581131E-01  9.2169687842E-01
           HessRho_EigVec2 =  8.2667633339E-01 -4.9648890862E-01  2.6477349457E-01
           HessRho_EigVec3 =  5.5884201837E-01  7.7931106602E-01 -2.8349578635E-01
           DelSqRho = -1.8848964559E+01
           Bond Ellipticity = NA
           V = -4.7210524383E+00
           G =  4.4056493113E-03
           K =  4.7166467890E+00
           L =  4.7122411397E+00
           Vnuc =  4.2402702626E+01
           Ven = -1.8034465267E+01
           Vrep =  1.3313412829E+01
           DelSqV =  7.0952369251E+02
           DelSqVen =  7.9924703899E+02
           DelSqVrep = -8.9723346478E+01
           DelSqG =  6.9958941202E+01
           DelSqK = -7.7948263371E+02
           Stress_EigVals = -1.6252894653E+00 -1.6247489145E+00 -1.4710140585E+00
           Stress_EigVec1 = -6.6642219259E-02  3.8426011135E-01  9.2081647544E-01
           Stress_EigVec2 =  8.2647935129E-01 -4.9578181589E-01  2.6670634211E-01
           Stress_EigVec3 =  5.5900867301E-01  7.7880970581E-01 -2.8454304708E-01
           -DivStress = -4.4758368963E+00 -6.2318584472E+00  2.2815136193E+00
           ESP =  -1.1094054841E+00     ESP at Nucleus =  -1.1119832861E+00
           ESPe = -1.5270783978E+01     ESPe at Nucleus = -1.5185361444E+01
           ESPn =  1.4161378494E+01     ESPn at Nucleus =  1.4073378158E+01

CP# 8      Coords =  3.03007691800035E+00 -3.11588009252250E+00 -3.27136939233613E+00
           Type = (3,-3) NACP H8
           Rho =  4.2469840301E-01     Rho at Nucleus =  4.2097261573E-01
           GradRho =  1.0668549377E-15  4.1008862972E-15  6.4882994810E-15
           HessRho_EigVals = -6.4721487501E+00 -6.4658181314E+00 -5.8681612424E+00
           HessRho_EigVec1 =  5.4995261308E-01  6.3407069669E-01 -5.4360507262E-01
           HessRho_EigVec2 = -8.2851829372E-01  4.9631940853E-01 -2.5927684373E-01
           HessRho_EigVec3 =  1.0540189917E-01  5.9297672494E-01  7.9829132735E-01
           DelSqRho = -1.8806128124E+01
           Bond Ellipticity = NA
           V = -4.7109110268E+00
           G =  4.6894979050E-03
           K =  4.7062215289E+00
           L =  4.7015320310E+00
           Vnuc =  4.1522636877E+01
           Ven = -1.7634597571E+01
           Vrep =  1.2923686544E+01
           DelSqV =  7.0809092374E+02
           DelSqVen =  7.8088002915E+02
           DelSqVrep = -7.2789105404E+01
           DelSqG =  6.9741250304E+01
           DelSqK = -7.7783217405E+02
           Stress_EigVals = -1.6213141869E+00 -1.6209564087E+00 -1.4686404312E+00
           Stress_EigVec1 =  5.3859708989E-01  6.4180114609E-01 -5.4589785092E-01
           Stress_EigVec2 =  8.3604527997E-01 -4.8752348640E-01  2.5169255065E-01
           Stress_EigVec3 =  1.0460145603E-01  5.9195619693E-01  7.9915354990E-01
           -DivStress = -8.3726213725E-01 -4.7044743167E+00 -6.3305917607E+00
           ESP =  -1.1046548361E+00     ESP at Nucleus =  -1.1071966096E+00
           ESPe = -1.4188088114E+01     ESPe at Nucleus = -1.4097079128E+01
           ESPn =  1.3083433278E+01     ESPn at Nucleus =  1.2989882518E+01

CP# 9      Coords =  3.01368012558751E+00 -2.40978901859170E-01  2.34091195896454E+00
           Type = (3,-3) NACP C9
           Rho =  1.1768326721E+02     Rho at Nucleus =  1.1768326710E+02
           GradRho = -2.2126539490E-10 -3.3975577907E-10  1.1165252056E-10
           HessRho_EigVals = -1.4500791637E+05 -1.4500699362E+05 -1.4500669170E+05
           HessRho_EigVec1 =  8.2354290068E-01 -5.0616411489E-01  2.5607612060E-01
           HessRho_EigVec2 =  2.3740890406E-01  7.1754518616E-01  6.5480219769E-01
           HessRho_EigVec3 = -5.1518356245E-01 -4.7846295010E-01  7.1109711177E-01
           DelSqRho = -4.3502160169E+05
           Bond Ellipticity = NA
           V = -1.0876564297E+05
           G =  5.1212715851E+00
           K =  1.0876052169E+05
           L =  1.0875540042E+05
           Vnuc =  4.8405876952E+06
           Ven = -5.6965617519E+08
           Vrep =  5.6954740955E+08
           DelSqV =  2.4953052809E+09
           DelSqVen =  2.1057602847E+12
           DelSqVrep = -2.1032649794E+12
           DelSqG =  1.3403003185E+08
           DelSqK = -2.6293353128E+09
           Stress_EigVals = -3.6255488717E+04 -3.6255316747E+04 -3.6254837502E+04
           Stress_EigVec1 = -4.6635539872E-01 -3.6321328116E-01  8.0659082221E-01
           Stress_EigVec2 =  3.0940257490E-01  7.8724885545E-01  5.3339411906E-01
           Stress_EigVec3 =  8.2872352974E-01 -4.9831250435E-01  2.5475862944E-01
           -DivStress =  5.7855001118E+02  7.9847816010E+02 -1.9591244875E+02
           ESP =  -1.4746609832E+01     ESP at Nucleus =  -1.4746609846E+01
           ESPe = -2.8668830682E+01     ESPe at Nucleus = -2.8668830981E+01
           ESPn =  1.3922220850E+01     ESPn at Nucleus =  1.3922221135E+01

CP# 10     Coords =  4.40952726231864E+00  1.44000212680438E+00  1.02402100540821E+00
           Type = (3,-3) NACP C10
           Rho =  1.1767135919E+02     Rho at Nucleus =  1.1767135899E+02
           GradRho =  3.9679931563E-10  3.6135677783E-10 -7.9445611201E-10
           HessRho_EigVals = -1.4499561763E+05 -1.4499506663E+05 -1.4499466577E+05
           HessRho_EigVec1 =  8.3551486287E-01 -4.9733832658E-01  2.3360116188E-01
           HessRho_EigVec2 =  1.9385706900E-02  4.5155712038E-01  8.9203159216E-01
           HessRho_EigVec3 =  5.4912576728E-01  7.4077712974E-01 -3.8692394054E-01
           DelSqRho = -4.3498535002E+05
           Bond Ellipticity = NA
           V = -1.0875657252E+05
           G =  5.1175068834E+00
           K =  1.0875145501E+05
           L =  1.0874633751E+05
           Vnuc =  3.6672038642E+06
           Ven = -4.3152486312E+08
           Vrep =  4.3141610655E+08
           DelSqV =  2.4951008419E+09
           DelSqVen =  1.5951800566E+12
           DelSqVrep = -1.5926849885E+12
           DelSqG =  1.3402148788E+08
           DelSqK = -2.6291223298E+09
           Stress_EigVals = -3.6252457689E+04 -3.6252244292E+04 -3.6251870538E+04
           Stress_EigVec1 =  5.4269509620E-01  8.1871538133E-01 -1.8758240037E-01
           Stress_EigVec2 = -1.0859220812E-01  2.8984808428E-01  9.5089211816E-01
           Stress_EigVec3 =  8.3288040251E-01 -4.9567450248E-01  2.4620524506E-01
           -DivStress = -5.9426328824E+02 -4.6343369095E+02  1.0953628219E+03
           ESP =  -1.4745841439E+01     ESP at Nucleus =  -1.4745841458E+01
           ESPe = -2.8064569955E+01     ESPe at Nucleus = -2.8064570855E+01
           ESPn =  1.3318728517E+01     ESPn at Nucleus =  1.3318729396E+01

CP# 11     Coords =  2.49595325698498E+00 -1.09492515601230E-01  4.28375623522902E+00
           Type = (3,-3) NACP H11
           Rho =  4.2629553354E-01     Rho at Nucleus =  4.2255295623E-01
           GradRho =  1.4344782697E-09 -3.6678500168E-10 -5.3664325371E-09
           HessRho_EigVals = -6.5079107293E+00 -6.5023895575E+00 -5.8998814611E+00
           HessRho_EigVec1 =  4.9567608777E-01  8.6556092924E-01  7.1480723182E-02
           HessRho_EigVec2 =  8.2973469949E-01 -4.9625777182E-01  2.5547710732E-01
           HessRho_EigVec3 = -2.5660386683E-01  6.7323856703E-02  9.6416904838E-01
           DelSqRho = -1.8910181748E+01
           Bond Ellipticity = NA
           V = -4.7363765152E+00
           G =  4.4155390945E-03
           K =  4.7319609761E+00
           L =  4.7275454370E+00
           Vnuc =  4.1964750793E+01
           Ven = -1.7889385829E+01
           Vrep =  1.3153009314E+01
           DelSqV =  7.1210356307E+02
           DelSqVen =  7.9356107348E+02
           DelSqVrep = -8.1457510411E+01
           DelSqG =  7.0248731911E+01
           DelSqK = -7.8235229498E+02
           Stress_EigVals = -1.6301618272E+00 -1.6295980215E+00 -1.4766166664E+00
           Stress_EigVec1 =  4.9443708906E-01  8.6619406841E-01  7.2386468491E-02
           Stress_EigVec2 =  8.3029328267E-01 -4.9529814560E-01  2.5552458142E-01
           Stress_EigVec3 = -2.5718676037E-01  6.6238831676E-02  9.6408888982E-01
           -DivStress = -2.0570361434E+00  5.2052704312E-01  7.6837135007E+00
           ESP =  -1.1072531908E+00     ESP at Nucleus =  -1.1098044654E+00
           ESPe = -1.4620344973E+01     ESPe at Nucleus = -1.4531090455E+01
           ESPn =  1.3513091782E+01     ESPn at Nucleus =  1.3421285989E+01

CP# 12     Coords =  5.22633127519398E+00  3.14509110712396E+00  1.71801044570878E+00
           Type = (3,-3) NACP H12
           Rho =  4.2513312124E-01     Rho at Nucleus =  4.2143765655E-01
           GradRho = -6.5680967609E-15 -1.2388527704E-14 -4.9873299934E-15
           HessRho_EigVals = -6.4798001557E+00 -6.4734411796E+00 -5.8785283868E+00
           HessRho_EigVec1 = -3.9423161570E-01 -1.8390626526E-01  9.0042207813E-01
           HessRho_EigVec2 =  8.2542034951E-01 -5.0162940756E-01  2.5893857203E-01
           HessRho_EigVec3 =  4.0405776789E-01  8.4530847805E-01  3.4955814557E-01
           DelSqRho = -1.8831769722E+01
           Bond Ellipticity = NA
           V = -4.7173903946E+00
           G =  4.7239820559E-03
           K =  4.7126664126E+00
           L =  4.7079424305E+00
           Vnuc =  4.1202794739E+01
           Ven = -1.7516672731E+01
           Vrep =  1.2799282336E+01
           DelSqV =  7.0921571513E+02
           DelSqVen =  7.7592154243E+02
           DelSqVrep = -6.6705827300E+01
           DelSqG =  6.9859508145E+01
           DelSqK = -7.7907522327E+02
           Stress_EigVals = -1.6232442331E+00 -1.6228942800E+00 -1.4712518815E+00
           Stress_EigVec1 = -3.8569345234E-01 -1.8731874099E-01  9.0341145117E-01
           Stress_EigVec2 =  8.2917458604E-01 -4.9978363335E-01  2.5037137555E-01
           Stress_EigVec3 =  4.0461100663E-01  8.4565241625E-01  3.4808321448E-01
           -DivStress =  3.1948827320E+00  6.6815057157E+00  2.7609862822E+00
           ESP =  -1.1023975490E+00     ESP at Nucleus =  -1.1049195316E+00
           ESPe = -1.3728121840E+01     ESPe at Nucleus = -1.3636487539E+01
           ESPn =  1.2625724291E+01     ESPn at Nucleus =  1.2531568008E+01

CP# 13     Coords =  4.69586712928594E+00  5.15400720051286E-01 -1.65517856483425E+00
           Type = (3,-3) NACP C13
           Rho =  1.1754053528E+02     Rho at Nucleus =  1.1754053527E+02
           GradRho =  6.0635108046E-11  8.5256801619E-12  9.2071905655E-12
           HessRho_EigVals = -1.4483654887E+05 -1.4483644466E+05 -1.4483623583E+05
           HessRho_EigVec1 =  2.4412722816E-01  7.5266134597E-01  6.1147591510E-01
           HessRho_EigVec2 = -8.0808121975E-01  5.0648045538E-01 -3.0080274367E-01
           HessRho_EigVec3 = -5.3610319786E-01 -4.2068806329E-01  7.3185716820E-01
           DelSqRho = -4.3450922937E+05
           Bond Ellipticity = NA
           V = -1.0863775086E+05
           G =  5.2217594094E+00
           K =  1.0863252910E+05
           L =  1.0862730734E+05
           Vnuc =  3.5379177305E+07
           Ven = -4.1584874380E+09
           Vrep =  4.1583788003E+09
           DelSqV =  2.4923881725E+09
           DelSqVen =  1.5372568756E+13
           DelSqVrep = -1.5370072174E+13
           DelSqG =  1.3387709009E+08
           DelSqK = -2.6262652626E+09
           Stress_EigVals = -3.6212649879E+04 -3.6212591646E+04 -3.6212509337E+04
           Stress_EigVec1 =  5.3135321817E-01  4.1728029581E-01 -7.3725227180E-01
           Stress_EigVec2 =  8.0872414912E-01 -5.0898943960E-01  2.9477958039E-01
           Stress_EigVec3 =  2.5224791016E-01  7.5286579489E-01  6.0791782891E-01
           -DivStress = -2.3065453898E+01 -1.0476256319E+02  8.3688235819E+01
           ESP =  -1.4731382167E+01     ESP at Nucleus =  -1.4731382168E+01
           ESPe = -2.7822710207E+01     ESPe at Nucleus = -2.7822710422E+01
           ESPn =  1.3091328040E+01     ESPn at Nucleus =  1.3091328255E+01

CP# 14     Coords =  3.95891174107965E+00  1.85417159742134E+00 -3.01795719769319E+00
           Type = (3,-3) NACP H14
           Rho =  4.1736390913E-01     Rho at Nucleus =  4.1408917515E-01
           GradRho =  5.7968679162E-10 -1.0469559967E-09  1.0651099388E-09
           HessRho_EigVals = -6.3690817616E+00 -6.3680314105E+00 -5.8197644940E+00
           HessRho_EigVec1 =  2.4075942812E-01  7.5441850327E-01  6.1064524864E-01
           HessRho_EigVec2 = -9.0103224383E-01 -6.0149118442E-02  4.2956137993E-01
           HessRho_EigVec3 = -3.6079882669E-01  6.5363201074E-01 -6.6527392944E-01
           DelSqRho = -1.8556877666E+01
           Bond Ellipticity = NA
           V = -4.6490808212E+00
           G =  4.9307023596E-03
           K =  4.6441501189E+00
           L =  4.6392194165E+00
           Vnuc =  4.3630346035E+01
           Ven = -1.8209731778E+01
           Vrep =  1.3560650957E+01
           DelSqV =  7.0050261231E+02
           DelSqVen =  8.0964299682E+02
           DelSqVrep = -1.0914038450E+02
           DelSqG =  6.9099460956E+01
           DelSqK = -7.6960207327E+02
           Stress_EigVals = -1.5960303349E+00 -1.5959572409E+00 -1.4570932454E+00
           Stress_EigVec1 =  2.5894281004E-01  7.5550152934E-01  6.0180234321E-01
           Stress_EigVec2 = -8.9589682213E-01 -4.4999181599E-02  4.4197732719E-01
           Stress_EigVec3 = -3.6099515955E-01  6.5359965791E-01 -6.6519920472E-01
           -DivStress = -2.6710716170E+00  4.8208694353E+00 -4.9039683229E+00
           ESP =  -1.0973923259E+00     ESP at Nucleus =  -1.0995773987E+00
           ESPe = -1.4564466557E+01     ESPe at Nucleus = -1.4488989918E+01
           ESPn =  1.3467074231E+01     ESPn at Nucleus =  1.3389412519E+01

CP# 15     Coords =  6.66005973052078E+00  2.33048247548568E-01 -2.15918341505152E+00
           Type = (3,-3) NACP H15
           Rho =  4.1613175626E-01     Rho at Nucleus =  4.1282504798E-01
           GradRho = -3.7330040968E-10  5.4479198930E-11  9.4911529157E-11
           HessRho_EigVals = -6.3479845784E+00 -6.3470789555E+00 -5.7964593434E+00
           HessRho_EigVec1 =  2.6515412272E-01  7.3992482671E-01  6.1822693408E-01
           HessRho_EigVec2 =  9.5430710649E-02 -6.5816791718E-01  7.4679848169E-01
           HessRho_EigVec3 =  9.5947187070E-01 -1.3901886060E-01 -2.4512748873E-01
           DelSqRho = -1.8491522877E+01
           Bond Ellipticity = NA
           V = -4.6326865210E+00
           G =  4.9029008226E-03
           K =  4.6277836202E+00
           L =  4.6228807193E+00
           Vnuc =  4.2451284376E+01
           Ven = -1.7665327523E+01
           Vrep =  1.3032641002E+01
           DelSqV =  6.9784034916E+02
           DelSqVen =  7.8498889690E+02
           DelSqVrep = -8.7148547738E+01
           DelSqG =  6.8817674021E+01
           DelSqK = -7.6665802318E+02
           Stress_EigVals = -1.5907675293E+00 -1.5906894620E+00 -1.4512295296E+00
           Stress_EigVec1 =  2.6068785728E-01  7.6838541988E-01  5.8448754271E-01
           Stress_EigVec2 =  1.0678144416E-01 -6.2465526779E-01  7.7356545916E-01
           Stress_EigVec3 =  9.5949964265E-01 -1.3924669811E-01 -2.4488934811E-01
           -DivStress =  7.1021735706E+00 -1.0382306143E+00 -1.8038345419E+00
           ESP =  -1.0976023448E+00     ESP at Nucleus =  -1.0998129571E+00
           ESPe = -1.3587047695E+01     ESPe at Nucleus = -1.3499245107E+01
           ESPn =  1.2489445351E+01     ESPn at Nucleus =  1.2399432150E+01

CP# 16     Coords = -1.90842177009281E+00  3.82774778228491E+00  1.70921782814353E+00
           Type = (3,-3) NACP H16
           Rho =  4.1728687205E-01     Rho at Nucleus =  4.1317739878E-01
           GradRho = -1.5655879371E-16  7.4072692424E-16 -7.2858385991E-16
           HessRho_EigVals = -6.3402956915E+00 -6.3362681408E+00 -5.7040634393E+00
           HessRho_EigVec1 =  3.4483476495E-01  9.3636231975E-01 -6.5685546571E-02
           HessRho_EigVec2 =  9.2917620107E-01 -3.5043672098E-01 -1.1758270266E-01
           HessRho_EigVec3 =  1.3311863978E-01  2.0486842994E-02  9.9088834740E-01
           DelSqRho = -1.8380627272E+01
           Bond Ellipticity = NA
           V = -4.6038356252E+00
           G =  4.3394036556E-03
           K =  4.5994962216E+00
           L =  4.5951568179E+00
           Vnuc =  4.0742611260E+01
           Ven = -1.7001356812E+01
           Vrep =  1.2397521186E+01
