AIMSum (Version 19.02.13, Professional)
Copyright (c) 1997-2019 by Todd A. Keith
AIMSum is a component of the AIMAll package ( http://aim.tkgristmill.com )

TP:  64-bit Linux

Much of the Quantum Theory of Atoms in Molecules (QTAIM) is described in the book:
  "Atoms in Molecules - A Quantum Theory"
  R.F.W. Bader, Oxford University Press, Oxford, 1990

For additional references see:  http://aim.tkgristmill.com/references.html

Wfn File:  /home/mhennefarth/Documents/ML_Diels/summary-olcum2007/r_1a-1u-opt/r_1a-1u-opt.wfn
Sum File:  /home/mhennefarth/Documents/ML_Diels/summary-olcum2007/r_1a-1u-opt/r_1a-1u-opt.sum

SumViz File:  /home/mhennefarth/Documents/ML_Diels/summary-olcum2007/r_1a-1u-opt/r_1a-1u-opt.sumviz

Wfn Title:   Title Card Required                                                           
 
Total memory allocated for AIMSum =        1.845 Megabytes

Atomic units (a.u.) used throughout, except where stated otherwise

Model:  Restricted SCF
 
Restricted, closed-shell, single-determinant wavefunction.
  Number of electrons (from MO Occs)                   =         130.0000000000
  Number of Alpha electrons (from MO Occs)             =          65.0000000000
  Number of Beta electrons (from MO Occs)              =          65.0000000000
  Number of electron pairs (N*(N-1)/2)                 =        8385.0000000000
  Number of electron pairs (from Muller 2EDM)          =        8385.0000000000
 
Nuclear Charges and Cartesian Coordinates:
-------------------------------------------------------------------------------
Atom      Charge                X                  Y                  Z
-------------------------------------------------------------------------------
C1         6.0          -1.1753446400E+00  -3.3894536900E+00  -3.4219450900E+00
H2         1.0           7.2215190000E+00  -5.7611184000E+00   2.0447209900E+00
H3         1.0           4.8180388300E+00  -6.8868340000E+00  -4.8754030000E-02
H4         1.0          -2.5876921000E+00  -3.2495396600E+00  -1.9224003700E+00
C5         6.0           5.1136986400E+00   5.1741758100E+00  -1.3761826000E-01
C6         6.0           2.6235801800E+00   1.3255684300E+00  -7.7778306000E-01
H7         1.0          -1.4372306800E+00  -5.1403074700E+00  -4.4817538400E+00
H8         1.0          -1.3268846500E+00  -1.7594409000E+00  -4.6788682700E+00
H9         1.0           4.0336609900E+00  -6.0386915500E+00   3.1361714100E+00
O10        8.0           1.1226891700E+00   2.2354217200E+00  -2.2856041400E+00
P11       15.0           2.0279137700E+00  -2.0155471900E+00   2.0143510000E-01
O12        8.0           4.8591848100E+00  -3.0195024400E+00   7.2053868000E-01
O13        8.0           1.3491013400E+00  -3.4804471000E+00  -2.3829214200E+00
O14        8.0           1.6444280000E-01  -2.2953274100E+00   2.2880508400E+00
C15        6.0           5.2360451200E+00  -5.5999153400E+00   1.5135653200E+00
C16        6.0          -9.9371868000E+00   1.4822729000E+00   3.9262936000E-01
C17        6.0           7.1847113200E+00   6.7734576000E+00   9.1824073000E-01
C18        6.0           4.7464398600E+00   2.7134572000E+00   3.7341803000E-01
H19        1.0          -9.1966533700E+00  -2.1759835600E+00   2.1163837400E+00
C20        6.0          -5.8409273600E+00   1.3826636000E-01   1.5783689700E+00
H21        1.0          -8.6048941600E+00   3.9073511300E+00  -2.6465453200E+00
H22        1.0           3.7878523800E+00   6.0808380600E+00  -1.4271613900E+00
C23        6.0          -8.2115781800E+00   2.5957069200E+00  -1.1185051000E+00
C24        6.0          -8.5874768500E+00  -1.9125258000E-01   2.2610101600E+00
H25        1.0          -3.9289916000E+00   2.3771418300E+00  -1.2859189900E+00
H26        1.0           5.9881221200E+00   1.6761536200E+00   1.6368426900E+00
H27        1.0          -8.9696195200E+00   3.7148142000E-01   4.2278603300E+00
H28        1.0          -4.2844408600E+00  -7.8916691000E-01   2.5350943500E+00
H29        1.0          -1.1971623340E+01   1.7168940700E+00   3.2321497000E-01
C30        6.0          -5.6651592400E+00   1.7627179100E+00  -3.8253758000E-01
H31        1.0           6.3970418000E+00   8.3877309400E+00   1.9584917800E+00
H32        1.0           8.3369362300E+00   7.5743927000E+00  -6.1138657000E-01
H33        1.0           8.4219951300E+00   5.7111392200E+00   2.1889095300E+00
 
Some Atomic Properties:
----------------------
  q(A) = Net Charge of Atom A
  L(A) = Lagrangian of Atom A = -(1/4) Times Atomic Integral of the Laplacian of the Electron Density
  K(A) = Electronic Kinetic Energy of Atom A (Hamiltonian Form)
  K_Scaled(A) = K(A) * E(Mol)/K(Mol) = Approximation to Virial-Based Total Energy of Atom A.
  |Mu_Intra(A)| = Magnitude of Intraatomic Dipole Moment of Atom A
--------------------------------------------------------------------------------------------------
Atom A          q(A)              L(A)              K(A)          K_Scaled(A)      |Mu_Intra(A)|
--------------------------------------------------------------------------------------------------
C1        4.0939856110E-01 -2.7964929653E-04  3.7431507579E+01 -3.7719438596E+01  6.1379785092E-01
H2        5.0669030750E-02  3.2399191879E-05  5.9997590127E-01 -6.0459104189E-01  1.4561474203E-01
H3        5.2077381240E-02  2.7557115702E-05  5.9876504044E-01 -6.0337086687E-01  1.4675823753E-01
H4        7.3476829180E-02  3.8687917193E-05  5.8948005988E-01 -5.9401446429E-01  1.4093221436E-01
C5       -2.3245287600E-02 -1.1566030889E-04  3.7721552059E+01 -3.8011714159E+01  7.0565815580E-02
C6        4.9144452270E-01  2.5480881055E-04  3.7280401567E+01 -3.7567170244E+01  1.5408591785E+00
H7        4.2652725180E-02  2.6701299728E-05  6.0314681198E-01 -6.0778634391E-01  1.4869327939E-01
H8        6.0899269960E-02  1.5924674776E-05  5.9649276682E-01 -6.0108111445E-01  1.4293827223E-01
H9        5.9659270790E-02  2.8154925781E-05  5.9497858636E-01 -5.9955528660E-01  1.4606267915E-01
O10      -1.1371031487E+00  5.0986280339E-05  7.5271335296E+01 -7.5850338214E+01  5.2204943492E-01
P11       3.3806831460E+00 -6.0709387373E-05  3.3835770498E+02 -3.4096042350E+02  3.2564731254E-01
O12      -1.3083209382E+00  6.4483184500E-05  7.5292141658E+01 -7.5871304623E+01  4.8220549221E-01
O13      -1.3059292390E+00  5.3458088916E-05  7.5285867351E+01 -7.5864982053E+01  4.9194397108E-01
O14      -1.4647372956E+00  4.1868777594E-06  7.5253136002E+01 -7.5831998928E+01  8.2803118408E-01
C15       4.2006994920E-01  1.1609841618E-04  3.7420803380E+01 -3.7708652058E+01  6.1585763566E-01
C16      -7.8682613100E-02 -4.0283602698E-05  3.7732132650E+01 -3.8022376138E+01  1.6732198956E-01
C17      -1.9547114600E-02 -2.2081554833E-05  3.7687346087E+01 -3.7977245068E+01  1.1957128930E-01
C18      -4.9112525800E-02  2.4590042035E-04  3.7745435887E+01 -3.8035781707E+01  1.3285952418E-01
H19       3.6767922280E-02  2.9053720110E-05  5.9242416615E-01 -5.9698121725E-01  1.5354277477E-01
C20      -8.5614129600E-02  2.1194020069E-05  3.7738613746E+01 -3.8028907088E+01  2.1966391808E-01
H21       3.6923606410E-02  2.0425260618E-05  5.9607791707E-01 -6.0066307359E-01  1.5168232704E-01
H22       8.1638481520E-02  1.7539329319E-05  5.8412072074E-01 -5.8861389999E-01  1.4231304222E-01
C23      -5.9872983300E-02 -6.1199435520E-05  3.7728877613E+01 -3.8019096062E+01  1.4572047973E-01
C24      -1.4092682100E-02 -1.1640002441E-04  3.7704337628E+01 -3.7994367311E+01  1.3629913609E-01
H25       6.2617046690E-02  1.6234755781E-05  5.8693525476E-01 -5.9145008399E-01  1.3410209690E-01
H26       6.9078204570E-02 -3.8671579685E-06  5.8772295870E-01 -5.9224384712E-01  1.4166185133E-01
H27       3.9000029100E-02  2.6695780250E-05  5.9153901881E-01 -5.9608926116E-01  1.5308436955E-01
H28       9.6188011090E-02  5.2039360101E-05  5.7354693177E-01 -5.7795877521E-01  1.2745151576E-01
H29       4.0712077200E-02  1.5901292194E-05  5.9395111342E-01 -5.9851991012E-01  1.5201391602E-01
C30      -6.9377281900E-02 -1.5147543874E-06  3.7733166730E+01 -3.8023418172E+01  1.7166602186E-01
H31       4.1944073590E-02  2.3083517580E-05  5.9184018324E-01 -5.9639274222E-01  1.4854381432E-01
H32       4.0419805100E-02  2.3543571398E-05  5.9242045421E-01 -5.9697747675E-01  1.4897226025E-01
H33       2.9720811360E-02  2.4799598483E-05  5.9914023884E-01 -6.0374895138E-01  1.4968995818E-01
--------------------------------------------------------------------------------------------------
Total     4.0551551000E-04  5.2849188695E-04  1.0634569183E+03 -1.0716372523E+03
 
1st Largest |L(A)| = 2.7964929653E-04, atom C1      
2nd Largest |L(A)| = 2.5480881055E-04, atom C6      
 
Molecular charge q(Mol) from the wfn file:   0.0000000000E+00
Molecular energy E(Mol) from the wfn file:  -1.0716372694E+03
Molecular virial ratio (-V(Mol)/T(Mol)) from the wfn file:   2.0076922100E+00
Note.  K_Scaled(A) = (1+V(Mol)/T(Mol))*K(A) = (E(Mol)/T(Mol))*K(A)
       Only use K_Scaled(A) data with caution.
 
N_AIMInt(SumA)     =        129.999594
N_Analytic(Mol)    =        129.999978
 
G_AIMInt(SumA)     =       1063.456390
G_Analytic(Mol)    =       1063.456886
 
K_AIMInt(SumA)     =       1063.456918
K_Analytic(Mol)    =       1063.456886
 
L_AIMInt(SumA)     =          0.000528
L_Analytic(Mol)    =          0.000000
 
VenT_AIMInt(SumA)  =      -4971.664151
VenT_Analytic(Mol) =      -4971.675337
 
Some Information About the Atomic Calculations:
----------------------------------------------
  Time(sec) = "Elapsed User Time", in Seconds, for Atom A by AIMInt and, if used, by TWOe
  NProc = Number of Processors Used for AIMInt Job
  BIM = Basin Integration Method
  OAQ = Angular Quadrature Outside of Beta Sphere
  ORQ = Multiple of Default for Radial Quadrature Outside of Beta Sphere
  IAQ = Multiple of Default for Angular Quadrature Inside of Beta Sphere
  IRQ = Multiple of Default for Radial Quadrature Inside of Beta Sphere
  MIR = Maximum Integration Radius
------------------------------------------------------------------------------------------------------
Atom A     Time(sec)   NProc      BIM          OAQ                     ORQ      IAQ      IRQ      MIR
------------------------------------------------------------------------------------------------------
C1             75        8     Proaim(5)    4500(GS4)                  1.00     1.00     1.00    13.00
H2              7        8     Proaim(5)    1800(GS4)                  1.00     1.00     1.00    13.00
H3              9        8     Proaim(5)    1800(GS4)                  1.00     1.00     1.00    13.00
H4             25        8     Proaim(5)    4500(GS4)                  1.00     1.00     1.00    13.00
C5             31        8     Proaim(5)    4500(GS4)                  1.00     1.00     1.00    13.00
C6            100        8     Proaim(5)    5400(GS5)                  1.00     1.00     1.00    13.00
H7              8        8     Proaim(5)    1800(GS4)                  1.00     1.00     1.00    13.00
H8             33        8     Proaim(5)    1800(GS4)                  1.00     1.00     1.00    13.00
H9              9        8     Proaim(5)    1800(GS4)                  1.00     1.00     1.00    13.00
O10            46        8     Proaim(5)    4500(GS4)                  1.00     1.00     1.00    13.00
P11           117        8     Proaim(5)    4500(GS4)                  1.00     1.00     1.00    13.00
O12            39        8     Proaim(5)    4500(GS4)                  1.00     1.00     1.00    13.00
O13            57        8     Proaim(5)    4500(GS4)                  1.00     1.00     1.00    13.00
O14            27        8     Proaim(5)    4500(GS4)                  1.00     1.00     1.00    13.00
C15            34        8     Proaim(5)    5400(GS5)                  1.00     1.00     1.00    13.00
C16            22        8     Proaim(5)    4500(GS4)                  1.00     1.00     1.00    13.00
C17            24        8     Proaim(5)    4500(GS4)                  1.00     1.00     1.00    13.00
C18            50        8     Proaim(5)    4500(GS4)                  1.00     1.00     1.00    13.00
H19             8        8     Proaim(5)    1800(GS4)                  1.00     1.00     1.00    13.00
C20            44        8     Proaim(5)    4500(GS4)                  1.00     1.00     1.00    13.00
H21             7        8     Proaim(5)    1800(GS4)                  1.00     1.00     1.00    13.00
H22            10        8     Proaim(5)    1800(GS4)                  1.00     1.00     1.00    13.00
C23            23        8     Proaim(5)    4500(GS4)                  1.00     1.00     1.00    13.00
C24            23        8     Proaim(5)    4500(GS4)                  1.00     1.00     1.00    13.00
H25            17        8     Proaim(5)    4500(GS4)                  1.00     1.00     1.00    13.00
H26            15        8     Proaim(5)    1800(GS4)                  1.00     1.00     1.00    13.00
H27             7        8     Proaim(5)    1800(GS4)                  1.00     1.00     1.00    13.00
H28            16        8     Proaim(5)    4500(GS4)                  1.00     1.00     1.00    13.00
H29             7        8     Proaim(5)    1800(GS4)                  1.00     1.00     1.00    13.00
C30            35        8     Proaim(5)    4500(GS4)                  1.00     1.00     1.00    13.00
H31             7        8     Proaim(5)    1800(GS4)                  1.00     1.00     1.00    13.00
H32             6        8     Proaim(5)    1800(GS4)                  1.00     1.00     1.00    13.00
H33             8        8     Proaim(5)    1800(GS4)                  1.00     1.00     1.00    13.00
------------------------------------------------------------------------------------------------------
Total         946
Note:  Total wall clock time is less than total of atomic times if more than one atom
       was calculated at a time
 
Electron Density Critical Point Analysis of Molecular Structure:               
---------------------------------------------------------------                
  NACP = Nuclear Attractor Critical Point                                      
  NNACP = Non-Nuclear Attractor Critical Point                                 
  BCP = Bond Critical Point                                                    
  RCP = Ring Critical Point                                                    
  CCP = Cage Critical Point                                                    
  Rho = Electron Density                                                       
  GradRho = Gradient of Electron Density                                       
  HessRho_EigVals = Eigenvalues of the Hessian of Rho, Ascending Order         
  HessRho_EigVecs = Eigenvectors of the Hessian of Rho                         
  DelSqRho = Laplacian of Rho = Trace of Hessian of Rho                        
  Bond Ellipticity = (HessRho_EigVal(1) / HessRho_EigVal(2)) - 1               
  V = Virial Field = Potential Energy Density = Trace of Stress Tensor         
  G = Lagrangian Form of Kinetic Energy Density                                
  K = Hamiltonian Form of Kinetic Energy Density                               
  L = K - G = Lagrangian Density = (-1/4)DelSqRho                              
  Vnuc = Electrostatic Potential from Nuclei                                   
  Ven = Electron-nuclear attractive contribution to Virial Field V             
  Vrep = V - Ven = Repulsive contribution to Virial Field V                    
  DelSqV = Laplacian of V                                                      
  DelSqVen = Laplacian of Ven                                                  
  DelSqVrep = Laplacian of Vrep                                                
  DelSqG = Laplacian of G                                                      
  DelSqK = Laplacian of K                                                      
  Stress_EigVals = Eigenvalues of Stress Tensor, Ascending Order               
  Stress_EigVecs = Eigenvectors of Stress Tensor                               
  -DivStress = Ehrenfest Force Density = Minus Divergence of Stress Tensor     
  ESP = Total Electrostatic Potential                                          
  ESPe = Electrostatic Potential from Electrons                                
  ESPn = Electrostatic Potential from Nuclei                                   
  BP = Bond Path                                                               
  BPL = Bond Path Length                                                       
  GBL = Geometric Bond Length                                                  
  GBL_I = Distance Between Nuclear Attractors                                  
  GBL_II = Distance Between Nuclei                                             
  GBL_III = Sum of Distances Between BCP and Nuclear Attractors                
  GBL_IV = Sum of Distances Between BCP and Nuclei                             

CP# 1      Coords = -1.17533807820058E+00 -3.38945415544063E+00 -3.42194255233456E+00
           Type = (3,-3) NACP C1
           Rho =  1.1751555963E+02     Rho at Nucleus =  1.1751555603E+02
           GradRho = -3.8629099919E-12 -2.5653895674E-11 -3.0937710727E-11
           HessRho_EigVals = -1.4479233237E+05 -1.4478968361E+05 -1.4478959102E+05
           HessRho_EigVec1 =  9.0334098523E-01  8.8771207186E-03  4.2883127351E-01
           HessRho_EigVec2 = -6.2131718470E-02  9.9194912683E-01  1.1034753889E-01
           HessRho_EigVec3 = -4.2439923889E-01 -1.2632547845E-01  8.9661985229E-01
           DelSqRho = -4.3437160700E+05
           Bond Ellipticity = NA
           V = -1.0860316658E+05
           G =  5.1324141050E+00
           K =  1.0859803416E+05
           L =  1.0859290175E+05
           Vnuc =  8.5098797550E+05
           Ven = -1.0000432818E+08
           Vrep =  9.9895725009E+07
           DelSqV =  2.4915827796E+09
           DelSqVen =  3.6964501478E+11
           DelSqVrep = -3.6715343200E+11
           DelSqG =  1.3381998203E+08
           DelSqK = -2.6254027617E+09
           Stress_EigVals = -3.6201331669E+04 -3.6201306526E+04 -3.6200528383E+04
           Stress_EigVec1 = -4.2129785891E-01 -4.4186283534E-02  9.0584528835E-01
           Stress_EigVec2 = -2.1619270512E-02  9.9901789358E-01  3.8676290504E-02
           Stress_EigVec3 =  9.0666461341E-01  3.2894759508E-03  4.2183937480E-01
           -DivStress = -5.3171269105E+03  3.7906385190E+02 -2.0528698277E+03
           ESP =  -1.4686186405E+01     ESP at Nucleus =  -1.4686186623E+01
           ESPe = -3.3784654984E+01     ESPe at Nucleus = -3.3784642695E+01
           ESPn =  1.9098468579E+01     ESPn at Nucleus =  1.9098456072E+01

CP# 2      Coords =  7.18752246311096E+00 -5.75808602128260E+00  2.03554387392121E+00
           Type = (3,-3) NACP H2
           Rho =  4.3020271006E-01     Rho at Nucleus =  4.2639712623E-01
           GradRho = -6.1866895487E-09  5.5001255460E-10 -1.6696269350E-09
           HessRho_EigVals = -6.5502109489E+00 -6.5432246478E+00 -5.9308499201E+00
           HessRho_EigVec1 =  1.4047923244E-01  9.6869586711E-01 -2.0467999975E-01
           HessRho_EigVec2 = -2.3393192662E-01  2.3335142203E-01  9.4383418435E-01
           HessRho_EigVec3 =  9.6205064262E-01 -8.4707915086E-02  2.5938991916E-01
           DelSqRho = -1.9024285517E+01
           Bond Ellipticity = NA
           V = -4.7645626232E+00
           G =  4.2456220009E-03
           K =  4.7603170012E+00
           L =  4.7560713792E+00
           Vnuc =  4.4849651582E+01
           Ven = -1.9294441656E+01
           Vrep =  1.4529879032E+01
           DelSqV =  7.1574258654E+02
           DelSqVen =  8.5323258728E+02
           DelSqVrep = -1.3749000074E+02
           DelSqG =  7.0461288359E+01
           DelSqK = -7.8620387490E+02
           Stress_EigVals = -1.6401033348E+00 -1.6398384634E+00 -1.4846208250E+00
           Stress_EigVec1 =  1.3123266824E-01  9.7836635158E-01 -1.5992894950E-01
           Stress_EigVec2 = -2.4026851574E-01  1.8790384314E-01  9.5234614824E-01
           Stress_EigVec3 =  9.6179469074E-01 -8.6553034801E-02  2.5972975385E-01
           -DivStress =  7.7478166170E+00 -6.9329607433E-01  2.0920172312E+00
           ESP =  -1.0938151390E+00     ESP at Nucleus =  -1.0962841443E+00
           ESPe = -1.7649905746E+01     ESPe at Nucleus = -1.7551045102E+01
           ESPn =  1.6556090607E+01     ESPn at Nucleus =  1.6454760958E+01

CP# 3      Coords =  4.82508855443818E+00 -6.86471547917761E+00 -2.22986263995485E-02
           Type = (3,-3) NACP H3
           Rho =  4.2869461375E-01     Rho at Nucleus =  4.2493369480E-01
           GradRho =  1.5785983631E-15  3.7795287733E-16  1.6523241109E-15
           HessRho_EigVals = -6.5258714388E+00 -6.5188430050E+00 -5.9115676719E+00
           HessRho_EigVec1 = -2.0177621448E-01  7.7751997276E-01 -5.9560813564E-01
           HessRho_EigVec2 =  9.5881463413E-01  3.2691324380E-02 -2.8214495331E-01
           HessRho_EigVec3 =  1.9990211765E-01  6.2800793727E-01  7.5209385989E-01
           DelSqRho = -1.8956282116E+01
           Bond Ellipticity = NA
           V = -4.7478503266E+00
           G =  4.3898988237E-03
           K =  4.7434604277E+00
           L =  4.7390705289E+00
           Vnuc =  4.6337756106E+01
           Ven = -1.9864746456E+01
           Vrep =  1.5116896129E+01
           DelSqV =  7.1335052633E+02
           DelSqVen =  8.7839157735E+02
           DelSqVrep = -1.6504105103E+02
           DelSqG =  7.0210245631E+01
           DelSqK = -7.8356077196E+02
           Stress_EigVals = -1.6340226521E+00 -1.6337010241E+00 -1.4801266504E+00
           Stress_EigVec1 = -8.5098756092E-02  7.7524960922E-01 -6.2589635334E-01
           Stress_EigVec2 =  9.7607618659E-01 -6.1280974208E-02 -2.0861428564E-01
           Stress_EigVec3 =  2.0008368171E-01  6.2867534198E-01  7.5148774754E-01
           -DivStress = -1.6011507929E+00 -5.0238103597E+00 -6.0069456989E+00
           ESP =  -1.0976752061E+00     ESP at Nucleus =  -1.1001319906E+00
           ESPe = -1.9023771599E+01     ESPe at Nucleus = -1.8939898656E+01
           ESPn =  1.7926096393E+01     ESPn at Nucleus =  1.7839766665E+01

CP# 4      Coords = -2.56270224366666E+00 -3.25206528318928E+00 -1.94836247262663E+00
           Type = (3,-3) NACP H4
           Rho =  4.2546328567E-01     Rho at Nucleus =  4.2154597417E-01
           GradRho =  1.5707921075E-15  9.5279686918E-16 -1.0321604682E-15
           HessRho_EigVals = -6.4629381264E+00 -6.4562995426E+00 -5.8370130380E+00
           HessRho_EigVec1 =  7.1883791422E-01 -3.3903102427E-02  6.9435051143E-01
           HessRho_EigVec2 =  7.2227748652E-02  9.9704681664E-01 -2.6092101240E-02
           HessRho_EigVec3 = -6.9141536388E-01  6.8907365849E-02  7.1916379882E-01
           DelSqRho = -1.8756250707E+01
           Bond Ellipticity = NA
           V = -4.6979857813E+00
           G =  4.4615522772E-03
           K =  4.6935242290E+00
           L =  4.6890626767E+00
           Vnuc =  4.8659363454E+01
           Ven = -2.0702772654E+01
           Vrep =  1.6004786872E+01
           DelSqV =  7.0488784121E+02
           DelSqVen =  9.1266722018E+02
           DelSqVrep = -2.0777937897E+02
           DelSqG =  6.9265686495E+01
           DelSqK = -7.7415352771E+02
           Stress_EigVals = -1.6182972965E+00 -1.6180458281E+00 -1.4616426567E+00
           Stress_EigVec1 =  6.9682595093E-01 -1.9543895370E-01  6.9009942000E-01
           Stress_EigVec2 =  1.8812377480E-01  9.7827604995E-01  8.7094290513E-02
           Stress_EigVec3 = -6.9212935169E-01  6.9134546071E-02  7.1845485250E-01
           -DivStress = -5.6168759993E+00  5.6793484257E-01  5.8338201367E+00
           ESP =  -1.1089902893E+00     ESP at Nucleus =  -1.1115610468E+00
           ESPe = -2.2085492603E+01     ESPe at Nucleus = -2.2023324745E+01
           ESPn =  2.0976502314E+01     ESPn at Nucleus =  2.0911763698E+01

CP# 5      Coords =  5.11369970936019E+00  5.17417688033161E+00 -1.37617801103372E-01
           Type = (3,-3) NACP C5
           Rho =  1.1772023935E+02     Rho at Nucleus =  1.1772023917E+02
           GradRho =  6.2507865550E-10  6.4788929777E-10  2.4657390019E-10
           HessRho_EigVals = -1.4505362671E+05 -1.4505176464E+05 -1.4505143550E+05
           HessRho_EigVec1 = -5.8284523661E-01  2.4549976251E-01  7.7461041612E-01
           HessRho_EigVec2 =  7.5750483166E-01  5.0913992655E-01  4.0861101943E-01
           HessRho_EigVec3 = -2.9407118214E-01  8.2492811917E-01 -4.8271703723E-01
           DelSqRho = -4.3515682684E+05
           Bond Ellipticity = NA
           V = -1.0879933310E+05
           G =  5.0631943519E+00
           K =  1.0879426991E+05
           L =  1.0878920671E+05
           Vnuc =  3.7949579589E+06
           Ven = -4.4674335926E+08
           Vrep =  4.4663455993E+08
           DelSqV =  2.4960753041E+09
           DelSqVen =  1.6514019164E+12
           DelSqVrep = -1.6489058411E+12
           DelSqG =  1.3407103253E+08
           DelSqK = -2.6301463367E+09
           Stress_EigVals = -3.6266782833E+04 -3.6266638145E+04 -3.6265912121E+04
           Stress_EigVec1 = -1.5118815276E-01  9.0347998784E-01 -4.0108110656E-01
           Stress_EigVec2 =  7.9809072598E-01  3.5097301653E-01  4.8976436658E-01
           Stress_EigVec3 = -5.8326094980E-01  2.4605254164E-01  7.7412196144E-01
           -DivStress = -8.7319322302E+02 -8.7144606482E+02 -3.7579935129E+02
           ESP =  -1.4702907314E+01     ESP at Nucleus =  -1.4702907326E+01
           ESPe = -3.2320866494E+01     ESPe at Nucleus = -3.2320868265E+01
           ESPn =  1.7617959180E+01     ESPn at Nucleus =  1.7617960939E+01

CP# 6      Coords =  2.62357885823731E+00  1.32556914383019E+00 -7.77784128592920E-01
           Type = (3,-3) NACP C6
           Rho =  1.1780327114E+02     Rho at Nucleus =  1.1780327089E+02
           GradRho = -1.0062556274E-09  5.1759962982E-10 -8.0523768556E-10
           HessRho_EigVals = -1.4515932797E+05 -1.4515727554E+05 -1.4515697675E+05
           HessRho_EigVec1 = -5.8865540535E-01  2.6387737498E-01  7.6410309823E-01
           HessRho_EigVec2 =  5.9127893941E-01 -5.0401330181E-01  6.2957112974E-01
           HessRho_EigVec3 =  5.5124770254E-01  8.2239851810E-01  1.4066502007E-01
           DelSqRho = -4.3547358027E+05
           Bond Ellipticity = NA
           V = -1.0887820611E+05
           G =  4.9055194043E+00
           K =  1.0887330059E+05
           L =  1.0886839507E+05
           Vnuc =  3.2546977643E+06
           Ven = -3.8341404320E+08
           Vrep =  3.8330516499E+08
           DelSqV =  2.4978835490E+09
           DelSqVen =  1.4173349678E+12
           DelSqVrep = -1.4148370843E+12
           DelSqG =  1.3417107851E+08
           DelSqK = -2.6320546275E+09
           Stress_EigVals = -3.6293068527E+04 -3.6292954577E+04 -3.6292183001E+04
           Stress_EigVec1 = -7.7545658020E-01  7.0099743003E-02 -6.2749750458E-01
           Stress_EigVec2 =  2.2449317659E-01  9.5949018562E-01 -1.7023923568E-01
           Stress_EigVec3 = -5.9014397047E-01  2.7288204362E-01  7.5977989206E-01
           -DivStress =  1.0724732067E+03 -5.9087298075E+02  8.7075404811E+02
           ESP =  -1.4642473292E+01     ESP at Nucleus =  -1.4642473303E+01
           ESPe = -3.7990451466E+01     ESPe at Nucleus = -3.7990450957E+01
           ESPn =  2.3347978174E+01     ESPn at Nucleus =  2.3347977654E+01

CP# 7      Coords = -1.43248559042616E+00 -5.11070661228161E+00 -4.46371379956858E+00
           Type = (3,-3) NACP H7
           Rho =  4.3105405853E-01     Rho at Nucleus =  4.2731139437E-01
           GradRho =  1.3851766956E-15  1.3529975751E-14  6.2039132512E-15
           HessRho_EigVals = -6.5701748958E+00 -6.5626435200E+00 -5.9552073633E+00
           HessRho_EigVec1 =  9.0639572331E-01 -3.1515455124E-01  2.8129059990E-01
           HessRho_EigVec2 = -4.0048171144E-01 -4.2923893213E-01  8.0954823077E-01
           HessRho_EigVec3 =  1.3439193265E-01  8.4642279505E-01  5.1527396641E-01
           DelSqRho = -1.9088025779E+01
           Bond Ellipticity = NA
           V = -4.7806511664E+00
           G =  4.3223608070E-03
           K =  4.7763288056E+00
           L =  4.7720064448E+00
           Vnuc =  4.6443339147E+01
           Ven = -2.0019589831E+01
           Vrep =  1.5238938665E+01
           DelSqV =  7.1854726628E+02
           DelSqVen =  8.8651165491E+02
           DelSqVrep = -1.6796438864E+02
           DelSqG =  7.0796700974E+01
           DelSqK = -7.8934396725E+02
           Stress_EigVals = -1.6450217219E+00 -1.6447620816E+00 -1.4908673629E+00
           Stress_EigVec1 =  8.4421492795E-01 -3.7148291698E-01  3.8639564933E-01
           Stress_EigVec2 = -5.1845616790E-01 -3.8298522565E-01  7.6454268612E-01
           Stress_EigVec3 =  1.3603072224E-01  8.4576755632E-01  5.1591945426E-01
           -DivStress = -1.0870724132E+00 -6.7678709265E+00 -4.1257831301E+00
           ESP =  -1.1067237717E+00     ESP at Nucleus =  -1.1091655649E+00
           ESPe = -1.8968946758E+01     ESPe at Nucleus = -1.8864722333E+01
           ESPn =  1.7862222986E+01     ESPn at Nucleus =  1.7755556768E+01

CP# 8      Coords = -1.32401100132426E+00 -1.78758699832255E+00 -4.65724761077724E+00
           Type = (3,-3) NACP H8
           Rho =  4.2851863601E-01     Rho at Nucleus =  4.2467734725E-01
           GradRho =  2.8362728832E-16 -6.8486882832E-15  4.6236885848E-15
           HessRho_EigVals = -6.5175897210E+00 -6.5101778878E+00 -5.8955454704E+00
           HessRho_EigVec1 =  9.4004882374E-01  2.6274731156E-01  2.1742138638E-01
           HessRho_EigVec2 = -3.3153317501E-01  5.5457505348E-01  7.6323801263E-01
           HessRho_EigVec3 = -7.9962258920E-02  7.8956339855E-01 -6.0843707712E-01
           DelSqRho = -1.8923313079E+01
           Bond Ellipticity = NA
           V = -4.7395205508E+00
           G =  4.3461404709E-03
           K =  4.7351744103E+00
           L =  4.7308282698E+00
           Vnuc =  4.7885666720E+01
           Ven = -2.0519900587E+01
           Vrep =  1.5780380037E+01
           DelSqV =  7.1165009240E+02
           DelSqVen =  9.0615546335E+02
           DelSqVrep = -1.9450537095E+02
           DelSqG =  6.9999482956E+01
           DelSqK = -7.8164957536E+02
           Stress_EigVals = -1.6318928086E+00 -1.6315853223E+00 -1.4760424198E+00
           Stress_EigVec1 =  9.5289123245E-01  2.4034012827E-01  1.8502681391E-01
           Stress_EigVec2 = -2.9229693013E-01  5.6473121082E-01  7.7177792413E-01
           Stress_EigVec3 = -8.0998788623E-02  7.8950318700E-01 -6.0837810116E-01
           -DivStress = -6.5258389609E-01  6.3805076649E+00 -4.9010146157E+00
           ESP =  -1.1124924000E+00     ESP at Nucleus =  -1.1149896673E+00
           ESPe = -2.0914404633E+01     ESPe at Nucleus = -2.0832546865E+01
           ESPn =  1.9801912233E+01     ESPn at Nucleus =  1.9717557198E+01

CP# 9      Coords =  4.05421346136680E+00 -6.03090990807164E+00  3.10827256515786E+00
           Type = (3,-3) NACP H9
           Rho =  4.2718300991E-01     Rho at Nucleus =  4.2337374735E-01
           GradRho =  5.1117964028E-15 -7.6501305291E-16 -5.4548379702E-15
           HessRho_EigVals = -6.4952492664E+00 -6.4884027340E+00 -5.8778818978E+00
           HessRho_EigVec1 = -3.4613459781E-01  9.3816216048E-01  6.5269322972E-03
           HessRho_EigVec2 =  7.3868639330E-01  2.6823593409E-01  6.1837844077E-01
           HessRho_EigVec3 = -5.7838849621E-01 -2.1886352897E-01  7.8585335982E-01
           DelSqRho = -1.8861533898E+01
           Bond Ellipticity = NA
           V = -4.7241760548E+00
           G =  4.3962901290E-03
           K =  4.7197797647E+00
           L =  4.7153834746E+00
           Vnuc =  4.6336095254E+01
           Ven = -1.9793992638E+01
           Vrep =  1.5069816583E+01
           DelSqV =  7.0942982322E+02
           DelSqVen =  8.7396983134E+02
           DelSqVrep = -1.6454000812E+02
           DelSqG =  6.9753365021E+01
           DelSqK = -7.7918318824E+02
           Stress_EigVals = -1.6263944409E+00 -1.6260750145E+00 -1.4717065994E+00
           Stress_EigVec1 = -3.0742446190E-01  9.5074319425E-01  3.9718746385E-02
           Stress_EigVec2 =  7.5565585002E-01  2.1854851797E-01  6.1743079096E-01
           Stress_EigVec3 = -5.7833764927E-01 -2.1982703173E-01  7.8562181714E-01
           -DivStress = -4.6440923683E+00 -1.7593914800E+00  6.3038385982E+00
           ESP =  -1.0969096082E+00     ESP at Nucleus =  -1.0994108694E+00
           ESPe = -1.9275758102E+01     ESPe at Nucleus = -1.9194330862E+01
           ESPn =  1.8178848494E+01     ESPn at Nucleus =  1.8094919993E+01

CP# 10     Coords =  1.12269542863192E+00  2.23541778678626E+00 -2.28559775603658E+00
           Type = (3,-3) NACP O10
           Rho =  2.9037652364E+02     Rho at Nucleus =  2.9037649310E+02
           GradRho = -6.2200022910E-11 -1.0090950298E-10  8.8002494181E-11
           HessRho_EigVals = -6.4035780756E+05 -6.4035286409E+05 -6.4033421533E+05
           HessRho_EigVec1 = -5.8813191500E-01  2.8387365494E-01  7.5730878682E-01
           HessRho_EigVec2 =  6.4652390055E-01 -3.9755760221E-01  6.5111811443E-01
           HessRho_EigVec3 =  4.8590914436E-01  8.7256157431E-01  5.0285211255E-02
           DelSqRho = -1.9210448870E+06
           Bond Ellipticity = NA
           V = -4.8035317483E+05
           G =  4.5976541286E+01
           K =  4.8030719829E+05
           L =  4.8026122174E+05
           Vnuc =  8.1909840382E+05
           Ven = -2.3784694702E+08
           Vrep =  2.3736659385E+08
           DelSqV =  1.9810003848E+10
           DelSqVen =  1.5735247999E+12
           DelSqVrep = -1.5537147962E+12
           DelSqG =  1.0593973883E+09
           DelSqK = -2.0869401237E+10
           Stress_EigVals = -1.6012122988E+05 -1.6011656296E+05 -1.6011538200E+05
           Stress_EigVec1 =  4.8690837507E-01  8.7194644482E-01  5.1279934213E-02
           Stress_EigVec2 =  6.4664602811E-01 -3.9931936584E-01  6.4991765509E-01
           Stress_EigVec3 = -5.8717045959E-01  2.8329038359E-01  7.5827264882E-01
           -DivStress = -4.0358317119E+04  2.5378752731E+04 -4.1160827592E+04
           ESP =  -2.2307921708E+01     ESP at Nucleus =  -2.2307922845E+01
           ESPe = -4.1808001922E+01     ESPe at Nucleus = -4.1807980447E+01
           ESPn =  1.9500080214E+01     ESPn at Nucleus =  1.9500057602E+01

CP# 11     Coords =  2.02791395391902E+00 -2.01554751702042E+00  2.01434951589969E-01
           Type = (3,-3) NACP P11
           Rho =  2.0483436004E+03     Rho at Nucleus =  2.0483435991E+03
           GradRho =  2.1118591320E-09 -2.4863694020E-09  4.3520742565E-13
           HessRho_EigVals = -1.5957056385E+07 -1.5957033081E+07 -1.5956992700E+07
           HessRho_EigVec1 =  7.6487842930E-01  1.7775423348E-02  6.4392936159E-01
           HessRho_EigVec2 = -3.7270579188E-01  8.2752747972E-01  4.1986743504E-01
           HessRho_EigVec3 =  5.2540592031E-01  5.6114374686E-01 -6.3958292212E-01
           DelSqRho = -4.7871082166E+07
           Bond Ellipticity = NA
           V = -1.1979917957E+07
           G =  6.0737078326E+03
           K =  1.1973844249E+07
           L =  1.1967770541E+07
           Vnuc =  3.7176815259E+07
           Ven = -7.6150891619E+10
           Vrep =  7.6138911702E+10
           DelSqV =  1.7468545842E+12
           DelSqVen =  1.7796943913E+15
           DelSqVrep = -1.7779475702E+15
           DelSqG =  9.3316457805E+10
           DelSqK = -1.8401710420E+12
           Stress_EigVals = -3.9933145808E+06 -3.9933045608E+06 -3.9932988155E+06
           Stress_EigVec1 =  5.2498655755E-01  5.6165866234E-01 -6.3947530165E-01
           Stress_EigVec2 = -3.7203561744E-01  8.2719784381E-01  4.2110951848E-01
           Stress_EigVec3 =  7.6549239954E-01  1.6830752228E-02  6.4322477566E-01
           -DivStress = -1.0367363237E+05  1.8420696079E+05  8.3626658565E+04
           ESP =  -5.3995390893E+01     ESP at Nucleus =  -5.3995390907E+01
           ESPe = -7.5412811853E+01     ESPe at Nucleus = -7.5412811896E+01
           ESPn =  2.1417420960E+01     ESPn at Nucleus =  2.1417420989E+01

CP# 12     Coords =  4.85917914632034E+00 -3.01950801665285E+00  7.20539821997960E-01
           Type = (3,-3) NACP O12
           Rho =  2.8983527884E+02     Rho at Nucleus =  2.8983525824E+02
           GradRho =  5.4447335529E-11  2.8284485865E-11  7.1129768742E-12
           HessRho_EigVals = -6.3905063687E+05 -6.3903598460E+05 -6.3902743296E+05
           HessRho_EigVec1 = -4.8770445087E-01  8.2643537662E-01 -2.8133420849E-01
           HessRho_EigVec2 =  8.6780702677E-01  4.9406208889E-01 -5.3043535044E-02
           HessRho_EigVec3 = -9.5159512861E-02  2.7001337113E-01  9.5814270676E-01
           DelSqRho = -1.9171140544E+06
           Bond Ellipticity = NA
           V = -4.7937282876E+05
           G =  4.7157574889E+01
           K =  4.7932567118E+05
           L =  4.7927851361E+05
           Vnuc =  9.9628760637E+05
           Ven = -2.8875929620E+08
           Vrep =  2.8827992337E+08
           DelSqV =  1.9769486511E+10
           DelSqVen =  1.9099969700E+12
           DelSqVrep = -1.8902274835E+12
           DelSqG =  1.0570281001E+09
           DelSqK = -2.0826514611E+10
           Stress_EigVals = -1.5979349782E+05 -1.5979127731E+05 -1.5978805362E+05
           Stress_EigVec1 = -9.2991523538E-02  2.7123336586E-01  9.5801098000E-01
           Stress_EigVec2 =  8.8216424846E-01  4.6858691397E-01 -4.7037674245E-02
           Stress_EigVec3 = -4.6166959537E-01  8.4074893119E-01 -2.8284698939E-01
           -DivStress =  3.6395126058E+04  3.5897060435E+04 -7.3439160992E+03
           ESP =  -2.2274992711E+01     ESP at Nucleus =  -2.2274993493E+01
           ESPe = -4.2655072429E+01     ESPe at Nucleus = -4.2655062145E+01
           ESPn =  2.0380079718E+01     ESPn at Nucleus =  2.0380068652E+01

CP# 13     Coords =  1.34909519428801E+00 -3.48044318380193E+00 -2.38291826186586E+00
           Type = (3,-3) NACP O13
           Rho =  2.8982150077E+02     Rho at Nucleus =  2.8982148061E+02
           GradRho =  6.9463990116E-11 -3.1814550994E-12  2.5230928458E-12
           HessRho_EigVals = -6.3901512910E+05 -6.3900043980E+05 -6.3899263920E+05
           HessRho_EigVec1 =  7.4470223802E-01  1.8765145826E-01  6.4047287757E-01
           HessRho_EigVec2 = -6.0368987276E-01  5.9857929937E-01  5.2655613176E-01
           HessRho_EigVec3 =  2.8456478034E-01  7.7877451973E-01 -5.5904662883E-01
           DelSqRho = -1.9170082081E+06
           Bond Ellipticity = NA
           V = -4.7934638170E+05
           G =  4.7164836822E+01
           K =  4.7929921686E+05
           L =  4.7925205202E+05
           Vnuc =  1.0072853851E+06
           Ven = -2.9193296202E+08
           Vrep =  2.9145361563E+08
           DelSqV =  1.9768390528E+10
           DelSqVen =  1.9309743473E+12
           DelSqVrep = -1.9112059567E+12
           DelSqG =  1.0569613705E+09
           DelSqK = -2.0825351899E+10
           Stress_EigVals = -1.5978456104E+05 -1.5978251322E+05 -1.5977930744E+05
           Stress_EigVec1 =  2.8106122492E-01  7.8112925080E-01 -5.5753177613E-01
           Stress_EigVec2 = -5.8529973013E-01  5.9991857621E-01  5.4545570657E-01
           Stress_EigVec3 =  7.6054507674E-01  1.7301674908E-01  6.2580858957E-01
           -DivStress =  3.9530877491E+04 -2.5173049608E+04 -2.0271416322E+04
           ESP =  -2.2281988375E+01     ESP at Nucleus =  -2.2281989145E+01
           ESPe = -4.3289549485E+01     ESPe at Nucleus = -4.3289535833E+01
           ESPn =  2.1007561110E+01     ESPn at Nucleus =  2.1007546688E+01

CP# 14     Coords =  1.64448328125506E-01 -2.29532662244992E+00  2.28804456540439E+00
           Type = (3,-3) NACP O14
           Rho =  2.9033761909E+02     Rho at Nucleus =  2.9033759651E+02
           GradRho = -8.7858609277E-12  8.8101970164E-11  4.5916603852E-12
           HessRho_EigVals = -6.4024422224E+05 -6.4023627033E+05 -6.4023545402E+05
           HessRho_EigVec1 = -6.5378425678E-01 -8.8284924394E-02  7.5151308552E-01
