AIMSum (Version 19.02.13, Professional)
Copyright (c) 1997-2019 by Todd A. Keith
AIMSum is a component of the AIMAll package ( http://aim.tkgristmill.com )

TP:  64-bit Linux

Much of the Quantum Theory of Atoms in Molecules (QTAIM) is described in the book:
  "Atoms in Molecules - A Quantum Theory"
  R.F.W. Bader, Oxford University Press, Oxford, 1990

For additional references see:  http://aim.tkgristmill.com/references.html

Wfn File:  /home/mhennefarth/Documents/ML_Diels/summary-pieniazek2006/r_6a-opt/r_6a-opt.wfn
Sum File:  /home/mhennefarth/Documents/ML_Diels/summary-pieniazek2006/r_6a-opt/r_6a-opt.sum

SumViz File:  /home/mhennefarth/Documents/ML_Diels/summary-pieniazek2006/r_6a-opt/r_6a-opt.sumviz

Wfn Title:   Title Card Required                                                           
 
Total memory allocated for AIMSum =        0.831 Megabytes

Atomic units (a.u.) used throughout, except where stated otherwise

Model:  Restricted SCF
 
Restricted, closed-shell, single-determinant wavefunction.
  Number of electrons (from MO Occs)                   =          52.0000000000
  Number of Alpha electrons (from MO Occs)             =          26.0000000000
  Number of Beta electrons (from MO Occs)              =          26.0000000000
  Number of electron pairs (N*(N-1)/2)                 =        1326.0000000000
  Number of electron pairs (from Muller 2EDM)          =        1326.0000000000
 
Nuclear Charges and Cartesian Coordinates:
-------------------------------------------------------------------------------
Atom      Charge                X                  Y                  Z
-------------------------------------------------------------------------------
H1         1.0           3.0773658100E+00   1.3197570000E-02   3.9782250200E+00
C2         6.0           1.7749783500E+00   7.5774800000E-03   2.3561662800E+00
C3         6.0           2.1944361500E+00   2.2339303300E+00   6.3179005000E-01
C4         6.0          -5.2208725100E+00   1.2552885200E+00  -2.6488091000E-01
C5         6.0          -5.2019167100E+00  -1.2616852700E+00  -2.6800229000E-01
C6         6.0           2.1974619600E+00  -2.2282407100E+00   6.4485049000E-01
H7         1.0          -1.4536726000E-01   8.6611300000E-03   3.1558273900E+00
C8         6.0           2.7505814200E+00   1.3853561200E+00  -1.7083673900E+00
H9         1.0           2.0573573900E+00   4.1877283400E+00   1.2326923900E+00
H10        1.0          -6.8832779300E+00   2.3286874800E+00   2.9224965000E-01
H11        1.0          -3.5674743300E+00   2.3404179900E+00  -8.2184954000E-01
H12        1.0          -3.5323824300E+00  -2.3206069500E+00  -8.2736802000E-01
H13        1.0          -6.8481186500E+00  -2.3611167600E+00   2.8652692000E-01
C14        6.0           2.7524534200E+00  -1.3925574400E+00  -1.7002565500E+00
H15        1.0           2.0628960900E+00  -4.1786785300E+00   1.2571327100E+00
H16        1.0           3.1463379200E+00   2.5379128500E+00  -3.3580746600E+00
H17        1.0           3.1499308400E+00  -2.5542173600E+00  -3.3431598900E+00
 
Some Atomic Properties:
----------------------
  q(A) = Net Charge of Atom A
  L(A) = Lagrangian of Atom A = -(1/4) Times Atomic Integral of the Laplacian of the Electron Density
  K(A) = Electronic Kinetic Energy of Atom A (Hamiltonian Form)
  K_Scaled(A) = K(A) * E(Mol)/K(Mol) = Approximation to Virial-Based Total Energy of Atom A.
  |Mu_Intra(A)| = Magnitude of Intraatomic Dipole Moment of Atom A
--------------------------------------------------------------------------------------------------
Atom A          q(A)              L(A)              K(A)          K_Scaled(A)      |Mu_Intra(A)|
--------------------------------------------------------------------------------------------------
H1        4.1916669270E-02  2.4915195514E-05  5.9037051595E-01 -5.9639185243E-01  1.5200699906E-01
C2       -1.3007006500E-02 -2.1953865262E-04  3.7705210336E+01 -3.8089775202E+01  1.5459531198E-01
C3       -7.4922490500E-02  6.6549467909E-05  3.7731142437E+01 -3.8115971792E+01  1.7116206806E-01
C4       -8.6144828600E-02 -1.6562850909E-04  3.7696378861E+01 -3.8080853653E+01  9.5873797983E-02
C5       -8.6468263600E-02 -4.2822452272E-04  3.7696398427E+01 -3.8080873419E+01  9.5807827265E-02
C6       -7.4961800700E-02  7.4070998184E-05  3.7731199958E+01 -3.8116029899E+01  1.7126518394E-01
H7        5.3891739770E-02  2.9738250924E-05  5.8556955028E-01 -5.9154192052E-01  1.4848352780E-01
C8       -5.6861909000E-02  5.9574839110E-05  3.7726534258E+01 -3.8111316613E+01  1.5425242238E-01
H9        4.8036272220E-02  2.1872754359E-05  5.9120319759E-01 -5.9723302681E-01  1.5022399638E-01
H10       3.4763508020E-02  1.5652036468E-05  5.9760563434E-01 -6.0370076361E-01  1.4841024314E-01
H11       4.9269190200E-02  2.5530501358E-05  5.9187430466E-01 -5.9791097866E-01  1.4359237941E-01
H12       4.9690550970E-02  1.8564504289E-05  5.9171288716E-01 -5.9774791483E-01  1.4339507652E-01
H13       3.4729067520E-02  1.3987150817E-05  5.9761668269E-01 -6.0371192464E-01  1.4840498111E-01
C14      -5.7023363700E-02  1.5711381828E-05  3.7726559365E+01 -3.8111341976E+01  1.5443338591E-01
H15       4.8055888870E-02  1.8636426501E-05  5.9119577322E-01 -5.9722552671E-01  1.5020785035E-01
H16       4.4291851850E-02  2.0836449906E-05  5.9325804265E-01 -5.9930882974E-01  1.4992937017E-01
H17       4.4296157330E-02  2.0482686226E-05  5.9325452317E-01 -5.9930527436E-01  1.4992841948E-01
--------------------------------------------------------------------------------------------------
Total    -4.4876658000E-04 -3.8726904104E-04  2.6993708475E+02 -2.7269024057E+02
 
1st Largest |L(A)| = 4.2822452272E-04, atom C5      
2nd Largest |L(A)| = 2.1953865262E-04, atom C2      
 
Molecular charge q(Mol) from the wfn file:   0.0000000000E+00
Molecular energy E(Mol) from the wfn file:  -2.7269035952E+02
Molecular virial ratio (-V(Mol)/T(Mol)) from the wfn file:   2.0101992500E+00
Note.  K_Scaled(A) = (1+V(Mol)/T(Mol))*K(A) = (E(Mol)/T(Mol))*K(A)
       Only use K_Scaled(A) data with caution.
 
N_AIMInt(SumA)     =         52.000449
N_Analytic(Mol)    =         51.999991
 
G_AIMInt(SumA)     =        269.937472
G_Analytic(Mol)    =        269.937181
 
K_AIMInt(SumA)     =        269.937085
K_Analytic(Mol)    =        269.937181
 
L_AIMInt(SumA)     =         -0.000387
L_Analytic(Mol)    =          0.000000
 
VenT_AIMInt(SumA)  =      -1153.294790
VenT_Analytic(Mol) =      -1153.290094
 
Some Information About the Atomic Calculations:
----------------------------------------------
  Time(sec) = "Elapsed User Time", in Seconds, for Atom A by AIMInt and, if used, by TWOe
  NProc = Number of Processors Used for AIMInt Job
  BIM = Basin Integration Method
  OAQ = Angular Quadrature Outside of Beta Sphere
  ORQ = Multiple of Default for Radial Quadrature Outside of Beta Sphere
  IAQ = Multiple of Default for Angular Quadrature Inside of Beta Sphere
  IRQ = Multiple of Default for Radial Quadrature Inside of Beta Sphere
  MIR = Maximum Integration Radius
------------------------------------------------------------------------------------------------------
Atom A     Time(sec)   NProc      BIM          OAQ                     ORQ      IAQ      IRQ      MIR
------------------------------------------------------------------------------------------------------
H1              4        8     Proaim(5)    1800(GS4)                  1.00     1.00     1.00    13.00
C2             22        8     Proaim(5)    4500(GS4)                  1.00     1.00     1.00    13.00
C3             24        8     Proaim(5)    4500(GS4)                  1.00     1.00     1.00    13.00
C4             21        8     Proaim(5)    4500(GS4)                  1.00     1.00     1.00    13.00
C5             24        8     Proaim(5)    4500(GS4)                  1.00     1.00     1.00    13.00
C6             24        8     Proaim(5)    4500(GS4)                  1.00     1.00     1.00    13.00
H7             11        8     Proaim(5)    4500(GS4)                  1.00     1.00     1.00    13.00
C8             19        8     Proaim(5)    4500(GS4)                  1.00     1.00     1.00    13.00
H9              4        8     Proaim(5)    1800(GS4)                  1.00     1.00     1.00    13.00
H10             4        8     Proaim(5)    1800(GS4)                  1.00     1.00     1.00    13.00
H11            11        8     Proaim(5)    4500(GS4)                  1.00     1.00     1.00    13.00
H12            10        8     Proaim(5)    4500(GS4)                  1.00     1.00     1.00    13.00
H13             5        8     Proaim(5)    1800(GS4)                  1.00     1.00     1.00    13.00
C14            19        8     Proaim(5)    4500(GS4)                  1.00     1.00     1.00    13.00
H15             5        8     Proaim(5)    1800(GS4)                  1.00     1.00     1.00    13.00
H16             4        8     Proaim(5)    1800(GS4)                  1.00     1.00     1.00    13.00
H17             6        8     Proaim(5)    1800(GS4)                  1.00     1.00     1.00    13.00
------------------------------------------------------------------------------------------------------
Total         217
Note:  Total wall clock time is less than total of atomic times if more than one atom
       was calculated at a time
 
Electron Density Critical Point Analysis of Molecular Structure:               
---------------------------------------------------------------                
  NACP = Nuclear Attractor Critical Point                                      
  NNACP = Non-Nuclear Attractor Critical Point                                 
  BCP = Bond Critical Point                                                    
  RCP = Ring Critical Point                                                    
  CCP = Cage Critical Point                                                    
  Rho = Electron Density                                                       
  GradRho = Gradient of Electron Density                                       
  HessRho_EigVals = Eigenvalues of the Hessian of Rho, Ascending Order         
  HessRho_EigVecs = Eigenvectors of the Hessian of Rho                         
  DelSqRho = Laplacian of Rho = Trace of Hessian of Rho                        
  Bond Ellipticity = (HessRho_EigVal(1) / HessRho_EigVal(2)) - 1               
  V = Virial Field = Potential Energy Density = Trace of Stress Tensor         
  G = Lagrangian Form of Kinetic Energy Density                                
  K = Hamiltonian Form of Kinetic Energy Density                               
  L = K - G = Lagrangian Density = (-1/4)DelSqRho                              
  Vnuc = Electrostatic Potential from Nuclei                                   
  Ven = Electron-nuclear attractive contribution to Virial Field V             
  Vrep = V - Ven = Repulsive contribution to Virial Field V                    
  DelSqV = Laplacian of V                                                      
  DelSqVen = Laplacian of Ven                                                  
  DelSqVrep = Laplacian of Vrep                                                
  DelSqG = Laplacian of G                                                      
  DelSqK = Laplacian of K                                                      
  Stress_EigVals = Eigenvalues of Stress Tensor, Ascending Order               
  Stress_EigVecs = Eigenvectors of Stress Tensor                               
  -DivStress = Ehrenfest Force Density = Minus Divergence of Stress Tensor     
  ESP = Total Electrostatic Potential                                          
  ESPe = Electrostatic Potential from Electrons                                
  ESPn = Electrostatic Potential from Nuclei                                   
  BP = Bond Path                                                               
  BPL = Bond Path Length                                                       
  GBL = Geometric Bond Length                                                  
  GBL_I = Distance Between Nuclear Attractors                                  
  GBL_II = Distance Between Nuclei                                             
  GBL_III = Sum of Distances Between BCP and Nuclear Attractors                
  GBL_IV = Sum of Distances Between BCP and Nuclei                             

CP# 1      Coords =  3.05645418582275E+00  1.31074095983832E-02  3.95226155681525E+00
           Type = (3,-3) NACP H1
           Rho =  4.1646350510E-01     Rho at Nucleus =  4.1316071370E-01
           GradRho =  9.8294555441E-17 -4.1708961114E-18  2.8372018277E-16
           HessRho_EigVals = -6.3546110492E+00 -6.3533260228E+00 -5.8031425515E+00
           HessRho_EigVec1 = -6.1406807683E-04  9.9999538841E-01 -2.9742368349E-03
           HessRho_EigVec2 =  7.7945491546E-01 -1.3845988834E-03 -6.2645679632E-01
           HessRho_EigVec3 =  6.2645802548E-01  2.7029706408E-03  7.7945047069E-01
           DelSqRho = -1.8511079624E+01
           Bond Ellipticity = NA
           V = -4.6375783668E+00
           G =  4.9042304671E-03
           K =  4.6326741364E+00
           L =  4.6277699059E+00
           Vnuc =  4.0577956816E+01
           Ven = -1.6899238125E+01
           Vrep =  1.2261659758E+01
           DelSqV =  6.9862842109E+02
           DelSqVen =  7.5114178958E+02
           DelSqVrep = -5.2513368492E+01
           DelSqG =  6.8907998972E+01
           DelSqK = -7.6753642006E+02
           Stress_EigVals = -1.5923780115E+00 -1.5923127770E+00 -1.4528875784E+00
           Stress_EigVec1 =  7.6990557941E-05  9.9999376318E-01 -3.5309604991E-03
           Stress_EigVec2 =  7.7939422608E-01 -2.2722718246E-03 -6.2652970970E-01
           Stress_EigVec3 =  6.2653382545E-01  2.7037733536E-03  7.7938954008E-01
           -DivStress =  4.6417907101E+00  2.0015360583E-02  5.7636106401E+00
           ESP =  -1.1011592385E+00     ESP at Nucleus =  -1.1033700052E+00
           ESPe = -1.1683090529E+01     ESPe at Nucleus = -1.1600796293E+01
           ESPn =  1.0581931291E+01     ESPn at Nucleus =  1.0497426287E+01

CP# 2      Coords =  1.77497850877364E+00  7.57747972576876E-03  2.35616625323222E+00
           Type = (3,-3) NACP C2
           Rho =  1.1753985081E+02     Rho at Nucleus =  1.1753985080E+02
           GradRho = -5.0901830273E-13 -3.5537558311E-14  1.2364770256E-11
           HessRho_EigVals = -1.4483593659E+05 -1.4483576340E+05 -1.4483558243E+05
           HessRho_EigVec1 = -7.9360996522E-04  9.9999596774E-01 -2.7266612176E-03
           HessRho_EigVec2 =  9.2814963359E-01  1.7514677738E-03  3.7220315693E-01
           HessRho_EigVec3 = -3.7220643177E-01  2.2353654756E-03  9.2814728103E-01
           DelSqRho = -4.3450728243E+05
           Bond Ellipticity = NA
           V = -1.0863727785E+05
           G =  5.2286207855E+00
           K =  1.0863204923E+05
           L =  1.0862682061E+05
           Vnuc =  3.7263744422E+07
           Ven = -4.3799749598E+09
           Vrep =  4.3798663226E+09
           DelSqV =  2.4923774648E+09
           DelSqVen =  1.6191288508E+13
           DelSqVrep = -1.6188796131E+13
           DelSqG =  1.3387669533E+08
           DelSqK = -2.6262541601E+09
           Stress_EigVals = -3.6212492278E+04 -3.6212443981E+04 -3.6212341589E+04
           Stress_EigVec1 = -3.5375856172E-01  2.3882764277E-03  9.3533372448E-01
           Stress_EigVec2 =  9.3533650842E-01  1.6562604708E-03  3.5375538556E-01
           Stress_EigVec3 = -7.0429062638E-04  9.9999577646E-01 -2.8197584570E-03
           -DivStress = -1.2951350686E+02  2.2824194136E-01  2.3739067171E+01
           ESP =  -1.4735982280E+01     ESP at Nucleus =  -1.4735982280E+01
           ESPe = -2.5517606322E+01     ESPe at Nucleus = -2.5517606277E+01
           ESPn =  1.0781624042E+01     ESPn at Nucleus =  1.0781623997E+01

CP# 3      Coords =  2.19443566902512E+00  2.23393015180114E+00  6.31791482913019E-01
           Type = (3,-3) NACP C3
           Rho =  1.1767465256E+02     Rho at Nucleus =  1.1767465239E+02
           GradRho = -2.7993298998E-10 -6.8870436372E-11  7.4750850822E-10
           HessRho_EigVals = -1.4499992208E+05 -1.4499932836E+05 -1.4499895011E+05
           HessRho_EigVec1 =  9.7338558571E-01  5.1513486920E-03  2.2911561523E-01
           HessRho_EigVec2 =  1.0540468407E-01  8.7766555509E-01 -4.6753933094E-01
           HessRho_EigVec3 = -2.0349534174E-01  4.7924590453E-01  8.5376402412E-01
           DelSqRho = -4.3499820054E+05
           Bond Ellipticity = NA
           V = -1.0875979262E+05
           G =  5.1212425884E+00
           K =  1.0875467138E+05
           L =  1.0874955014E+05
           Vnuc =  3.9423219530E+06
           Ven = -4.6391136610E+08
           Vrep =  4.6380260631E+08
           DelSqV =  2.4951745910E+09
           DelSqVen =  1.7149029253E+12
           DelSqVrep = -1.7124077507E+12
           DelSqG =  1.3402562515E+08
           DelSqK = -2.6292002162E+09
           Stress_EigVals = -3.6253531131E+04 -3.6253323369E+04 -3.6252938121E+04
           Stress_EigVec1 = -1.7368514575E-01  6.5778073497E-01  7.3291061860E-01
           Stress_EigVec2 =  1.5193377324E-01  7.5320944370E-01 -6.3999348627E-01
           Stress_EigVec3 =  9.7301058509E-01 -1.9651379360E-04  2.3076040104E-01
           -DivStress =  3.9085562727E+02  1.5047952031E+02 -1.1638858354E+03
           ESP =  -1.4748073587E+01     ESP at Nucleus =  -1.4748073604E+01
           ESPe = -2.5501363234E+01     ESPe at Nucleus = -2.5501363680E+01
           ESPn =  1.0753289648E+01     ESPn at Nucleus =  1.0753290076E+01

CP# 4      Coords = -5.22087272016166E+00  1.25528946951554E+00 -2.64880811557706E-01
           Type = (3,-3) NACP C4
           Rho =  1.1768182411E+02     Rho at Nucleus =  1.1768182404E+02
           GradRho = -3.0011548802E-11  2.0683917903E-10  2.2201979838E-11
           HessRho_EigVals = -1.4501034736E+05 -1.4500927346E+05 -1.4500907892E+05
           HessRho_EigVec1 =  3.2113519040E-01  1.0763801400E-03  9.4703275070E-01
           HessRho_EigVec2 =  9.3843677481E-01 -1.3479512421E-01 -3.1806712211E-01
           HessRho_EigVec3 =  1.2731303612E-01  9.9087290603E-01 -4.4297572584E-02
           DelSqRho = -4.3502869973E+05
           Bond Ellipticity = NA
           V = -1.0876735978E+05
           G =  5.0924212502E+00
           K =  1.0876226735E+05
           L =  1.0875717493E+05
           Vnuc =  6.1383331610E+06
           Ven = -7.2237024337E+08
           Vrep =  7.2226147601E+08
           DelSqV =  2.4953498328E+09
           DelSqVen =  2.6703508275E+12
           DelSqVrep = -2.6678557398E+12
           DelSqG =  1.3403663994E+08
           DelSqK = -2.6293864728E+09
           Stress_EigVals = -3.6256049706E+04 -3.6255935090E+04 -3.6255374980E+04
           Stress_EigVec1 =  5.8343808956E-02  9.9807862685E-01 -2.0857962243E-02
           Stress_EigVec2 =  9.4570624783E-01 -6.1950160015E-02 -3.1906405389E-01
           Stress_EigVec3 =  3.1974316688E-01  1.1100930057E-03  9.4750360154E-01
           -DivStress =  1.7101874393E+02 -7.7089248393E+02 -7.9243389444E+01
           ESP =  -1.4750284177E+01     ESP at Nucleus =  -1.4750284192E+01
           ESPe = -2.3082306722E+01     ESPe at Nucleus = -2.3082307684E+01
           ESPn =  8.3320225443E+00     ESPn at Nucleus =  8.3320234927E+00

CP# 5      Coords = -5.20191691140657E+00 -1.26168621774638E+00 -2.68002191813803E-01
           Type = (3,-3) NACP C5
           Rho =  1.1768200357E+02     Rho at Nucleus =  1.1768200350E+02
           GradRho = -7.3808752513E-11 -2.1304193392E-10  1.8055017550E-11
           HessRho_EigVals = -1.4501060908E+05 -1.4500953288E+05 -1.4500933886E+05
           HessRho_EigVec1 =  3.2104727398E-01  1.4496465178E-03  9.4706206048E-01
           HessRho_EigVec2 =  9.3555825849E-01  1.5491192699E-01 -3.1738468747E-01
           HessRho_EigVec3 = -1.4717130437E-01  9.8792722070E-01  4.8377823095E-02
           DelSqRho = -4.3502948083E+05
           Bond Ellipticity = NA
           V = -1.0876755516E+05
           G =  5.0924745073E+00
           K =  1.0876246268E+05
           L =  1.0875737021E+05
           Vnuc =  6.1609768865E+06
           Ven = -7.2503610395E+08
           Vrep =  7.2492733639E+08
           DelSqV =  2.4953543266E+09
           DelSqVen =  2.6802061312E+12
           DelSqVrep = -2.6777110390E+12
           DelSqG =  1.3403691891E+08
           DelSqK = -2.6293912456E+09
           Stress_EigVals = -3.6256114879E+04 -3.6256000511E+04 -3.6255439765E+04
           Stress_EigVec1 = -7.5871947178E-02  9.9682550895E-01  2.4131977585E-02
           Stress_EigVec2 =  9.4448374438E-01  7.9605045741E-02 -3.1876871442E-01
           Stress_EigVec3 =  3.1967781317E-01  1.3933425135E-03  9.4752527901E-01
           -DivStress =  1.6392428529E+02  7.6945386529E+02 -7.9040917511E+01
           ESP =  -1.4750325784E+01     ESP at Nucleus =  -1.4750325798E+01
           ESPe = -2.3091135140E+01     ESPe at Nucleus = -2.3091136095E+01
           ESPn =  8.3408093564E+00     ESPn at Nucleus =  8.3408102974E+00

CP# 6      Coords =  2.19746147558980E+00 -2.22824052384946E+00  6.44851919805103E-01
           Type = (3,-3) NACP C6
           Rho =  1.1767483180E+02     Rho at Nucleus =  1.1767483163E+02
           GradRho = -2.7205833246E-10  6.4647154193E-11  7.4653850593E-10
           HessRho_EigVals = -1.4500020206E+05 -1.4499960867E+05 -1.4499923068E+05
           HessRho_EigVec1 =  9.7335293395E-01 -2.5410562307E-03  2.2929807893E-01
           HessRho_EigVec2 = -1.0663671183E-01  8.8022553677E-01  4.6241930767E-01
           HessRho_EigVec3 = -2.0300905807E-01 -4.7454878301E-01  8.5649913887E-01
           DelSqRho = -4.3499904141E+05
           Bond Ellipticity = NA
           V = -1.0876000309E+05
           G =  5.1213674906E+00
           K =  1.0875488172E+05
           L =  1.0874976035E+05
           Vnuc =  3.9446075442E+06
           Ven = -4.6418102929E+08
           Vrep =  4.6407226929E+08
           DelSqV =  2.4951794735E+09
           DelSqVen =  1.7159007109E+12
           DelSqVrep = -1.7134055314E+12
           DelSqG =  1.3402594130E+08
           DelSqK = -2.6292054148E+09
           Stress_EigVals = -3.6253601221E+04 -3.6253393520E+04 -3.6253008347E+04
           Stress_EigVec1 = -1.7287208414E-01 -6.5378616388E-01  7.3666742459E-01
           Stress_EigVec2 = -1.5301094808E-01  7.5667404932E-01  6.3563514130E-01
           Stress_EigVec3 =  9.7298658382E-01  2.8346094255E-03  2.3084426070E-01
           -DivStress =  3.9368227514E+02 -1.5693085620E+02 -1.1613278466E+03
           ESP =  -1.4748067027E+01     ESP at Nucleus =  -1.4748067045E+01
           ESPe = -2.5501809696E+01     ESPe at Nucleus = -2.5501810141E+01
           ESPn =  1.0753742669E+01     ESPn at Nucleus =  1.0753743096E+01

CP# 7      Coords = -1.14132333613048E-01  8.64383498123624E-03  3.14300989383724E+00
           Type = (3,-3) NACP H7
           Rho =  4.1474050091E-01     Rho at Nucleus =  4.1137136799E-01
           GradRho =  6.1588088237E-11 -3.4189344280E-14 -2.5308888310E-11
           HessRho_EigVals = -6.3244817821E+00 -6.3235596726E+00 -5.7680688931E+00
           HessRho_EigVec1 = -6.8855860807E-04  9.9999518496E-01 -3.0258775225E-03
           HessRho_EigVec2 =  3.8202144540E-01  3.0594187406E-03  9.2414839458E-01
           HessRho_EigVec3 =  9.2415320220E-01 -5.1961977254E-04 -3.8202171254E-01
           DelSqRho = -1.8416110348E+01
           Bond Ellipticity = NA
           V = -4.6138541344E+00
           G =  4.9132737518E-03
           K =  4.6089408607E+00
           L =  4.6040275869E+00
           Vnuc =  4.1047364792E+01
           Ven = -1.7024004635E+01
           Vrep =  1.2410150500E+01
           DelSqV =  6.9466614314E+02
           DelSqVen =  7.5593279961E+02
           DelSqVrep = -6.1266656470E+01
           DelSqG =  6.8491872464E+01
           DelSqK = -7.6315801561E+02
           Stress_EigVals = -1.5848784481E+00 -1.5848077838E+00 -1.4441679025E+00
           Stress_EigVec1 = -1.1671462148E-03  9.9999055449E-01 -4.1867289794E-03
           Stress_EigVec2 =  3.8169168017E-01  4.3152390839E-03  9.2427963301E-01
           Stress_EigVec3 =  9.2428896946E-01 -5.1927014349E-04 -3.8169311142E-01
           -DivStress = -6.8986301212E+00  3.8210857905E-03  2.8305534054E+00
           ESP =  -1.1019817866E+00     ESP at Nucleus =  -1.1042309404E+00
           ESPe = -1.2530722253E+01     ESPe at Nucleus = -1.2459964920E+01
           ESPn =  1.1428740467E+01     ESPn at Nucleus =  1.1355733980E+01

CP# 8      Coords =  2.75058162938788E+00  1.38535529750097E+00 -1.70836851481104E+00
           Type = (3,-3) NACP C8
           Rho =  1.1767698800E+02     Rho at Nucleus =  1.1767698786E+02
           GradRho =  9.8026046048E-11 -3.7680027568E-10 -5.0545014853E-10
           HessRho_EigVals = -1.4499974173E+05 -1.4499890200E+05 -1.4499859607E+05
           HessRho_EigVec1 =  9.7353163103E-01 -6.1620343105E-04  2.2855149023E-01
           HessRho_EigVec2 =  2.6743776858E-02  9.9343381103E-01 -1.1123863317E-01
           HessRho_EigVec3 = -2.2698223232E-01  1.1440665804E-01  9.6715571797E-01
           DelSqRho = -4.3499723981E+05
           Bond Ellipticity = NA
           V = -1.0875955450E+05
           G =  5.1222751765E+00
           K =  1.0875443223E+05
           L =  1.0874930995E+05
           Vnuc =  4.2580637708E+06
           Ven = -5.0107611928E+08
           Vrep =  5.0096735972E+08
           DelSqV =  2.4951657373E+09
           DelSqVen =  1.8522459996E+12
           DelSqVrep = -1.8497508339E+12
           DelSqG =  1.3402215555E+08
           DelSqK = -2.6291878929E+09
           Stress_EigVals = -3.6253451950E+04 -3.6253280940E+04 -3.6252821613E+04
           Stress_EigVec1 = -2.2997512988E-01 -6.2608764193E-02  9.7118050963E-01
           Stress_EigVec2 = -1.3881584041E-02  9.9803799026E-01  6.1053023106E-02
           Stress_EigVec3 =  9.7309749833E-01 -5.5915305503E-04  2.3039302526E-01
           -DivStress = -1.6921531982E+02  6.7197256826E+02  9.0804767470E+02
           ESP =  -1.4747051427E+01     ESP at Nucleus =  -1.4747051444E+01
           ESPe = -2.5399909916E+01     ESPe at Nucleus = -2.5399910795E+01
           ESPn =  1.0652858489E+01     ESPn at Nucleus =  1.0652859351E+01

CP# 9      Coords =  2.05967192244465E+00  4.15422502920169E+00  1.22254329739663E+00
           Type = (3,-3) NACP H9
           Rho =  4.2506128376E-01     Rho at Nucleus =  4.2134766867E-01
           GradRho =  2.5539997203E-10 -3.7015277274E-09 -1.1199339653E-09
           HessRho_EigVals = -6.4794099489E+00 -6.4732350440E+00 -5.8762561647E+00
           HessRho_EigVec1 = -2.2366073899E-01 -2.9626826424E-01  9.2854778522E-01
           HessRho_EigVec2 =  9.7243983572E-01 -3.4627516435E-03  2.3312823778E-01
           HessRho_EigVec3 = -6.5853167984E-02  9.5509848966E-01  2.8887754380E-01
           DelSqRho = -1.8828901158E+01
           Bond Ellipticity = NA
           V = -4.7165677421E+00
           G =  4.6712263309E-03
           K =  4.7118965157E+00
           L =  4.7072252894E+00
           Vnuc =  3.8945487019E+01
           Ven = -1.6554218709E+01
           Vrep =  1.1837650967E+01
           DelSqV =  7.0903162098E+02
           DelSqVen =  7.3330073188E+02
           DelSqVrep = -2.4269110902E+01
           DelSqG =  6.9849417720E+01
           DelSqK = -7.7888103870E+02
           Stress_EigVals = -1.6231422701E+00 -1.6227528120E+00 -1.4706726600E+00
           Stress_EigVec1 = -2.1132053832E-01 -2.9784088345E-01  9.3093202664E-01
           Stress_EigVec2 =  9.7517667717E-01  2.0030640641E-04  2.2142811066E-01
           Stress_EigVec3 = -6.6136815747E-02  9.5461550795E-01  2.9040515419E-01
           -DivStress = -5.2290750635E-01  7.5660639340E+00  2.2930552724E+00
           ESP =  -1.1049453113E+00     ESP at Nucleus =  -1.1074792622E+00
           ESPe = -1.1546784832E+01     ESPe at Nucleus = -1.1460970499E+01
           ESPn =  1.0441839521E+01     ESPn at Nucleus =  1.0353491237E+01

CP# 10     Coords = -6.85514898363295E+00  2.31056150063991E+00  2.82830751363251E-01
           Type = (3,-3) NACP H10
           Rho =  4.2602524100E-01     Rho at Nucleus =  4.2237183539E-01
           GradRho =  2.2812697911E-15 -3.3860175948E-15 -1.5258248224E-15
           HessRho_EigVals = -6.4875571386E+00 -6.4812400409E+00 -5.8908070219E+00
           HessRho_EigVec1 =  4.9295338068E-01  8.5361501597E-01 -1.6834003973E-01
           HessRho_EigVec2 =  3.1908030962E-01  2.6337188673E-03  9.4772402077E-01
           HessRho_EigVec3 =  8.0943481546E-01 -5.2089775199E-01 -2.7107344297E-01
           DelSqRho = -1.8859604201E+01
           Bond Ellipticity = NA
           V = -4.7239677494E+00
           G =  4.5333495243E-03
           K =  4.7194343999E+00
           L =  4.7149010504E+00
           Vnuc =  3.7610609174E+01
           Ven = -1.6023068837E+01
           Vrep =  1.1299101088E+01
           DelSqV =  7.1029246658E+02
           DelSqVen =  7.0932120279E+02
           DelSqVrep =  9.7126378493E-01
           DelSqG =  6.9907412187E+01
           DelSqK = -7.8019987876E+02
           Stress_EigVals = -1.6251993287E+00 -1.6244497080E+00 -1.4743187127E+00
           Stress_EigVec1 =  4.9434843929E-01  8.5259817180E-01 -1.6939887255E-01
           Stress_EigVec2 =  3.1939955497E-01  3.0849945002E-03  9.4761511548E-01
           Stress_EigVec3 =  8.0845750962E-01 -5.2255797789E-01 -2.7079441442E-01
           -DivStress = -6.3603703784E+00  4.1005096360E+00  2.1299145188E+00
           ESP =  -1.1148225818E+00     ESP at Nucleus =  -1.1172528769E+00
           ESPe = -9.9596698494E+00     ESPe at Nucleus = -9.8851211848E+00
           ESPn =  8.8448472676E+00     ESPn at Nucleus =  8.7678683079E+00

CP# 11     Coords = -3.59599641621656E+00  2.32192261437888E+00 -8.12256307108015E-01
           Type = (3,-3) NACP H11
           Rho =  4.2434730270E-01     Rho at Nucleus =  4.2059697356E-01
           GradRho = -8.0230960764E-15 -3.9559555718E-15  2.4859671613E-15
           HessRho_EigVals = -6.4571917193E+00 -6.4505999717E+00 -5.8524437301E+00
           HessRho_EigVec1 = -4.9816559976E-01  8.5135173328E-01  1.6441186534E-01
           HessRho_EigVec2 =  3.1737216562E-01  2.5753436775E-03  9.4829756727E-01
           HessRho_EigVec3 =  8.0691136050E-01  5.2458897610E-01 -2.7147829093E-01
           DelSqRho = -1.8760235421E+01
           Bond Ellipticity = NA
           V = -4.6991573287E+00
           G =  4.5492366890E-03
           K =  4.6946080920E+00
           L =  4.6900588553E+00
           Vnuc =  3.8731021834E+01
           Ven = -1.6435404646E+01
           Vrep =  1.1736247318E+01
           DelSqV =  7.0602415446E+02
           DelSqVen =  7.2660308771E+02
           DelSqVrep = -2.0578933242E+01
           DelSqG =  6.9455052347E+01
           DelSqK = -7.7547920681E+02
           Stress_EigVals = -1.6175434391E+00 -1.6168325042E+00 -1.4647813853E+00
           Stress_EigVec1 = -4.9960736251E-01  8.5045009354E-01  1.6470313213E-01
           Stress_EigVec2 =  3.1737999647E-01  2.7965642048E-03  9.4829431986E-01
           Stress_EigVec3 =  8.0601639014E-01  5.2604830352E-01 -2.7131303175E-01
           -DivStress =  6.4160609715E+00  4.1618909673E+00 -2.1581861685E+00
           ESP =  -1.1169402292E+00     ESP at Nucleus =  -1.1194248738E+00
           ESPe = -1.1536707964E+01     ESPe at Nucleus = -1.1486762121E+01
           ESPn =  1.0419767735E+01     ESPn at Nucleus =  1.0367337247E+01

CP# 12     Coords = -3.56119061538195E+00 -2.30255616188876E+00 -8.17731114929804E-01
           Type = (3,-3) NACP H12
           Rho =  4.2427880509E-01     Rho at Nucleus =  4.2052628042E-01
           GradRho = -8.5751176125E-15  6.7928247662E-15  3.0708298588E-15
           HessRho_EigVals = -6.4559893951E+00 -6.4494015525E+00 -5.8510786116E+00
           HessRho_EigVec1 =  4.8537502944E-01  8.5910170143E-01 -1.6234330104E-01
           HessRho_EigVec2 =  3.1729045541E-01 -5.8317210841E-05  9.4832840488E-01
           HessRho_EigVec3 =  8.1470107874E-01 -5.1180490735E-01 -2.7261307581E-01
           DelSqRho = -1.8756469559E+01
           Bond Ellipticity = NA
           V = -4.6982197328E+00
           G =  4.5511715138E-03
           K =  4.6936685613E+00
           L =  4.6891173898E+00
           Vnuc =  3.8745302040E+01
           Ven = -1.6438810452E+01
           Vrep =  1.1740590720E+01
           DelSqV =  7.0586963391E+02
           DelSqVen =  7.2672507828E+02
           DelSqVrep = -2.0855444373E+01
           DelSqG =  6.9438530248E+01
           DelSqK = -7.7530816416E+02
           Stress_EigVals = -1.6172421449E+00 -1.6165314779E+00 -1.4644461100E+00
           Stress_EigVec1 =  4.8685624861E-01  8.5822047336E-01 -1.6256879250E-01
           Stress_EigVec2 =  3.1727184064E-01 -3.4510001616E-04  9.4833457178E-01
           Stress_EigVec3 =  8.1382404261E-01 -5.1328111207E-01 -2.7245720336E-01
           -DivStress =  6.4791579545E+00 -4.0610819276E+00 -2.1675952407E+00
           ESP =  -1.1169950232E+00     ESP at Nucleus =  -1.1194809430E+00
           ESPe = -1.1562314237E+01     ESPe at Nucleus = -1.1512753457E+01
           ESPn =  1.0445319214E+01     ESPn at Nucleus =  1.0393272514E+01

CP# 13     Coords = -6.82026517080757E+00 -2.34255040382380E+00  2.77152553843334E-01
           Type = (3,-3) NACP H13
           Rho =  4.2602772596E-01     Rho at Nucleus =  4.2237457221E-01
           GradRho =  2.7194229941E-15  3.0459169258E-15 -1.4521126272E-15
           HessRho_EigVals = -6.4876227620E+00 -6.4813130295E+00 -5.8909004579E+00
           HessRho_EigVec1 = -5.0564951690E-01  8.4574636784E-01  1.7038675811E-01
           HessRho_EigVec2 =  3.1910408764E-01 -1.4667899571E-04  9.4771966305E-01
           HessRho_EigVec3 =  8.0155545492E-01  5.3358510077E-01 -2.6980695493E-01
           DelSqRho = -1.8859836249E+01
           Bond Ellipticity = NA
           V = -4.7240251930E+00
           G =  4.5330653165E-03
           K =  4.7194921277E+00
           L =  4.7149590623E+00
           Vnuc =  3.7621198609E+01
           Ven = -1.6027673691E+01
           Vrep =  1.1303648498E+01
           DelSqV =  7.1030273583E+02
           DelSqVen =  7.0952964526E+02
           DelSqVrep =  7.7309056457E-01
           DelSqG =  6.9908706085E+01
           DelSqK = -7.8021144191E+02
           Stress_EigVals = -1.6252169511E+00 -1.6244662043E+00 -1.4743420376E+00
           Stress_EigVec1 = -5.0707521284E-01  8.4470534648E-01  1.7131143031E-01
           Stress_EigVec2 =  3.1935915269E-01 -4.7515156509E-04  9.4763363481E-01
           Stress_EigVec3 =  8.0055259672E-01  5.3523140030E-01 -2.6952344614E-01
           -DivStress = -6.2981308971E+00 -4.2001387243E+00  2.1198672060E+00
           ESP =  -1.1148439994E+00     ESP at Nucleus =  -1.1172740556E+00
           ESPe = -9.9690931389E+00     ESPe at Nucleus = -9.8945368940E+00
           ESPn =  8.8542491394E+00     ESPn at Nucleus =  8.7772628384E+00

CP# 14     Coords =  2.75245362586722E+00 -1.39255662537441E+00 -1.70025767947586E+00
           Type = (3,-3) NACP C14
           Rho =  1.1767712058E+02     Rho at Nucleus =  1.1767712044E+02
           GradRho =  6.8579108538E-11  3.6139653147E-10 -5.1285247674E-10
           HessRho_EigVals = -1.4499993910E+05 -1.4499909905E+05 -1.4499879350E+05
           HessRho_EigVec1 =  9.7351511928E-01  3.3563153523E-03  2.2859800452E-01
           HessRho_EigVec2 = -2.8218365549E-02  9.9401062759E-01  1.0557744117E-01
           HessRho_EigVec3 = -2.2687449475E-01 -1.0923189729E-01  9.6777908442E-01
           DelSqRho = -4.3499783165E+05
           Bond Ellipticity = NA
           V = -1.0875970254E+05
           G =  5.1223110734E+00
           K =  1.0875458022E+05
           L =  1.0874945791E+05
           Vnuc =  4.2621828662E+06
           Ven = -5.0156140709E+08
           Vrep =  5.0145264738E+08
           DelSqV =  2.4951691607E+09
           DelSqVen =  1.8540403753E+12
           DelSqVrep = -1.8515452389E+12
           DelSqG =  1.3402237025E+08
           DelSqK = -2.6291915309E+09
           Stress_EigVals = -3.6253501242E+04 -3.6253330358E+04 -3.6252870935E+04
           Stress_EigVec1 = -2.3010138322E-01  6.7981395605E-02  9.7078930942E-01
           Stress_EigVec2 =  1.2467188267E-02  9.9768115462E-01 -6.6909513078E-02
           Stress_EigVec3 =  9.7308680119E-01  3.2929584214E-03  2.3041535054E-01
           -DivStress = -1.6634354651E+02 -6.6560964252E+02  9.1187006415E+02
           ESP =  -1.4747035276E+01     ESP at Nucleus =  -1.4747035293E+01
           ESPe = -2.5400248228E+01     ESPe at Nucleus = -2.5400249107E+01
           ESPn =  1.0653212953E+01     ESPn at Nucleus =  1.0653213814E+01

CP# 15     Coords =  2.06516792624845E+00 -4.14523143824876E+00  1.24678800291860E+00
           Type = (3,-3) NACP H15
           Rho =  4.2505974709E-01     Rho at Nucleus =  4.2134600691E-01
           GradRho =  2.3726468850E-10  3.4975058779E-09 -1.0804358106E-09
           HessRho_EigVals = -6.4793768778E+00 -6.4732040152E+00 -5.8762129089E+00
           HessRho_EigVec1 = -2.2406731974E-01  3.0139454450E-01  9.2679834094E-01
           HessRho_EigVec2 =  9.7242804964E-01  6.0730943802E-03  2.3312401378E-01
           HessRho_EigVec3 =  6.4633772148E-02  9.5348017603E-01 -2.9444529106E-01
           DelSqRho = -1.8828793802E+01
           Bond Ellipticity = NA
           V = -4.7165399817E+00
           G =  4.6707656015E-03
           K =  4.7118692161E+00
           L =  4.7071984505E+00
           Vnuc =  3.8945295059E+01
           Ven = -1.6554077268E+01
           Vrep =  1.1837537286E+01
           DelSqV =  7.0902681486E+02
           DelSqVen =  7.3329293616E+02
           DelSqVrep = -2.4266121300E+01
           DelSqG =  6.9848871818E+01
           DelSqK = -7.7887568667E+02
           Stress_EigVals = -1.6231340640E+00 -1.6227440853E+00 -1.4706618323E+00
           Stress_EigVec1 = -2.1176029676E-01  3.0299696515E-01  9.2916651674E-01
           Stress_EigVec2 =  9.7516311013E-01  2.3540624266E-03  2.2147543213E-01
           Stress_EigVec3 =  6.4919067806E-02  9.5298861352E-01 -2.9596995985E-01
           -DivStress = -5.1326104868E-01 -7.5533173905E+00  2.3372181800E+00
           ESP =  -1.1049304912E+00     ESP at Nucleus =  -1.1074645027E+00
           ESPe = -1.1547147440E+01     ESPe at Nucleus = -1.1461327502E+01
           ESPn =  1.0442216949E+01     ESPn at Nucleus =  1.0353862999E+01

CP# 16     Coords =  3.13961579890350E+00  2.51821710865231E+00 -3.33005180895210E+00
           Type = (3,-3) NACP H16
           Rho =  4.2659429946E-01     Rho at Nucleus =  4.2289852262E-01
           GradRho = -7.2494500637E-16 -2.8208116997E-15  4.6039747400E-15
           HessRho_EigVals = -6.5128703936E+00 -6.5072398064E+00 -5.9093649393E+00
           HessRho_EigVec1 = -1.3210559714E-01  8.2501323300E-01  5.4945543639E-01
           HessRho_EigVec2 = -9.7237156558E-01 -2.3239736414E-04 -2.3343839540E-01
           HessRho_EigVec3 = -1.9246207330E-01 -5.6511336151E-01  8.0225010999E-01
           DelSqRho = -1.8929475139E+01
           Bond Ellipticity = NA
           V = -4.7413036003E+00
           G =  4.4674077567E-03
           K =  4.7368361926E+00
           L =  4.7323687848E+00
           Vnuc =  3.8908831490E+01
           Ven = -1.6598285713E+01
           Vrep =  1.1856982112E+01
           DelSqV =  7.1305093648E+02
           DelSqVen =  7.3652375840E+02
           DelSqVrep = -2.3472821917E+01
           DelSqG =  7.0339527102E+01
           DelSqK = -7.8339046358E+02
           Stress_EigVals = -1.6314088667E+00 -1.6308824659E+00 -1.4790122678E+00
           Stress_EigVec1 =  1.3677467738E-01 -8.2566909357E-01 -5.4732370272E-01
           Stress_EigVec2 =  9.7169574121E-01  4.3943164890E-03  2.3619499678E-01
           Stress_EigVec3 = -1.9261379532E-01 -5.6413760548E-01  8.0290017308E-01
