AIMSum (Version 19.02.13, Professional)
Copyright (c) 1997-2019 by Todd A. Keith
AIMSum is a component of the AIMAll package ( http://aim.tkgristmill.com )

TP:  64-bit Linux

Much of the Quantum Theory of Atoms in Molecules (QTAIM) is described in the book:
  "Atoms in Molecules - A Quantum Theory"
  R.F.W. Bader, Oxford University Press, Oxford, 1990

For additional references see:  http://aim.tkgristmill.com/references.html

Wfn File:  /home/mhennefarth/Documents/ML_Diels/summary-pieniazek2006/r_3b-opt/r_3b-opt.wfn
Sum File:  /home/mhennefarth/Documents/ML_Diels/summary-pieniazek2006/r_3b-opt/r_3b-opt.sum

SumViz File:  /home/mhennefarth/Documents/ML_Diels/summary-pieniazek2006/r_3b-opt/r_3b-opt.sumviz

Wfn Title:   Title Card Required                                                           
 
Total memory allocated for AIMSum =        0.863 Megabytes

Atomic units (a.u.) used throughout, except where stated otherwise

Model:  Restricted SCF
 
Restricted, closed-shell, single-determinant wavefunction.
  Number of electrons (from MO Occs)                   =          60.0000000000
  Number of Alpha electrons (from MO Occs)             =          30.0000000000
  Number of Beta electrons (from MO Occs)              =          30.0000000000
  Number of electron pairs (N*(N-1)/2)                 =        1770.0000000000
  Number of electron pairs (from Muller 2EDM)          =        1770.0000000000
 
Nuclear Charges and Cartesian Coordinates:
-------------------------------------------------------------------------------
Atom      Charge                X                  Y                  Z
-------------------------------------------------------------------------------
H1         1.0          -4.7865012700E+00   2.3168498600E+00   2.4363676100E+00
O2         8.0          -1.0330075200E+00  -7.8100006000E-01  -1.3906421300E+00
C3         6.0          -2.7223310100E+00  -2.6146112600E+00  -7.0898974000E-01
C4         6.0          -4.4683022600E+00  -1.6607250900E+00   9.1362627000E-01
C5         6.0          -3.8169024200E+00   9.4988333000E-01   1.2667679200E+00
C6         6.0          -1.7226437100E+00   1.3988586200E+00  -1.6600131000E-01
C7         6.0          -1.3132799000E-01   3.6714658900E+00  -6.3782464000E-01
C8         6.0           5.8453924400E+00  -9.0710523000E-01  -8.0094238000E-01
H9         1.0          -2.4118848600E+00  -4.4530424300E+00  -1.5357717000E+00
C10        6.0           6.3813228700E+00  -6.2105410000E-01   1.6419836600E+00
H11        1.0          -6.0274071300E+00  -2.6754450100E+00   1.7589726400E+00
H12        1.0           7.2809186900E+00  -6.7695440000E-01  -2.2544857900E+00
H13        1.0           4.9481792100E+00  -8.5782122000E-01   3.0960716200E+00
H14        1.0           8.2719273500E+00  -1.4718621000E-01   2.2945996000E+00
H15        1.0           3.9512824800E+00  -1.3751799400E+00  -1.4431676300E+00
H16        1.0          -8.3409360000E-01   5.2612547900E+00   4.8005149000E-01
H17        1.0          -1.6668622000E-01   4.2236056800E+00  -2.6365024400E+00
H18        1.0           1.8470779200E+00   3.3316463400E+00  -1.2271700000E-01
 
Some Atomic Properties:
----------------------
  q(A) = Net Charge of Atom A
  L(A) = Lagrangian of Atom A = -(1/4) Times Atomic Integral of the Laplacian of the Electron Density
  K(A) = Electronic Kinetic Energy of Atom A (Hamiltonian Form)
  K_Scaled(A) = K(A) * E(Mol)/K(Mol) = Approximation to Virial-Based Total Energy of Atom A.
  |Mu_Intra(A)| = Magnitude of Intraatomic Dipole Moment of Atom A
--------------------------------------------------------------------------------------------------
Atom A          q(A)              L(A)              K(A)          K_Scaled(A)      |Mu_Intra(A)|
--------------------------------------------------------------------------------------------------
H1        5.6663817720E-02  2.1404815614E-05  5.8696712973E-01 -5.9268105517E-01  1.4789893019E-01
O2       -1.1101292615E+00  8.6258634868E-05  7.5274320164E+01 -7.6007090077E+01  1.7981497417E-01
C3        4.1659041210E-01 -4.0380460410E-04  3.7433100292E+01 -3.7797498796E+01  7.9001571470E-01
C4       -3.0803918600E-02 -1.1002292995E-04  3.7718766804E+01 -3.8085946174E+01  2.3064080974E-01
C5       -3.8739926200E-02 -1.5942701357E-05  3.7722372261E+01 -3.8089586729E+01  2.3528101726E-01
C6        4.4083569460E-01 -4.3687022879E-04  3.7442061308E+01 -3.7806547045E+01  7.4611946306E-01
C7        1.1907348000E-03 -1.0625202629E-05  3.7680390903E+01 -3.8047196697E+01  1.6283735802E-01
C8       -8.6858833400E-02  1.8918757996E-05  3.7698338400E+01 -3.8065318907E+01  1.0610353058E-01
H9        8.6490857290E-02  2.7696740225E-05  5.7986523376E-01 -5.8551002466E-01  1.4375436574E-01
C10      -8.7072339700E-02  1.0838111902E-05  3.7694967391E+01 -3.8061915082E+01  8.5024276551E-02
H11       6.1677478550E-02  1.7274225435E-05  5.8494329377E-01 -5.9063751785E-01  1.4639016102E-01
H12       3.5774383750E-02  2.1682332643E-05  5.9727096894E-01 -6.0308519875E-01  1.4793199699E-01
H13       4.1150634260E-02  1.9646745644E-05  5.9504703073E-01 -6.0083961125E-01  1.4683292844E-01
H14       3.6677875240E-02  2.7986076443E-05  5.9695603212E-01 -6.0276719613E-01  1.4793066173E-01
H15       6.5541813540E-02  1.4950773635E-05  5.8732674681E-01 -5.9304417300E-01  1.3026661510E-01
H16       3.0807567700E-02  2.1971950623E-05  5.9804196468E-01 -6.0386369987E-01  1.5002509549E-01
H17       3.3176395480E-02  2.3928817123E-05  5.9684556211E-01 -6.0265565073E-01  1.5125631919E-01
H18       4.6696880270E-02  3.0591362343E-05  5.9137613894E-01 -5.9713298458E-01  1.4581716722E-01
--------------------------------------------------------------------------------------------------
Total    -3.2973410000E-04 -6.3411632233E-04  3.4457895762E+02 -3.4793331662E+02
 
1st Largest |L(A)| = 4.3687022879E-04, atom C6      
2nd Largest |L(A)| = 4.0380460410E-04, atom C3      
 
Molecular charge q(Mol) from the wfn file:   0.0000000000E+00
Molecular energy E(Mol) from the wfn file:  -3.4793342033E+02
Molecular virial ratio (-V(Mol)/T(Mol)) from the wfn file:   2.0097346600E+00
Note.  K_Scaled(A) = (1+V(Mol)/T(Mol))*K(A) = (E(Mol)/T(Mol))*K(A)
       Only use K_Scaled(A) data with caution.
 
N_AIMInt(SumA)     =         60.000330
N_Analytic(Mol)    =         59.999989
 
G_AIMInt(SumA)     =        344.579592
G_Analytic(Mol)    =        344.579033
 
K_AIMInt(SumA)     =        344.578958
K_Analytic(Mol)    =        344.579033
 
L_AIMInt(SumA)     =         -0.000634
L_Analytic(Mol)    =          0.000000
 
VenT_AIMInt(SumA)  =      -1479.946201
VenT_Analytic(Mol) =      -1479.939805
 
Some Information About the Atomic Calculations:
----------------------------------------------
  Time(sec) = "Elapsed User Time", in Seconds, for Atom A by AIMInt and, if used, by TWOe
  NProc = Number of Processors Used for AIMInt Job
  BIM = Basin Integration Method
  OAQ = Angular Quadrature Outside of Beta Sphere
  ORQ = Multiple of Default for Radial Quadrature Outside of Beta Sphere
  IAQ = Multiple of Default for Angular Quadrature Inside of Beta Sphere
  IRQ = Multiple of Default for Radial Quadrature Inside of Beta Sphere
  MIR = Maximum Integration Radius
------------------------------------------------------------------------------------------------------
Atom A     Time(sec)   NProc      BIM          OAQ                     ORQ      IAQ      IRQ      MIR
------------------------------------------------------------------------------------------------------
H1              6        8     Proaim(5)    1800(GS4)                  1.00     1.00     1.00    13.00
O2             20        8     Proaim(5)    4500(GS4)                  1.00     1.00     1.00    13.00
C3             19        8     Proaim(5)    4500(GS4)                  1.00     1.00     1.00    13.00
C4             17        8     Proaim(5)    4500(GS4)                  1.00     1.00     1.00    13.00
C5             18        8     Proaim(5)    4500(GS4)                  1.00     1.00     1.00    13.00
C6             22        8     Proaim(5)    4500(GS4)                  1.00     1.00     1.00    13.00
C7             22        8     Proaim(5)    4500(GS4)                  1.00     1.00     1.00    13.00
C8             25        8     Proaim(5)    4500(GS4)                  1.00     1.00     1.00    13.00
H9              4        8     Proaim(5)    1800(GS4)                  1.00     1.00     1.00    13.00
C10            21        8     Proaim(5)    4500(GS4)                  1.00     1.00     1.00    13.00
H11             4        8     Proaim(5)    1800(GS4)                  1.00     1.00     1.00    13.00
H12             4        8     Proaim(5)    1800(GS4)                  1.00     1.00     1.00    13.00
H13             5        8     Proaim(5)    1800(GS4)                  1.00     1.00     1.00    13.00
H14             4        8     Proaim(5)    1800(GS4)                  1.00     1.00     1.00    13.00
H15            14        8     Proaim(5)    4500(GS4)                  1.00     1.00     1.00    13.00
H16             5        8     Proaim(5)    1800(GS4)                  1.00     1.00     1.00    13.00
H17             5        8     Proaim(5)    1800(GS4)                  1.00     1.00     1.00    13.00
H18            14        8     Proaim(5)    4500(GS4)                  1.00     1.00     1.00    13.00
------------------------------------------------------------------------------------------------------
Total         229
Note:  Total wall clock time is less than total of atomic times if more than one atom
       was calculated at a time
 
Electron Density Critical Point Analysis of Molecular Structure:               
---------------------------------------------------------------                
  NACP = Nuclear Attractor Critical Point                                      
  NNACP = Non-Nuclear Attractor Critical Point                                 
  BCP = Bond Critical Point                                                    
  RCP = Ring Critical Point                                                    
  CCP = Cage Critical Point                                                    
  Rho = Electron Density                                                       
  GradRho = Gradient of Electron Density                                       
  HessRho_EigVals = Eigenvalues of the Hessian of Rho, Ascending Order         
  HessRho_EigVecs = Eigenvectors of the Hessian of Rho                         
  DelSqRho = Laplacian of Rho = Trace of Hessian of Rho                        
  Bond Ellipticity = (HessRho_EigVal(1) / HessRho_EigVal(2)) - 1               
  V = Virial Field = Potential Energy Density = Trace of Stress Tensor         
  G = Lagrangian Form of Kinetic Energy Density                                
  K = Hamiltonian Form of Kinetic Energy Density                               
  L = K - G = Lagrangian Density = (-1/4)DelSqRho                              
  Vnuc = Electrostatic Potential from Nuclei                                   
  Ven = Electron-nuclear attractive contribution to Virial Field V             
  Vrep = V - Ven = Repulsive contribution to Virial Field V                    
  DelSqV = Laplacian of V                                                      
  DelSqVen = Laplacian of Ven                                                  
  DelSqVrep = Laplacian of Vrep                                                
  DelSqG = Laplacian of G                                                      
  DelSqK = Laplacian of K                                                      
  Stress_EigVals = Eigenvalues of Stress Tensor, Ascending Order               
  Stress_EigVecs = Eigenvectors of Stress Tensor                               
  -DivStress = Ehrenfest Force Density = Minus Divergence of Stress Tensor     
  ESP = Total Electrostatic Potential                                          
  ESPe = Electrostatic Potential from Electrons                                
  ESPn = Electrostatic Potential from Nuclei                                   
  BP = Bond Path                                                               
  BPL = Bond Path Length                                                       
  GBL = Geometric Bond Length                                                  
  GBL_I = Distance Between Nuclear Attractors                                  
  GBL_II = Distance Between Nuclei                                             
  GBL_III = Sum of Distances Between BCP and Nuclear Attractors                
  GBL_IV = Sum of Distances Between BCP and Nuclei                             

CP# 1      Coords = -4.76970332747348E+00  2.29325707354175E+00  2.41613260318690E+00
           Type = (3,-3) NACP H1
           Rho =  4.2404571254E-01     Rho at Nucleus =  4.2028904543E-01
           GradRho = -4.1286418728E-16 -8.0491169285E-16 -1.2490009027E-15
           HessRho_EigVals = -6.4645335256E+00 -6.4585730074E+00 -5.8592324776E+00
           HessRho_EigVec1 =  6.6031893759E-01  7.0042835171E-01 -2.7088563043E-01
           HessRho_EigVec2 =  5.8203713152E-01 -2.4937628311E-01  7.7397948742E-01
           HessRho_EigVec3 = -4.7456472497E-01  6.6873880816E-01  5.7234319100E-01
           DelSqRho = -1.8782339011E+01
           Bond Ellipticity = NA
           V = -4.7048395784E+00
           G =  4.6274128660E-03
           K =  4.7002121655E+00
           L =  4.6955847526E+00
           Vnuc =  3.9663901018E+01
           Ven = -1.6819307169E+01
           Vrep =  1.2114467591E+01
           DelSqV =  7.0709582434E+02
           DelSqVen =  7.4498083540E+02
           DelSqVrep = -3.7885011056E+01
           DelSqG =  6.9671408532E+01
           DelSqK = -7.7676723288E+02
           Stress_EigVals = -1.6193508692E+00 -1.6192480173E+00 -1.4662406919E+00
           Stress_EigVec1 =  5.7334538315E-01 -2.5855710613E-01  7.7744665058E-01
           Stress_EigVec2 =  6.6760071347E-01  6.9750945972E-01 -2.6036482284E-01
           Stress_EigVec3 = -4.7495721808E-01  6.6830290772E-01  5.7252673695E-01
           -DivStress = -3.7855070826E+00  5.3157486200E+00  4.5597723806E+00
           ESP =  -1.0984733132E+00     ESP at Nucleus =  -1.1010634021E+00
           ESPe = -1.2458237326E+01     ESPe at Nucleus = -1.2366807920E+01
           ESPn =  1.1359764013E+01     ESPn at Nucleus =  1.1265744518E+01

CP# 2      Coords = -1.03301479199076E+00 -7.80999263975293E-01 -1.39063631545179E+00
           Type = (3,-3) NACP O2
           Rho =  2.8995832421E+02     Rho at Nucleus =  2.8995829630E+02
           GradRho =  1.7674750552E-11  1.9004353646E-11 -5.2159165875E-11
           HessRho_EigVals = -6.3932787277E+05 -6.3931210659E+05 -6.3931114088E+05
           HessRho_EigVec1 =  2.3996370918E-01  9.6213867638E-01  1.2925395814E-01
           HessRho_EigVec2 =  8.4174255466E-01 -1.3988550344E-01 -5.2144176818E-01
           HessRho_EigVec3 =  4.8361853764E-01 -2.3392565774E-01  8.4344051166E-01
           DelSqRho = -1.9179511202E+06
           Bond Ellipticity = NA
           V = -4.7958141747E+05
           G =  4.6818704676E+01
           K =  4.7953459877E+05
           L =  4.7948778006E+05
           Vnuc =  8.5610713266E+05
           Ven = -2.4823538953E+08
           Vrep =  2.4775580812E+08
           DelSqV =  1.9778071844E+10
           DelSqVen =  1.6419716354E+12
           DelSqVrep = -1.6221935635E+12
           DelSqG =  1.0575015945E+09
           DelSqK = -2.0835573438E+10
           Stress_EigVals = -1.5986188879E+05 -1.5986150805E+05 -1.5985802064E+05
           Stress_EigVec1 =  5.2772288088E-01 -2.4092708855E-01  8.1453219641E-01
           Stress_EigVec2 =  8.1436695590E-01 -1.2911349511E-01 -5.6580576749E-01
           Stress_EigVec3 =  2.4148503501E-01  9.6191675491E-01  1.2806691410E-01
           -DivStress =  4.6822042991E+04 -5.1079353608E+03 -3.7428574481E+04
           ESP =  -2.2255875357E+01     ESP at Nucleus =  -2.2255876405E+01
           ESPe = -3.4324166089E+01     ESPe at Nucleus = -3.4324152499E+01
           ESPn =  1.2068290731E+01     ESPn at Nucleus =  1.2068276094E+01

CP# 3      Coords = -2.72232609326094E+00 -2.61460738176752E+00 -7.08992194544655E-01
           Type = (3,-3) NACP C3
           Rho =  1.1761777182E+02     Rho at Nucleus =  1.1761776854E+02
           GradRho = -2.8561653043E-11  5.9415805609E-12 -5.2819137952E-12
           HessRho_EigVals = -1.4491500368E+05 -1.4491346505E+05 -1.4491305239E+05
           HessRho_EigVec1 =  6.4285437576E-01  7.2375045775E-01 -2.5084562279E-01
           HessRho_EigVec2 =  5.8047591675E-01 -2.4662902838E-01  7.7602953065E-01
           HessRho_EigVec3 = -4.9978591581E-01  6.4448382235E-01  5.7866626054E-01
           DelSqRho = -4.3474152112E+05
           Bond Ellipticity = NA
           V = -1.0869560935E+05
           G =  5.1145378129E+00
           K =  1.0869049482E+05
           L =  1.0868538028E+05
           Vnuc =  8.9206573622E+05
           Ven = -1.0492278421E+08
           Vrep =  1.0481408860E+08
           DelSqV =  2.4936908186E+09
           DelSqVen =  3.8781801446E+11
           DelSqVrep = -3.8532432365E+11
           DelSqG =  1.3393132944E+08
           DelSqK = -2.6276221481E+09
           Stress_EigVals = -3.6232267163E+04 -3.6231767394E+04 -3.6231574797E+04
           Stress_EigVec1 = -4.7798214937E-01  6.6545715254E-01  5.7332350642E-01
           Stress_EigVec2 = -5.8257315736E-01  2.4831792871E-01 -7.7391648296E-01
           Stress_EigVec3 =  6.5737476465E-01  7.0392114929E-01 -2.6898593715E-01
           -DivStress = -3.9861149649E+03 -3.1476520863E+03  1.9888975282E+03
           ESP =  -1.4699175878E+01     ESP at Nucleus =  -1.4699176084E+01
           ESPe = -2.6910122535E+01     ESPe at Nucleus = -2.6910114834E+01
           ESPn =  1.2210946657E+01     ESPn at Nucleus =  1.2210938749E+01

CP# 4      Coords = -4.46830244118356E+00 -1.66072470398900E+00  9.13626526676164E-01
           Type = (3,-3) NACP C4
           Rho =  1.1762822045E+02     Rho at Nucleus =  1.1762822043E+02
           GradRho = -1.2429390850E-11  1.3485809691E-11  2.0197621353E-11
           HessRho_EigVals = -1.4493982841E+05 -1.4493939504E+05 -1.4493925178E+05
           HessRho_EigVec1 =  5.8122576554E-01 -2.4826356652E-01  7.7494632783E-01
           HessRho_EigVec2 = -7.2994255129E-02 -9.6439123454E-01 -2.5420736703E-01
           HessRho_EigVec3 =  8.1046187337E-01  9.1185241543E-02 -5.7865084769E-01
           DelSqRho = -4.3481847522E+05
           Bond Ellipticity = NA
           V = -1.0871501868E+05
           G =  5.1999387641E+00
           K =  1.0870981874E+05
           L =  1.0870461881E+05
           Vnuc =  1.2055239393E+07
           Ven = -1.4180363568E+09
           Vrep =  1.4179276418E+09
           DelSqV =  2.4941476112E+09
           DelSqVen =  5.2418405990E+12
           DelSqVrep = -5.2393464514E+12
           DelSqG =  1.3396778071E+08
           DelSqK = -2.6281153919E+09
           Stress_EigVals = -3.6238558518E+04 -3.6238412746E+04 -3.6238047419E+04
           Stress_EigVec1 =  8.1052163934E-01  2.5508786773E-01 -5.2724268786E-01
           Stress_EigVec2 =  6.5849342591E-02 -9.3415838944E-01 -3.5073061958E-01
           Stress_EigVec3 =  5.8199530604E-01 -2.4955617237E-01  7.7395295761E-01
           -DivStress =  1.4377779149E+02 -3.1763304601E+02 -2.0722615774E+02
           ESP =  -1.4747010171E+01     ESP at Nucleus =  -1.4747010173E+01
           ESPe = -2.6281722584E+01     ESPe at Nucleus = -2.6281722733E+01
           ESPn =  1.1534712412E+01     ESPn at Nucleus =  1.1534712560E+01

CP# 5      Coords = -3.81690288970135E+00  9.49882832588912E-01  1.26676811032473E+00
           Type = (3,-3) NACP C5
           Rho =  1.1762342400E+02     Rho at Nucleus =  1.1762342396E+02
           GradRho = -5.4179272180E-11 -4.7689407978E-11  1.4697298933E-11
           HessRho_EigVals = -1.4493523235E+05 -1.4493496185E+05 -1.4493483721E+05
           HessRho_EigVec1 =  5.8878494432E-01 -2.4570825076E-01  7.7003879438E-01
           HessRho_EigVec2 =  3.8854110685E-01  9.2142627195E-01 -3.0714251048E-03
           HessRho_EigVec3 =  7.0877930107E-01 -3.0100013435E-01 -6.3798967193E-01
           DelSqRho = -4.3480503141E+05
           Bond Ellipticity = NA
           V = -1.0871167947E+05
           G =  5.2108078464E+00
           K =  1.0870646866E+05
           L =  1.0870125785E+05
           Vnuc =  8.4493699942E+06
           Ven = -9.9384382932E+08
           Vrep =  9.9373511764E+08
           DelSqV =  2.4940726600E+09
           DelSqVen =  3.6738296709E+12
           DelSqVrep = -3.6713355983E+12
           DelSqG =  1.3396510542E+08
           DelSqK = -2.6280377654E+09
           Stress_EigVals = -3.6237425198E+04 -3.6237290252E+04 -3.6236964018E+04
           Stress_EigVec1 =  6.3310325692E-01 -4.5644621322E-01 -6.2516967338E-01
           Stress_EigVec2 = -5.0821689223E-01 -8.5429491167E-01  1.0906784289E-01
           Stress_EigVec3 =  5.8386287477E-01 -2.4867058196E-01  7.7283056690E-01
           -DivStress =  3.8202497308E+02  4.1020249304E+02 -1.5289114924E+02
           ESP =  -1.4750060350E+01     ESP at Nucleus =  -1.4750060353E+01
           ESPe = -2.6778058448E+01     ESPe at Nucleus = -2.6778058782E+01
           ESPn =  1.2027998098E+01     ESPn at Nucleus =  1.2027998429E+01

CP# 6      Coords = -1.72264055693384E+00  1.39885442828725E+00 -1.66005057359959E-01
           Type = (3,-3) NACP C6
           Rho =  1.1762511033E+02     Rho at Nucleus =  1.1762510732E+02
           GradRho =  6.2731486672E-12 -3.4078295741E-12 -1.2060907828E-12
           HessRho_EigVals = -1.4492128832E+05 -1.4491986650E+05 -1.4491929886E+05
           HessRho_EigVec1 = -2.5426914763E-01  8.4762263794E-01  4.6570705837E-01
           HessRho_EigVec2 =  5.7869694943E-01 -2.5247229659E-01  7.7547893600E-01
           HessRho_EigVec3 =  7.7489163196E-01  4.6668362207E-01 -4.2632071919E-01
           DelSqRho = -4.3476045368E+05
           Bond Ellipticity = NA
           V = -1.0870026172E+05
           G =  5.0741487470E+00
           K =  1.0869518757E+05
           L =  1.0869011342E+05
           Vnuc =  9.3077783917E+05
           Ven = -1.0948284602E+08
           Vrep =  1.0937414576E+08
           DelSqV =  2.4937943784E+09
           DelSqVen =  4.0466539522E+11
           DelSqVrep = -4.0217160082E+11
           DelSqG =  1.3393418092E+08
           DelSqK = -2.6277285594E+09
           Stress_EigVals = -3.6233805648E+04 -3.6233320839E+04 -3.6233135230E+04
           Stress_EigVec1 =  7.7176226089E-01  4.6913863304E-01 -4.2929238947E-01
           Stress_EigVec2 =  5.8277353807E-01 -2.5163378455E-01  7.7269362738E-01
           Stress_EigVec3 = -2.5447596346E-01  8.4651602552E-01  4.6760303951E-01
           -DivStress = -2.5573441185E+03  3.3960424957E+03  3.0383346895E+03
           ESP =  -1.4692091260E+01     ESP at Nucleus =  -1.4692091467E+01
           ESPe = -2.8340508377E+01     ESPe at Nucleus = -2.8340503710E+01
           ESPn =  1.3648417117E+01     ESPn at Nucleus =  1.3648412244E+01

CP# 7      Coords = -1.31329060266869E-01  3.67146487736545E+00 -6.37824409719488E-01
           Type = (3,-3) NACP C7
           Rho =  1.1750348931E+02     Rho at Nucleus =  1.1750348915E+02
           GradRho = -5.4289317486E-10 -4.9532483670E-10  1.1136692089E-10
           HessRho_EigVals = -1.4479154731E+05 -1.4479109977E+05 -1.4479102830E+05
           HessRho_EigVec1 =  5.2429910904E-01  8.3257721109E-01 -1.7867745196E-01
           HessRho_EigVec2 =  2.6158716007E-01  4.2207482039E-02  9.6425654581E-01
           HessRho_EigVec3 =  8.1035955103E-01 -5.5229857508E-01 -1.9566216296E-01
           DelSqRho = -4.3437367538E+05
           Bond Ellipticity = NA
           V = -1.0860399530E+05
           G =  5.2882259342E+00
           K =  1.0859870707E+05
           L =  1.0859341885E+05
           Vnuc =  4.0233882668E+06
           Ven = -4.7276216019E+08
           Vrep =  4.7265355619E+08
           DelSqV =  2.4916165493E+09
           DelSqVen =  1.7476539843E+12
           DelSqVrep = -1.7451623677E+12
           DelSqG =  1.3383631094E+08
           DelSqK = -2.6254528602E+09
           Stress_EigVals = -3.6201390799E+04 -3.6201368301E+04 -3.6201236197E+04
           Stress_EigVec1 =  8.0063795869E-01 -5.5010783946E-01 -2.3740308354E-01
           Stress_EigVec2 =  2.9155467849E-01  1.1556658464E-02  9.5648435068E-01
           Stress_EigVec3 =  5.2342595328E-01  8.3501365774E-01 -1.6963921371E-01
           -DivStress =  8.6651908927E+02  8.1813113739E+02 -1.8583912100E+02
           ESP =  -1.4734541109E+01     ESP at Nucleus =  -1.4734541117E+01
           ESPe = -2.5433422047E+01     ESPe at Nucleus = -2.5433420159E+01
           ESPn =  1.0698880938E+01     ESPn at Nucleus =  1.0698879042E+01

CP# 8      Coords =  5.84539257129929E+00 -9.07105196437896E-01 -8.00943235160255E-01
           Type = (3,-3) NACP C8
           Rho =  1.1768725323E+02     Rho at Nucleus =  1.1768725318E+02
           GradRho =  8.2548301528E-11  2.7368662892E-12 -1.5278622811E-10
           HessRho_EigVals = -1.4501843712E+05 -1.4501730782E+05 -1.4501712196E+05
           HessRho_EigVec1 = -2.1808717195E-01  9.7399709619E-01 -6.1381121286E-02
           HessRho_EigVec2 =  8.6616258123E-01  1.6419543031E-01 -4.7201932539E-01
           HessRho_EigVec3 =  4.4966695265E-01  1.5610739023E-01  8.7944875599E-01
           DelSqRho = -4.3505286690E+05
           Bond Ellipticity = NA
           V = -1.0877340767E+05
           G =  5.0954706077E+00
           K =  1.0876831220E+05
           L =  1.0876321672E+05
           Vnuc =  6.9297602397E+06
           Ven = -8.1554444818E+08
           Vrep =  8.1543567477E+08
           DelSqV =  2.4954894248E+09
           DelSqVen =  3.0148122378E+12
           DelSqVrep = -3.0123167484E+12
           DelSqG =  1.3404542193E+08
           DelSqK = -2.6295348467E+09
           Stress_EigVals = -3.6258067374E+04 -3.6257958182E+04 -3.6257382109E+04
           Stress_EigVec1 =  3.3415035711E-01  1.3554652155E-01  9.3272218765E-01
           Stress_EigVec2 =  9.1676126766E-01  1.8303397889E-01 -3.5503146438E-01
           Stress_EigVec3 = -2.1884313324E-01  9.7371746573E-01 -6.3102931514E-02
           -DivStress = -1.0755866111E+02 -2.6975855134E+01  6.9424310440E+02
           ESP =  -1.4749785953E+01     ESP at Nucleus =  -1.4749785965E+01
           ESPe = -2.3854847956E+01     ESPe at Nucleus = -2.3854848707E+01
           ESPn =  9.1050620026E+00     ESPn at Nucleus =  9.1050627419E+00

CP# 9      Coords = -2.41733308756481E+00 -4.41986729205985E+00 -1.52096667371990E+00
           Type = (3,-3) NACP H9
           Rho =  4.2607140858E-01     Rho at Nucleus =  4.2200899927E-01
           GradRho = -5.6741357576E-10  3.4622080437E-09  1.5442152357E-09
           HessRho_EigVals = -6.4937910473E+00 -6.4823003101E+00 -5.8474868356E+00
           HessRho_EigVec1 =  7.9933195880E-01  3.4787236077E-01 -4.8995228366E-01
           HessRho_EigVec2 =  5.8267559960E-01 -2.4949498764E-01  7.7346066272E-01
           HessRho_EigVec3 = -1.4682494775E-01  9.0373506724E-01  4.0212605357E-01
           DelSqRho = -1.8823578193E+01
           Bond Ellipticity = NA
           V = -4.7142582551E+00
           G =  4.1818534064E-03
           K =  4.7100764017E+00
           L =  4.7058945483E+00
           Vnuc =  3.8694461528E+01
           Ven = -1.6486603727E+01
           Vrep =  1.1772345472E+01
           DelSqV =  7.0724115415E+02
           DelSqVen =  7.2836822786E+02
           DelSqVrep = -2.1127073711E+01
           DelSqG =  6.9647484877E+01
           DelSqK = -7.7688863903E+02
           Stress_EigVals = -1.6256789158E+00 -1.6254445482E+00 -1.4631347910E+00
           Stress_EigVec1 =  7.9752321540E-01  3.4783340043E-01 -4.9291849877E-01
           Stress_EigVec2 =  5.8533985981E-01 -2.4832595334E-01  7.7182347037E-01
           Stress_EigVec3 = -1.4606152611E-01  9.0407198078E-01  4.0164646663E-01
           -DivStress =  1.2290706398E+00 -7.4901565292E+00 -3.3418405256E+00
           ESP =  -1.0832644753E+00     ESP at Nucleus =  -1.0860181034E+00
           ESPe = -1.2555746154E+01     ESPe at Nucleus = -1.2459526059E+01
           ESPn =  1.1472481679E+01     ESPn at Nucleus =  1.1373507955E+01

CP# 10     Coords =  6.38132313039851E+00 -6.21053939249788E-01  1.64198465850253E+00
           Type = (3,-3) NACP C10
           Rho =  1.1767825554E+02     Rho at Nucleus =  1.1767825546E+02
           GradRho =  5.9509008832E-11  4.2662789967E-11  2.4423885137E-10
           HessRho_EigVals = -1.4500525175E+05 -1.4500422673E+05 -1.4500401015E+05
           HessRho_EigVec1 = -2.2529484477E-01  9.7211822743E-01 -6.5026031815E-02
           HessRho_EigVec2 =  9.5681805733E-01  2.0817792581E-01 -2.0288212431E-01
           HessRho_EigVec3 =  1.8368842664E-01  1.0792637814E-01  9.7704168735E-01
           DelSqRho = -4.3501348862E+05
           Bond Ellipticity = NA
           V = -1.0876355509E+05
           G =  5.0914668230E+00
           K =  1.0875846362E+05
           L =  1.0875337216E+05
           Vnuc =  5.7452396236E+06
           Ven = -6.7608977654E+08
           Vrep =  6.7598101299E+08
           DelSqV =  2.4952621947E+09
           DelSqVen =  2.4992567788E+12
           DelSqVrep = -2.4967615166E+12
           DelSqG =  1.3403129338E+08
           DelSqK = -2.6292934881E+09
           Stress_EigVals = -3.6254782893E+04 -3.6254659182E+04 -3.6254113015E+04
           Stress_EigVec1 =  1.9928826764E-01  1.1040403375E-01  9.7370176939E-01
           Stress_EigVec2 =  9.5400753296E-01  2.0522120511E-01 -2.1852662088E-01
           Stress_EigVec3 = -2.2395047096E-01  9.7246861456E-01 -6.4428101420E-02
           -DivStress = -2.1163253333E+02 -1.2972551720E+02 -8.1087122656E+02
           ESP =  -1.4747722933E+01     ESP at Nucleus =  -1.4747722949E+01
           ESPe = -2.3437602968E+01     ESPe at Nucleus = -2.3437604070E+01
           ESPn =  8.6898800344E+00     ESPn at Nucleus =  8.6898811209E+00

CP# 11     Coords = -6.00031527190270E+00 -2.65785774957125E+00  1.74426957452803E+00
           Type = (3,-3) NACP H11
           Rho =  4.2373981417E-01     Rho at Nucleus =  4.1995424095E-01
           GradRho =  3.6949610038E-15  7.3552275381E-16 -1.5465059788E-15
           HessRho_EigVals = -6.4585709474E+00 -6.4530500829E+00 -5.8502696144E+00
           HessRho_EigVec1 = -2.8062932046E-01  8.3074551109E-01  4.8073805788E-01
           HessRho_EigVec2 = -5.8242581293E-01  2.5072172354E-01 -7.7325208682E-01
           HessRho_EigVec3 =  7.6290717451E-01  4.9699146184E-01 -4.1348776274E-01
           DelSqRho = -1.8761890645E+01
           Bond Ellipticity = NA
           V = -4.6994801286E+00
           G =  4.5037337105E-03
           K =  4.6949763949E+00
           L =  4.6904726611E+00
           Vnuc =  3.8964517162E+01
           Ven = -1.6510817262E+01
           Vrep =  1.1811337133E+01
           DelSqV =  7.0615703447E+02
           DelSqVen =  7.3104801002E+02
           DelSqVrep = -2.4890975552E+01
           DelSqG =  6.9566132007E+01
           DelSqK = -7.7572316648E+02
           Stress_EigVals = -1.6177593277E+00 -1.6177461916E+00 -1.4639746092E+00
           Stress_EigVec1 = -2.6935263667E-01  8.2642237515E-01  4.9444434972E-01
           Stress_EigVec2 = -5.8744132994E-01  2.6584706595E-01 -7.6435464374E-01
           Stress_EigVec3 =  7.6312635978E-01  4.9633798502E-01 -4.1386805099E-01
           -DivStress = -6.0980404019E+00 -3.9582894045E+00  3.3096243121E+00
           ESP =  -1.0962655915E+00     ESP at Nucleus =  -1.0988791523E+00
           ESPe = -1.1882942652E+01     ESPe at Nucleus = -1.1791584820E+01
           ESPn =  1.0786677060E+01     ESPn at Nucleus =  1.0692705668E+01

CP# 12     Coords =  7.25662327580512E+00 -6.80844802237123E-01 -2.22989137031871E+00
           Type = (3,-3) NACP H12
           Rho =  4.2598906381E-01     Rho at Nucleus =  4.2233055862E-01
           GradRho =  6.7307270868E-16  9.9312919000E-17 -7.0082828429E-16
           HessRho_EigVals = -6.4872324736E+00 -6.4811022799E+00 -5.8901059112E+00
           HessRho_EigVec1 =  6.7981854105E-01  2.0278386157E-01  7.0478752595E-01
           HessRho_EigVec2 = -2.2220324955E-01  9.7279341868E-01 -6.5564323033E-02
           HessRho_EigVec3 =  6.9890805342E-01  1.1203423608E-01 -7.0638223563E-01
           DelSqRho = -1.8858440665E+01
           Bond Ellipticity = NA
           V = -4.7236408668E+00
           G =  4.5153502880E-03
           K =  4.7191255165E+00
           L =  4.7146101662E+00
           Vnuc =  3.8363932222E+01
           Ven = -1.6342615572E+01
           Vrep =  1.1618974705E+01
           DelSqV =  7.1022681800E+02
           DelSqVen =  7.2348393948E+02
           DelSqVrep = -1.3257121481E+01
           DelSqG =  6.9904451683E+01
           DelSqK = -7.8013126968E+02
           Stress_EigVals = -1.6251429158E+00 -1.6243601662E+00 -1.4741377848E+00
           Stress_EigVec1 =  6.8220420098E-01  1.9844516617E-01  7.0371652261E-01
           Stress_EigVec2 = -2.1903842468E-01  9.7372877561E-01 -6.2245000338E-02
           Stress_EigVec3 = -6.9758124737E-01 -1.1167715781E-01  7.0774897792E-01
           -DivStress =  5.4928124588E+00  8.7957782314E-01 -5.5627213298E+00
           ESP =  -1.1140995717E+00     ESP at Nucleus =  -1.1165321627E+00
           ESPe = -1.0733472038E+01     ESPe at Nucleus = -1.0658056551E+01
           ESPn =  9.6193724667E+00     ESPn at Nucleus =  9.5415243883E+00

CP# 13     Coords =  4.97263641022457E+00 -8.53761515167459E-01  3.07140824441801E+00
           Type = (3,-3) NACP H13
           Rho =  4.2533237897E-01     Rho at Nucleus =  4.2164398292E-01
           GradRho = -3.0704605525E-16  5.4210108624E-17  3.9551695252E-16
           HessRho_EigVals = -6.4748811127E+00 -6.4682744621E+00 -5.8752568279E+00
           HessRho_EigVec1 =  6.7947043058E-01  1.9932671486E-01  7.0610820326E-01
           HessRho_EigVec2 = -2.2251446637E-01  9.7304663369E-01 -6.0560390650E-02
           HessRho_EigVec3 =  6.9914751392E-01  1.1597029533E-01 -7.0550949276E-01
           DelSqRho = -1.8818412403E+01
           Bond Ellipticity = NA
           V = -4.7136367831E+00
           G =  4.5168412338E-03
           K =  4.7091199419E+00
           L =  4.7046031007E+00
           Vnuc =  3.9003037017E+01
           Ven = -1.6589254521E+01
           Vrep =  1.1875617738E+01
           DelSqV =  7.0853829360E+02
           DelSqVen =  7.3397523554E+02
           DelSqVrep = -2.5436941938E+01
           DelSqG =  6.9717386073E+01
           DelSqK = -7.7825567967E+02
           Stress_EigVals = -1.6219734414E+00 -1.6212570989E+00 -1.4704062428E+00
           Stress_EigVec1 =  6.7991434345E-01  2.0285862567E-01  7.0467358653E-01
           Stress_EigVec2 = -2.2485034553E-01  9.7235659214E-01 -6.2968085842E-02
           Stress_EigVec3 =  6.9796762653E-01  1.1563319468E-01 -7.0673202602E-01
           -DivStress = -5.5179357292E+00 -9.1585219778E-01  5.5663305824E+00
           ESP =  -1.1138555708E+00     ESP at Nucleus =  -1.1163040622E+00
           ESPe = -1.1521152452E+01     ESPe at Nucleus = -1.1463296860E+01
           ESPn =  1.0407296882E+01     ESPn at Nucleus =  1.0346992798E+01

CP# 14     Coords =  8.23986413343750E+00 -1.55217042073900E-01  2.28359232515360E+00
           Type = (3,-3) NACP H14
           Rho =  4.2587794141E-01     Rho at Nucleus =  4.2221131341E-01
           GradRho = -5.2454454766E-10 -1.3135516481E-10 -1.7990461551E-10
           HessRho_EigVals = -6.4841032696E+00 -6.4775977118E+00 -5.8861211504E+00
           HessRho_EigVec1 = -3.2164833768E-01 -1.2584437939E-02  9.4677556939E-01
           HessRho_EigVec2 = -2.2217846780E-01  9.7299768973E-01 -6.2547775535E-02
           HessRho_EigVec3 =  9.2042331311E-01  2.3047153338E-01  3.1575908061E-01
           DelSqRho = -1.8847822132E+01
           Bond Ellipticity = NA
           V = -4.7210042238E+00
           G =  4.5243454083E-03
           K =  4.7164798784E+00
           L =  4.7119555329E+00
           Vnuc =  3.7877914491E+01
           Ven = -1.6131368248E+01
           Vrep =  1.1410364025E+01
           DelSqV =  7.0976733963E+02
           DelSqVen =  7.1391619599E+02
           DelSqVrep = -4.1488563594E+00
           DelSqG =  6.9844362538E+01
           DelSqK = -7.7961170217E+02
           Stress_EigVals = -1.6243009358E+00 -1.6235680162E+00 -1.4731352718E+00
           Stress_EigVec1 = -3.2320135913E-01 -1.3582453471E-02  9.4623274009E-01
           Stress_EigVec2 = -2.2244073395E-01  9.7297206011E-01 -6.2012015984E-02
           Stress_EigVec3 =  9.1981574315E-01  2.3052307304E-01  3.1748718314E-01
           -DivStress =  7.2458769524E+00  1.8151471829E+00  2.4891143496E+00
           ESP =  -1.1131721699E+00     ESP at Nucleus =  -1.1156092756E+00
           ESPe = -1.0287010805E+01     ESPe at Nucleus = -1.0211962799E+01
           ESPn =  9.1738386349E+00     ESPn at Nucleus =  9.0963535235E+00

CP# 15     Coords =  3.98429015195345E+00 -1.36706769983531E+00 -1.43211460125862E+00
           Type = (3,-3) NACP H15
           Rho =  4.2298018326E-01     Rho at Nucleus =  4.1915831962E-01
           GradRho =  2.3898783261E-09  5.8726802631E-10  7.9993219687E-10
           HessRho_EigVals = -6.4308995713E+00 -6.4244153300E+00 -5.8207908127E+00
           HessRho_EigVec1 = -3.1671785493E-01 -6.1380935941E-03  9.4849993367E-01
           HessRho_EigVec2 = -2.1742976572E-01  9.7382158336E-01 -6.6300986157E-02
           HessRho_EigVec3 =  9.2326274557E-01  2.2723082448E-01  3.0976128721E-01
           DelSqRho = -1.8676105714E+01
           Bond Ellipticity = NA
           V = -4.6781027621E+00
           G =  4.5381667906E-03
           K =  4.6735645953E+00
           L =  4.6690264285E+00
           Vnuc =  3.9603804017E+01
           Ven = -1.6751624281E+01
           Vrep =  1.2073521519E+01
           DelSqV =  7.0243731165E+02
           DelSqVen =  7.3964483454E+02
           DelSqVrep = -3.7207522884E+01
           DelSqG =  6.9060815355E+01
           DelSqK = -7.7149812701E+02
           Stress_EigVals = -1.6109703938E+00 -1.6102484926E+00 -1.4568838757E+00
           Stress_EigVec1 = -3.1837207215E-01 -6.2763028289E-03  9.4794505732E-01
           Stress_EigVec2 = -2.1737237546E-01  9.7381686341E-01 -6.6557996776E-02
           Stress_EigVec3 =  9.2270714426E-01  2.2724727627E-01  3.1140038755E-01
           -DivStress = -7.3920616191E+00 -1.8173136938E+00 -2.4765842883E+00
           ESP =  -1.1165711105E+00     ESP at Nucleus =  -1.1191135088E+00
           ESPe = -1.2742017605E+01     ESPe at Nucleus = -1.2702450175E+01
           ESPn =  1.1625446494E+01     ESPn at Nucleus =  1.1583336666E+01

CP# 16     Coords = -8.22592072572326E-01  5.23474159629345E+00  4.61549830449310E-01
           Type = (3,-3) NACP H16
           Rho =  4.2261599983E-01     Rho at Nucleus =  4.1908819142E-01
           GradRho =  1.3183898417E-16 -1.1674688993E-15 -9.2720969791E-16
           HessRho_EigVals = -6.4165806398E+00 -6.4151345439E+00 -5.8419845960E+00
           HessRho_EigVec1 =  6.6746553930E-01  5.9835136855E-01 -4.4324416929E-01
           HessRho_EigVec2 =  6.6500612223E-01 -2.1115217625E-01  7.1636695615E-01
           HessRho_EigVec3 = -3.3504717764E-01  7.7291034294E-01  5.3884412452E-01
           DelSqRho = -1.8673699780E+01
           Bond Ellipticity = NA
           V = -4.6779510966E+00
           G =  4.7630758513E-03
           K =  4.6731880208E+00
           L =  4.6684249449E+00
           Vnuc =  4.0218836959E+01
           Ven = -1.6997123994E+01
           Vrep =  1.2319172897E+01
           DelSqV =  7.0344479122E+02
           DelSqVen =  7.5103448686E+02
           DelSqVrep = -4.7589695636E+01
           DelSqG =  6.9096842520E+01
           DelSqK = -7.7254163374E+02
           Stress_EigVals = -1.6078943768E+00 -1.6078513233E+00 -1.4622053965E+00
