AIMSum (Version 19.02.13, Professional)
Copyright (c) 1997-2019 by Todd A. Keith
AIMSum is a component of the AIMAll package ( http://aim.tkgristmill.com )

TP:  64-bit Linux

Much of the Quantum Theory of Atoms in Molecules (QTAIM) is described in the book:
  "Atoms in Molecules - A Quantum Theory"
  R.F.W. Bader, Oxford University Press, Oxford, 1990

For additional references see:  http://aim.tkgristmill.com/references.html

Wfn File:  /home/mhennefarth/Documents/ML_Diels/summary-pieniazek2006/r_1b-opt/r_1b-opt.wfn
Sum File:  /home/mhennefarth/Documents/ML_Diels/summary-pieniazek2006/r_1b-opt/r_1b-opt.sum

SumViz File:  /home/mhennefarth/Documents/ML_Diels/summary-pieniazek2006/r_1b-opt/r_1b-opt.sumviz

Wfn Title:   Title Card Required                                                           
 
Total memory allocated for AIMSum =        0.800 Megabytes

Atomic units (a.u.) used throughout, except where stated otherwise

Model:  Restricted SCF
 
Restricted, closed-shell, single-determinant wavefunction.
  Number of electrons (from MO Occs)                   =          86.0000000000
  Number of Alpha electrons (from MO Occs)             =          43.0000000000
  Number of Beta electrons (from MO Occs)              =          43.0000000000
  Number of electron pairs (N*(N-1)/2)                 =        3655.0000000000
  Number of electron pairs (from Muller 2EDM)          =        3655.0000000000
 
Nuclear Charges and Cartesian Coordinates:
-------------------------------------------------------------------------------
Atom      Charge                X                  Y                  Z
-------------------------------------------------------------------------------
O1         8.0           8.3927945000E-01   2.1023260300E+00  -9.8181676000E-01
C2         6.0           4.2114440500E+00   4.9414105000E-01   1.0361747700E+00
C3         6.0          -6.5157634000E+00   8.6970484000E-01   7.6904040000E-01
C4         6.0           2.5397993600E+00   4.0202713600E+00  -6.0207449000E-01
C5         6.0          -6.1468563300E+00   3.2332472700E+00  -8.3264600000E-03
C6         6.0           4.6234836000E+00   3.1419649400E+00   6.1727148000E-01
C7         6.0           1.9001939500E+00  -3.2684200000E-03   2.7727620000E-02
H8         1.0          -5.0085525800E+00  -5.2410122000E-01   7.0014527000E-01
H9         1.0          -4.3248735400E+00   3.8431442200E+00  -7.3594574000E-01
H10        1.0          -7.6377028000E+00   4.6472466000E+00   4.9037590000E-02
H11        1.0           6.2644532200E+00   4.2305386400E+00   1.1610910400E+00
H12        1.0           5.4503243500E+00  -8.4471592000E-01   1.9502915700E+00
H13        1.0          -8.3288842500E+00   2.3531710000E-01   1.5010733200E+00
H14        1.0           1.9665258700E+00   5.8447425700E+00  -1.3075467000E+00
Br15      35.0           3.5161910000E-02  -2.9939184700E+00  -1.8578549000E-01
 
Some Atomic Properties:
----------------------
  q(A) = Net Charge of Atom A
  L(A) = Lagrangian of Atom A = -(1/4) Times Atomic Integral of the Laplacian of the Electron Density
  K(A) = Electronic Kinetic Energy of Atom A (Hamiltonian Form)
  K_Scaled(A) = K(A) * E(Mol)/K(Mol) = Approximation to Virial-Based Total Energy of Atom A.
  |Mu_Intra(A)| = Magnitude of Intraatomic Dipole Moment of Atom A
--------------------------------------------------------------------------------------------------
Atom A          q(A)              L(A)              K(A)          K_Scaled(A)      |Mu_Intra(A)|
--------------------------------------------------------------------------------------------------
O1       -1.0933378362E+00  6.1643300939E-05  7.5283085681E+01 -7.5773941186E+01  2.0641182795E-01
C2        8.0722447000E-03 -2.5120620251E-04  3.7703131648E+01 -3.7948960968E+01  2.8945420212E-01
C3       -8.2898889900E-02 -8.9935034514E-05  3.7697806186E+01 -3.7943600783E+01  9.8565104670E-02
C4        4.1237423170E-01  8.8317198663E-05  3.7436562700E+01 -3.7680653955E+01  7.8647005404E-01
C5       -8.4190493100E-02  8.2112400636E-05  3.7696184632E+01 -3.7941968657E+01  9.1075348808E-02
C6       -1.4568753100E-02 -1.0234371481E-04  3.7711948847E+01 -3.7957835656E+01  2.3999185334E-01
C7        4.1684597040E-01 -3.0294047724E-04  3.7392194882E+01 -3.7635996854E+01  8.2329702723E-01
H8        4.8610536130E-02  2.6844336061E-05  5.9335761849E-01 -5.9722638730E-01  1.3932000575E-01
H9        4.6611220080E-02  2.1212012604E-05  5.9406614371E-01 -5.9793953219E-01  1.3924964249E-01
H10       3.3197796720E-02  1.6910306892E-05  5.9814995942E-01 -6.0204997492E-01  1.4891133323E-01
H11       7.4561345390E-02  2.6712201690E-05  5.7993991030E-01 -5.8372119391E-01  1.4350586341E-01
H12       8.3554193570E-02  2.4568106075E-05  5.7687685614E-01 -5.8063816824E-01  1.4238303089E-01
H13       3.3660894640E-02  1.6835498810E-05  5.9795090517E-01 -6.0184962280E-01  1.4858467394E-01
H14       1.0132559829E-01  2.0888447908E-05  5.7392985979E-01 -5.7767195709E-01  1.4099575280E-01
Br15      1.5898976000E-02 -2.3303972838E-05  2.5560205768E+03 -2.5726861632E+03  3.8881963105E-01
--------------------------------------------------------------------------------------------------
Total    -2.8296468000E-04 -3.8368559163E-04  2.8610557626E+03 -2.8797102181E+03
 
1st Largest |L(A)| = 3.0294047724E-04, atom C7      
2nd Largest |L(A)| = 2.5120620251E-04, atom C2      
 
Molecular charge q(Mol) from the wfn file:   0.0000000000E+00
Molecular energy E(Mol) from the wfn file:  -2.8797103180E+03
Molecular virial ratio (-V(Mol)/T(Mol)) from the wfn file:   2.0065201300E+00
Note.  K_Scaled(A) = (1+V(Mol)/T(Mol))*K(A) = (E(Mol)/T(Mol))*K(A)
       Only use K_Scaled(A) data with caution.
 
N_AIMInt(SumA)     =         86.000283
N_Analytic(Mol)    =         85.999990
 
G_AIMInt(SumA)     =       2861.056146
G_Analytic(Mol)    =       2861.055832
 
K_AIMInt(SumA)     =       2861.055763
K_Analytic(Mol)    =       2861.055832
 
L_AIMInt(SumA)     =         -0.000384
L_Analytic(Mol)    =          0.000000
 
VenT_AIMInt(SumA)  =      -7917.649061
VenT_Analytic(Mol) =      -7917.642734
 
Some Information About the Atomic Calculations:
----------------------------------------------
  Time(sec) = "Elapsed User Time", in Seconds, for Atom A by AIMInt and, if used, by TWOe
  NProc = Number of Processors Used for AIMInt Job
  BIM = Basin Integration Method
  OAQ = Angular Quadrature Outside of Beta Sphere
  ORQ = Multiple of Default for Radial Quadrature Outside of Beta Sphere
  IAQ = Multiple of Default for Angular Quadrature Inside of Beta Sphere
  IRQ = Multiple of Default for Radial Quadrature Inside of Beta Sphere
  MIR = Maximum Integration Radius
------------------------------------------------------------------------------------------------------
Atom A     Time(sec)   NProc      BIM          OAQ                     ORQ      IAQ      IRQ      MIR
------------------------------------------------------------------------------------------------------
O1             20        8     Proaim(5)    4500(GS4)                  1.00     1.00     1.00    13.00
C2             19        8     Proaim(5)    4500(GS4)                  1.00     1.00     1.00    13.00
C3             19        8     Proaim(5)    4500(GS4)                  1.00     1.00     1.00    13.00
C4             19        8     Proaim(5)    4500(GS4)                  1.00     1.00     1.00    13.00
C5             19        8     Proaim(5)    4500(GS4)                  1.00     1.00     1.00    13.00
C6             18        8     Proaim(5)    4500(GS4)                  1.00     1.00     1.00    13.00
C7             24        8     Proaim(5)    4500(GS4)                  1.00     1.00     1.00    13.00
H8             11        8     Proaim(5)    4500(GS4)                  1.00     1.00     1.00    13.00
H9             11        8     Proaim(5)    4500(GS4)                  1.00     1.00     1.00    13.00
H10             4        8     Proaim(5)    1800(GS4)                  1.00     1.00     1.00    13.00
H11             5        8     Proaim(5)    1800(GS4)                  1.00     1.00     1.00    13.00
H12             6        8     Proaim(5)    1800(GS4)                  1.00     1.00     1.00    13.00
H13             5        8     Proaim(5)    1800(GS4)                  1.00     1.00     1.00    13.00
H14             6        8     Proaim(5)    1800(GS4)                  1.00     1.00     1.00    13.00
Br15           19        8     Proaim(5)    4500(GS4)                  1.00     1.00     1.00    13.00
------------------------------------------------------------------------------------------------------
Total         205
Note:  Total wall clock time is less than total of atomic times if more than one atom
       was calculated at a time
 
Electron Density Critical Point Analysis of Molecular Structure:               
---------------------------------------------------------------                
  NACP = Nuclear Attractor Critical Point                                      
  NNACP = Non-Nuclear Attractor Critical Point                                 
  BCP = Bond Critical Point                                                    
  RCP = Ring Critical Point                                                    
  CCP = Cage Critical Point                                                    
  Rho = Electron Density                                                       
  GradRho = Gradient of Electron Density                                       
  HessRho_EigVals = Eigenvalues of the Hessian of Rho, Ascending Order         
  HessRho_EigVecs = Eigenvectors of the Hessian of Rho                         
  DelSqRho = Laplacian of Rho = Trace of Hessian of Rho                        
  Bond Ellipticity = (HessRho_EigVal(1) / HessRho_EigVal(2)) - 1               
  V = Virial Field = Potential Energy Density = Trace of Stress Tensor         
  G = Lagrangian Form of Kinetic Energy Density                                
  K = Hamiltonian Form of Kinetic Energy Density                               
  L = K - G = Lagrangian Density = (-1/4)DelSqRho                              
  Vnuc = Electrostatic Potential from Nuclei                                   
  Ven = Electron-nuclear attractive contribution to Virial Field V             
  Vrep = V - Ven = Repulsive contribution to Virial Field V                    
  DelSqV = Laplacian of V                                                      
  DelSqVen = Laplacian of Ven                                                  
  DelSqVrep = Laplacian of Vrep                                                
  DelSqG = Laplacian of G                                                      
  DelSqK = Laplacian of K                                                      
  Stress_EigVals = Eigenvalues of Stress Tensor, Ascending Order               
  Stress_EigVecs = Eigenvectors of Stress Tensor                               
  -DivStress = Ehrenfest Force Density = Minus Divergence of Stress Tensor     
  ESP = Total Electrostatic Potential                                          
  ESPe = Electrostatic Potential from Electrons                                
  ESPn = Electrostatic Potential from Nuclei                                   
  BP = Bond Path                                                               
  BPL = Bond Path Length                                                       
  GBL = Geometric Bond Length                                                  
  GBL_I = Distance Between Nuclear Attractors                                  
  GBL_II = Distance Between Nuclei                                             
  GBL_III = Sum of Distances Between BCP and Nuclear Attractors                
  GBL_IV = Sum of Distances Between BCP and Nuclei                             

CP# 1      Coords =  8.39288045873708E-01  2.10232509527931E+00 -9.81812321691164E-01
           Type = (3,-3) NACP O1
           Rho =  2.8998490555E+02     Rho at Nucleus =  2.8998487535E+02
           GradRho =  1.6358470134E-11  7.2809314133E-11  7.7937656329E-12
           HessRho_EigVals = -6.3938139206E+05 -6.3936503651E+05 -6.3936369484E+05
           HessRho_EigVec1 =  1.2863847425E-01  9.7773679661E-01 -1.6577967153E-01
           HessRho_EigVec2 =  9.1772699247E-01 -5.4019819768E-02  3.9352131627E-01
           HessRho_EigVec3 = -3.7580488319E-01  2.0276246108E-01  9.0424447698E-01
           DelSqRho = -1.9181101234E+06
           Bond Ellipticity = NA
           V = -4.7962110641E+05
           G =  4.6787779635E+01
           K =  4.7957431863E+05
           L =  4.7952753085E+05
           Vnuc =  8.2313655563E+05
           Ven = -2.3869717634E+08
           Vrep =  2.3821755523E+08
           DelSqV =  1.9779689697E+10
           DelSqVen =  1.5788665615E+12
           DelSqVrep = -1.5590868715E+12
           DelSqG =  1.0575787254E+09
           DelSqK = -2.0837268422E+10
           Stress_EigVals = -1.5987523559E+05 -1.5987473794E+05 -1.5987113288E+05
           Stress_EigVec1 = -3.9611671629E-01  2.0407434396E-01  8.9523472297E-01
           Stress_EigVec2 =  9.0977945984E-01 -4.4509935396E-02  4.1269867954E-01
           Stress_EigVec3 =  1.2406805197E-01  9.7794300846E-01 -1.6803151697E-01
           -DivStress = -5.5334347270E+04  5.9964987119E+03 -2.8563586175E+04
           ESP =  -2.2229766484E+01     ESP at Nucleus =  -2.2229767624E+01
           ESPe = -3.9168042190E+01     ESPe at Nucleus = -3.9168028021E+01
           ESPn =  1.6938275706E+01     ESPn at Nucleus =  1.6938260397E+01

CP# 2      Coords =  4.21144371059177E+00  4.94141469106578E-01  1.03617449723189E+00
           Type = (3,-3) NACP C2
           Rho =  1.1762206502E+02     Rho at Nucleus =  1.1762206500E+02
           GradRho = -2.2116419807E-11  3.2787772497E-11 -3.3968494684E-11
           HessRho_EigVals = -1.4493161609E+05 -1.4493142996E+05 -1.4493116250E+05
           HessRho_EigVec1 = -4.1982063268E-01  2.0926373093E-01  8.8315305995E-01
           HessRho_EigVec2 =  7.3389312505E-01  6.5077328802E-01  1.9466640340E-01
           HessRho_EigVec3 = -5.3399580278E-01  7.2986493170E-01 -4.2678526695E-01
           DelSqRho = -4.3479420855E+05
           Bond Ellipticity = NA
           V = -1.0870898851E+05
           G =  5.2181877424E+00
           K =  1.0870377033E+05
           L =  1.0869855214E+05
           Vnuc =  9.9278781354E+06
           Ven = -1.1677375276E+09
           Vrep =  1.1676288186E+09
           DelSqV =  2.4940089255E+09
           DelSqVen =  4.3165857874E+12
           DelSqVrep = -4.3140917785E+12
           DelSqG =  1.3395983973E+08
           DelSqK = -2.6279687652E+09
           Stress_EigVals = -3.6236549793E+04 -3.6236371974E+04 -3.6236066747E+04
           Stress_EigVec1 = -6.5579762517E-01  6.0014446308E-01 -4.5799137356E-01
           Stress_EigVec2 =  6.2280554042E-01  7.7295243408E-01  1.2106937462E-01
           Stress_EigVec3 = -4.2666466181E-01  2.0584255656E-01  8.8067366730E-01
           -DivStress =  2.7513364664E+02 -3.4693704505E+02  2.2251779578E+02
           ESP =  -1.4724662552E+01     ESP at Nucleus =  -1.4724662550E+01
           ESPe = -3.1223362969E+01     ESPe at Nucleus = -3.1223361899E+01
           ESPn =  1.6498700417E+01     ESPn at Nucleus =  1.6498699349E+01

CP# 3      Coords = -6.51576378739184E+00  8.69704011012341E-01  7.69040752686536E-01
           Type = (3,-3) NACP C3
           Rho =  1.1768414290E+02     Rho at Nucleus =  1.1768414283E+02
           GradRho = -4.2899211961E-11 -1.7845502853E-10  7.7178985425E-11
           HessRho_EigVals = -1.4501402894E+05 -1.4501296210E+05 -1.4501275711E+05
           HessRho_EigVec1 =  2.8198487598E-01  2.6021780011E-01  9.2345613119E-01
           HessRho_EigVec2 =  9.5874971865E-01 -4.0486118508E-02 -2.8135360526E-01
           HessRho_EigVec3 = -3.5826061850E-02  9.6470076745E-01 -2.6090021575E-01
           DelSqRho = -4.3503974816E+05
           Bond Ellipticity = NA
           V = -1.0877012415E+05
           G =  5.0935548978E+00
           K =  1.0876503059E+05
           L =  1.0875993704E+05
           Vnuc =  6.1183828248E+06
           Ven = -7.2003663866E+08
           Vrep =  7.1992786853E+08
           DelSqV =  2.4954138700E+09
           DelSqVen =  2.6617395282E+12
           DelSqVrep = -2.6592440488E+12
           DelSqG =  1.3404084035E+08
           DelSqK = -2.6294547104E+09
           Stress_EigVals = -3.6256971667E+04 -3.6256856410E+04 -3.6256296072E+04
           Stress_EigVec1 =  6.0748419075E-02  9.5585363827E-01 -2.8749513349E-01
           Stress_EigVec2 =  9.5748862189E-01 -1.3717856934E-01 -2.5376678085E-01
           Stress_EigVec3 =  2.8200207186E-01  2.5985738841E-01  9.2355236406E-01
           -DivStress =  3.1482329819E+02  6.7298744011E+02 -2.8640563185E+02
           ESP =  -1.4755203802E+01     ESP at Nucleus =  -1.4755203816E+01
           ESPe = -2.6894661505E+01     ESPe at Nucleus = -2.6894662469E+01
           ESPn =  1.2139457703E+01     ESPn at Nucleus =  1.2139458653E+01

CP# 4      Coords =  2.53979420855223E+00  4.02026688362291E+00 -6.02075949333221E-01
           Type = (3,-3) NACP C4
           Rho =  1.1762027155E+02     Rho at Nucleus =  1.1762026803E+02
           GradRho = -1.6462664565E-12  2.4014346067E-11  4.1918135629E-12
           HessRho_EigVals = -1.4491711811E+05 -1.4491547680E+05 -1.4491503398E+05
           HessRho_EigVec1 =  6.4692367672E-01  7.4967376628E-01  1.3956719046E-01
           HessRho_EigVec2 =  4.2889052541E-01 -2.0637607131E-01 -8.7946678982E-01
           HessRho_EigVec3 =  6.3050985219E-01 -6.2880693487E-01  4.5503754235E-01
           DelSqRho = -4.3474762889E+05
           Bond Ellipticity = NA
           V = -1.0869712924E+05
           G =  5.1110104563E+00
           K =  1.0869201823E+05
           L =  1.0868690722E+05
           Vnuc =  8.5975019809E+05
           Ven = -1.0112405177E+08
           Vrep =  1.0101535464E+08
           DelSqV =  2.4937244175E+09
           DelSqVen =  3.7377436058E+11
           DelSqVrep = -3.7128063616E+11
           DelSqG =  1.3393215061E+08
           DelSqK = -2.6276565681E+09
           Stress_EigVals = -3.6232792930E+04 -3.6232280021E+04 -3.6232056293E+04
           Stress_EigVec1 =  6.1293398361E-01 -6.4929172714E-01  4.5025790920E-01
           Stress_EigVec2 = -4.2837318049E-01  2.0576346742E-01  8.7986238340E-01
           Stress_EigVec3 = -6.6393399519E-01 -7.3217596829E-01 -1.5201974045E-01
           -DivStress =  4.1754066553E+03  3.6314188455E+03  1.1819791870E+03
           ESP =  -1.4678439955E+01     ESP at Nucleus =  -1.4678440177E+01
           ESPe = -3.0307160917E+01     ESPe at Nucleus = -3.0307149846E+01
           ESPn =  1.5628720962E+01     ESPn at Nucleus =  1.5628709668E+01

CP# 5      Coords = -6.14685632875729E+00  3.23324830698030E+00 -8.32675289014391E-03
           Type = (3,-3) NACP C5
           Rho =  1.1767791832E+02     Rho at Nucleus =  1.1767791824E+02
           GradRho =  5.7944593568E-11  2.8625191106E-10 -7.6708306374E-11
           HessRho_EigVals = -1.4500507478E+05 -1.4500406051E+05 -1.4500384924E+05
           HessRho_EigVec1 =  2.8292396045E-01  2.5925488870E-01  9.2343973019E-01
           HessRho_EigVec2 =  9.2812647097E-01 -3.1685839989E-01 -1.9540217067E-01
           HessRho_EigVec3 =  2.4194066729E-01  9.1235281394E-01 -3.3026815833E-01
           DelSqRho = -4.3501298452E+05
           Bond Ellipticity = NA
           V = -1.0876343331E+05
           G =  5.0935920128E+00
           K =  1.0875833972E+05
           L =  1.0875324613E+05
           Vnuc =  5.5681980418E+06
           Ven = -6.5525395436E+08
           Vrep =  6.5514519092E+08
           DelSqV =  2.4952596499E+09
           DelSqVen =  2.4222385439E+12
           DelSqVrep = -2.4197432842E+12
           DelSqG =  1.3403138462E+08
           DelSqK = -2.6292910345E+09
           Stress_EigVals = -3.6254739530E+04 -3.6254619526E+04 -3.6254074257E+04
           Stress_EigVec1 =  1.8847928782E-01  9.2896279926E-01 -3.1859641499E-01
           Stress_EigVec2 =  9.4062939001E-01 -2.6401293267E-01 -2.1333898388E-01
           Stress_EigVec3 =  2.8229755352E-01  2.5947117175E-01  9.2357068073E-01
           -DivStress = -1.0163910817E+00 -8.4198060950E+02  2.3798853791E+02
           ESP =  -1.4754275066E+01     ESP at Nucleus =  -1.4754275082E+01
           ESPe = -2.6488974071E+01     ESPe at Nucleus = -2.6488975339E+01
           ESPn =  1.1734699006E+01     ESPn at Nucleus =  1.1734700258E+01

CP# 6      Coords =  4.62348363990160E+00  3.14196428343021E+00  6.17271650752912E-01
           Type = (3,-3) NACP C6
           Rho =  1.1762709045E+02     Rho at Nucleus =  1.1762709042E+02
           GradRho =  2.2866930571E-11 -5.9721227963E-11  2.3381407921E-11
           HessRho_EigVals = -1.4493748063E+05 -1.4493708963E+05 -1.4493686310E+05
           HessRho_EigVec1 = -4.2661815320E-01  2.0515819447E-01  8.8085587164E-01
           HessRho_EigVec2 = -7.5370499584E-02  9.6248062477E-01 -2.6067285003E-01
           HessRho_EigVec3 =  9.0128588092E-01  1.7759831698E-01  3.9514883102E-01
           DelSqRho = -4.3481143337E+05
           Bond Ellipticity = NA
           V = -1.0871326309E+05
           G =  5.2023751490E+00
           K =  1.0870806072E+05
           L =  1.0870285834E+05
           Vnuc =  8.8289629439E+06
           Ven = -1.0385252228E+09
           Vrep =  1.0384165095E+09
           DelSqV =  2.4941064220E+09
           DelSqVen =  3.8389332050E+12
           DelSqVrep = -3.8364393607E+12
           DelSqG =  1.3396464970E+08
           DelSqK = -2.6280710717E+09
           Stress_EigVals = -3.6237985040E+04 -3.6237817036E+04 -3.6237461016E+04
           Stress_EigVec1 =  8.8630943933E-01  2.8664445938E-01  3.6371765377E-01
           Stress_EigVec2 = -1.7750495580E-01  9.3570336961E-01 -3.0487898381E-01
           Stress_EigVec3 = -4.2772370571E-01  2.0565543514E-01  8.8020354099E-01
           -DivStress = -2.9455259971E+01  5.3667874224E+02 -1.3814515174E+02
           ESP =  -1.4726333255E+01     ESP at Nucleus =  -1.4726333256E+01
           ESPe = -2.9538275362E+01     ESPe at Nucleus = -2.9538274726E+01
           ESPn =  1.4811942108E+01     ESPn at Nucleus =  1.4811941470E+01

CP# 7      Coords =  1.90018710738515E+00 -3.26804896529230E-03  2.77242018416840E-02
           Type = (3,-3) NACP C7
           Rho =  1.1756145429E+02     Rho at Nucleus =  1.1756145005E+02
           GradRho =  8.4987017424E-12 -1.8873791419E-14 -1.3930523401E-13
           HessRho_EigVals = -1.4483227872E+05 -1.4483081639E+05 -1.4483004357E+05
           HessRho_EigVec1 = -3.3504558555E-02  9.6960289911E-01 -2.4237917112E-01
           HessRho_EigVec2 =  9.0170121732E-01  1.3392297037E-01  4.1109555178E-01
           HessRho_EigVec3 = -4.3105957737E-01  2.0478001866E-01  8.7877914445E-01
           DelSqRho = -4.3449313868E+05
           Bond Ellipticity = NA
           V = -1.0863340594E+05
           G =  5.0606327450E+00
           K =  1.0862834530E+05
           L =  1.0862328467E+05
           Vnuc =  7.8352918876E+05
           Ven = -9.2112830912E+07
           Vrep =  9.2004197506E+07
           DelSqV =  2.4922555586E+09
           DelSqVen =  3.4043805683E+11
           DelSqVrep = -3.3794580127E+11
           DelSqG =  1.3384127044E+08
           DelSqK = -2.6260968290E+09
           Stress_EigVals = -3.6211336312E+04 -3.6211211626E+04 -3.6210857998E+04
           Stress_EigVec1 =  9.0313273878E-01  1.7375319755E-01  3.9263352184E-01
           Stress_EigVec2 = -4.2322939430E-01  2.0626052917E-01  8.8223209753E-01
           Stress_EigVec3 = -7.2305849945E-02  9.6294673812E-01 -2.5981809717E-01
           -DivStress =  5.5433295540E+03 -3.0056477319E+02  2.7688321417E+03
           ESP =  -1.4634107357E+01     ESP at Nucleus =  -1.4634107671E+01
           ESPe = -3.5322806271E+01     ESPe at Nucleus = -3.5322798798E+01
           ESPn =  2.0688698915E+01     ESPn at Nucleus =  2.0688691128E+01

CP# 8      Coords = -5.03460307311762E+00 -5.00255417194643E-01  7.01406737864167E-01
           Type = (3,-3) NACP H8
           Rho =  4.2476771061E-01     Rho at Nucleus =  4.2100929783E-01
           GradRho = -2.5352983601E-15  1.2299189445E-15  3.4314998759E-16
           HessRho_EigVals = -6.4650720631E+00 -6.4585161440E+00 -5.8591544320E+00
           HessRho_EigVec1 = -6.1467610983E-01 -6.9017564461E-01  3.8187806901E-01
           HessRho_EigVec2 =  2.8230582859E-01  2.5957536239E-01  9.2353887324E-01
           HessRho_EigVec3 =  7.3653017532E-01 -6.7548368657E-01 -3.5285833264E-02
           DelSqRho = -1.8782742639E+01
           Bond Ellipticity = NA
           V = -4.7050428125E+00
           G =  4.6785763654E-03
           K =  4.7003642361E+00
           L =  4.6956856598E+00
           Vnuc =  4.3823429092E+01
           Ven = -1.8614777647E+01
           Vrep =  1.3909734834E+01
           DelSqV =  7.0687991063E+02
           DelSqVen =  8.2312419020E+02
           DelSqVrep = -1.1624427958E+02
           DelSqG =  6.9555350522E+01
           DelSqK = -7.7643526115E+02
           Stress_EigVals = -1.6195198564E+00 -1.6188077422E+00 -1.4667152139E+00
           Stress_EigVec1 =  6.1600793094E-01  6.8887952105E-01 -3.8207228962E-01
           Stress_EigVec2 =  2.8239146747E-01  2.5967215281E-01  9.2348548021E-01
           Stress_EigVec3 =  7.3538376928E-01 -6.7676833446E-01 -3.4573593280E-02
           -DivStress =  5.8671118630E+00 -5.3719276688E+00 -2.8370757543E-01
           ESP =  -1.1212551084E+00     ESP at Nucleus =  -1.1237231777E+00
           ESPe = -1.6647300351E+01     ESPe at Nucleus = -1.6628521542E+01
           ESPn =  1.5526045243E+01     ESPn at Nucleus =  1.5504798365E+01

CP# 9      Coords = -4.35608469712652E+00  3.83293658581140E+00 -7.23547906559209E-01
           Type = (3,-3) NACP H9
           Rho =  4.2530238229E-01     Rho at Nucleus =  4.2158739147E-01
           GradRho = -7.3897591171E-11 -2.4174014353E-11  2.9355975983E-11
           HessRho_EigVals = -6.4747432311E+00 -6.4681277106E+00 -5.8726417702E+00
           HessRho_EigVec1 = -3.6190405094E-01  9.2024511178E-01 -1.4891068520E-01
           HessRho_EigVec2 =  2.8173199983E-01  2.6023834838E-01  9.2352752114E-01
           HessRho_EigVec3 =  8.8862395769E-01  2.9227544592E-01 -3.5344380816E-01
           DelSqRho = -1.8815512712E+01
           Bond Ellipticity = NA
           V = -4.7129594493E+00
           G =  4.5406356398E-03
           K =  4.7084188136E+00
           L =  4.7038781780E+00
           Vnuc =  4.2729714736E+01
           Ven = -1.8173049472E+01
           Vrep =  1.3460090023E+01
           DelSqV =  7.0831956317E+02
           DelSqVen =  8.0398149093E+02
           DelSqVrep = -9.5661927756E+01
           DelSqG =  6.9706509236E+01
           DelSqK = -7.7802607241E+02
           Stress_EigVals = -1.6219359240E+00 -1.6212400796E+00 -1.4697834456E+00
           Stress_EigVec1 = -3.6363426667E-01  9.1950510488E-01 -1.4926648054E-01
           Stress_EigVec2 =  2.8135512593E-01  2.6116252438E-01  9.2338151864E-01
           Stress_EigVec3 =  8.8803683100E-01  2.9377627196E-01 -3.5367511761E-01
           -DivStress =  7.0417510257E+00  2.3041078061E+00 -2.7974323893E+00
           ESP =  -1.1203418312E+00     ESP at Nucleus =  -1.1228031286E+00
           ESPe = -1.5360356432E+01     ESPe at Nucleus = -1.5318651950E+01
           ESPn =  1.4240014601E+01     ESPn at Nucleus =  1.4195848822E+01

CP# 10     Coords = -7.61248972530460E+00  4.62340542127970E+00  4.80505665776720E-02
           Type = (3,-3) NACP H10
           Rho =  4.2615000606E-01     Rho at Nucleus =  4.2250532139E-01
           GradRho = -1.7442644551E-15 -1.3730336312E-15  8.5651971626E-18
           HessRho_EigVals = -6.4899116747E+00 -6.4835403489E+00 -5.8939159339E+00
           HessRho_EigVec1 =  6.2642790368E-01  6.7885262980E-01 -3.8307595658E-01
           HessRho_EigVec2 =  2.8240296702E-01  2.6040876040E-01  9.2327452132E-01
           HessRho_EigVec3 =  7.2652367182E-01 -6.8654670964E-01 -2.8582682946E-02
           DelSqRho = -1.8867367958E+01
           Bond Ellipticity = NA
           V = -4.7259439654E+00
           G =  4.5509880044E-03
           K =  4.7213929774E+00
           L =  4.7168419894E+00
           Vnuc =  4.0465795394E+01
           Ven = -1.7244498952E+01
           Vrep =  1.2518554987E+01
           DelSqV =  7.1063576687E+02
           DelSqVen =  7.6348305139E+02
           DelSqVrep = -5.2847284514E+01
           DelSqG =  6.9944826075E+01
           DelSqK = -7.8058059295E+02
           Stress_EigVals = -1.6257825369E+00 -1.6250646974E+00 -1.4750967311E+00
           Stress_EigVec1 =  6.2838290744E-01  6.7802298390E-01 -3.8133942223E-01
           Stress_EigVec2 =  2.8118261452E-01  2.5909643603E-01  9.2401589495E-01
           Stress_EigVec3 =  7.2530769948E-01 -6.8786181035E-01 -2.7836503538E-02
           -DivStress = -5.7031498113E+00  5.3949590589E+00  2.2265448225E-01
           ESP =  -1.1183457110E+00     ESP at Nucleus =  -1.1207711967E+00
           ESPe = -1.2777479304E+01     ESPe at Nucleus = -1.2694875652E+01
           ESPn =  1.1659133593E+01     ESPn at Nucleus =  1.1574104455E+01

CP# 11     Coords =  6.23564051216932E+00  4.21146198559149E+00  1.15153145706212E+00
           Type = (3,-3) NACP H11
           Rho =  4.2244124620E-01     Rho at Nucleus =  4.1859303123E-01
           GradRho = -1.1221926166E-14 -8.8748453031E-15 -2.9236053682E-15
           HessRho_EigVals = -6.4370558655E+00 -6.4315320990E+00 -5.8233307507E+00
           HessRho_EigVec1 = -4.1433512186E-01  8.2032564054E-01 -3.9419823728E-01
           HessRho_EigVec2 = -4.2845430890E-01  2.0631999309E-01  8.7969254040E-01
           HessRho_EigVec3 =  8.0296532427E-01  5.3338344925E-01  2.6598643591E-01
           DelSqRho = -1.8691918715E+01
           Bond Ellipticity = NA
           V = -4.6818220933E+00
           G =  4.4212072491E-03
           K =  4.6774008860E+00
           L =  4.6729796788E+00
           Vnuc =  4.1314925630E+01
           Ven = -1.7453128670E+01
           Vrep =  1.2771306577E+01
           DelSqV =  7.0318846871E+02
           DelSqVen =  7.7225523160E+02
           DelSqVrep = -6.9066762891E+01
           DelSqG =  6.9261447620E+01
           DelSqK = -7.7244991633E+02
           Stress_EigVals = -1.6123155811E+00 -1.6122969040E+00 -1.4572096082E+00
           Stress_EigVec1 = -4.1716466785E-01  8.2238565980E-01 -3.8685328803E-01
           Stress_EigVec2 = -4.2509097427E-01  1.9966553315E-01  8.8285408674E-01
           Stress_EigVec3 =  8.0328780863E-01  5.3274337296E-01  2.6629531554E-01
           -DivStress =  6.4615620844E+00  4.2777535460E+00  2.1439253637E+00
           ESP =  -1.0783385174E+00     ESP at Nucleus =  -1.0809958015E+00
           ESPe = -1.4502017332E+01     ESPe at Nucleus = -1.4400397476E+01
           ESPn =  1.3423678815E+01     ESPn at Nucleus =  1.3319401675E+01

CP# 12     Coords =  5.42830743404751E+00 -8.20979782608920E-01  1.93405753980155E+00
           Type = (3,-3) NACP H12
           Rho =  4.2174528539E-01     Rho at Nucleus =  4.1783024313E-01
           GradRho = -2.3203840786E-15 -1.7260498586E-16  5.8546917314E-18
           HessRho_EigVals = -6.4224935140E+00 -6.4165043385E+00 -5.8026546874E+00
           HessRho_EigVec1 =  6.6965755822E-01  7.2617168636E-01  1.5567092422E-01
           HessRho_EigVec2 =  4.2751618500E-01 -2.0552568783E-01 -8.8033465410E-01
           HessRho_EigVec3 = -6.0727972655E-01  6.5607459452E-01 -4.4808197927E-01
           DelSqRho = -1.8641652540E+01
           Bond Ellipticity = NA
           V = -4.6693406295E+00
           G =  4.4637472599E-03
           K =  4.6648768822E+00
           L =  4.6604131350E+00
           Vnuc =  4.3024674000E+01
           Ven = -1.8145453415E+01
           Vrep =  1.3476112786E+01
           DelSqV =  7.0094484506E+02
           DelSqVen =  8.0205102335E+02
           DelSqVrep = -1.0110617829E+02
           DelSqG =  6.9010068455E+01
           DelSqK = -7.6995491351E+02
           Stress_EigVals = -1.6087106272E+00 -1.6086472913E+00 -1.4519827110E+00
           Stress_EigVec1 =  4.2379227669E-01 -2.0956530346E-01 -8.8118243843E-01
           Stress_EigVec2 =  6.7164310434E-01  7.2542896409E-01  1.5049371564E-01
           Stress_EigVec3 = -6.0769700230E-01  6.5561818282E-01 -4.4818428325E-01
           -DivStress =  4.9244705028E+00 -5.3085383103E+00  3.6309148703E+00
           ESP =  -1.0769036099E+00     ESP at Nucleus =  -1.0796067977E+00
           ESPe = -1.6490460674E+01     ESPe at Nucleus = -1.6386223076E+01
           ESPn =  1.5413557064E+01     ESPn at Nucleus =  1.5306616278E+01

CP# 13     Coords = -8.29824135388743E+00  2.46002787529029E-01  1.48871081851028E+00
           Type = (3,-3) NACP H13
           Rho =  4.2609086957E-01     Rho at Nucleus =  4.2244400330E-01
           GradRho =  6.0152499301E-12  2.0950975330E-12 -2.4264765544E-12
           HessRho_EigVals = -6.4888353050E+00 -6.4825666982E+00 -5.8927931552E+00
           HessRho_EigVec1 = -3.7633470055E-01  9.1536332547E-01 -1.4311595140E-01
           HessRho_EigVec2 =  2.8180740286E-01  2.6024828034E-01  9.2350171644E-01
           HessRho_EigVec3 =  8.8258528248E-01  3.0721460735E-01 -3.5589662007E-01
           DelSqRho = -1.8864195158E+01
           Bond Ellipticity = NA
           V = -4.7251216389E+00
           G =  4.5364246488E-03
           K =  4.7205852142E+00
           L =  4.7160487896E+00
           Vnuc =  4.0875391817E+01
           Ven = -1.7416631244E+01
           Vrep =  1.2691509605E+01
           DelSqV =  7.1050055096E+02
           DelSqVen =  7.7108136843E+02
           DelSqVrep = -6.0580817469E+01
           DelSqG =  6.9930380632E+01
           DelSqK = -7.8043093159E+02
           Stress_EigVals = -1.6255234964E+00 -1.6247879887E+00 -1.4748101538E+00
           Stress_EigVec1 = -3.7762931533E-01  9.1516082376E-01 -1.4098498804E-01
           Stress_EigVec2 =  2.8239513344E-01  2.5883038070E-01  9.2372064101E-01
           Stress_EigVec3 =  8.8184414088E-01  3.0901051872E-01 -3.5617890239E-01
           -DivStress = -6.9308658573E+00 -2.4186314022E+00  2.7966674097E+00
           ESP =  -1.1189211404E+00     ESP at Nucleus =  -1.1213467681E+00
           ESPe = -1.3198727940E+01     ESPe at Nucleus = -1.3115438112E+01
           ESPn =  1.2079806799E+01     ESPn at Nucleus =  1.1994091344E+01

CP# 14     Coords =  1.97682986131255E+00  5.81137383237703E+00 -1.29473252627446E+00
           Type = (3,-3) NACP H14
           Rho =  4.2454644266E-01     Rho at Nucleus =  4.2040162905E-01
           GradRho =  1.4145711967E-09 -4.5869822957E-09  1.7605753887E-09
           HessRho_EigVals = -6.4669030828E+00 -6.4554219312E+00 -5.8133568906E+00
           HessRho_EigVec1 =  8.6078056345E-01  3.8948240285E-01  3.2765878510E-01
           HessRho_EigVec2 = -4.2807737655E-01  2.0575588616E-01  8.8000811075E-01
           HessRho_EigVec3 = -2.7532994982E-01  8.9775719055E-01 -3.4383927285E-01
           DelSqRho = -1.8735681905E+01
           Bond Ellipticity = NA
           V = -4.6921311240E+00
           G =  4.1053239294E-03
           K =  4.6880258001E+00
           L =  4.6839204762E+00
           Vnuc =  4.1229829568E+01
           Ven = -1.7503977475E+01
           Vrep =  1.2811846351E+01
           DelSqV =  7.0348130932E+02
           DelSqVen =  7.7246897913E+02
           DelSqVrep = -6.8987669815E+01
           DelSqG =  6.9248093645E+01
           DelSqK = -7.7272940296E+02
           Stress_EigVals = -1.6189000411E+00 -1.6186852833E+00 -1.4545457997E+00
           Stress_EigVec1 =  8.6018945457E-01  3.8904038007E-01  3.2972971495E-01
           Stress_EigVec2 = -4.2978904307E-01  2.0499650207E-01  8.7935079041E-01
           Stress_EigVec3 = -2.7450952752E-01  8.9812249544E-01 -3.4354112197E-01
           -DivStress = -2.3144839884E+00  7.4992486299E+00 -2.8792581492E+00
           ESP =  -1.0650791141E+00     ESP at Nucleus =  -1.0678923359E+00
           ESPe = -1.5413265330E+01     ESPe at Nucleus = -1.5306989420E+01
           ESPn =  1.4348186216E+01     ESPn at Nucleus =  1.4239097084E+01

CP# 15     Coords =  3.51619335135007E-02 -2.99391844390569E+00 -1.85785489417042E-01
           Type = (3,-3) NACP Br15
           Rho =  2.8284689002E+04     Rho at Nucleus =  2.8284689000E+04
           GradRho = -3.4214160394E-09  5.3186507643E-08 -3.0588063638E-08
           HessRho_EigVals = -2.7949680075E+09 -2.7949632602E+09 -2.7949630969E+09
           HessRho_EigVec1 =  5.2552783901E-01  8.4887143885E-01  5.6901412429E-02
           HessRho_EigVec2 =  7.8822626330E-01 -4.6062943609E-01 -4.0806847521E-01
           HessRho_EigVec3 =  3.2018720818E-01 -2.5930253164E-01  9.1117635439E-01
           DelSqRho = -8.3848943646E+09
           Bond Ellipticity = NA
           V = -2.0981694935E+09
           G =  9.7295117968E+05
           K =  2.0971965423E+09
           L =  2.0962235912E+09
           Vnuc =  9.9629120219E+08
           Ven = -2.8179786809E+13
           Vrep =  2.8177688639E+13
           DelSqV =  8.5638071513E+15
           DelSqVen =  8.3538078729E+18
           DelSqVrep = -8.3452440657E+18
           DelSqG =  2.0803256366E+14
           DelSqK = -8.7718397149E+15
           Stress_EigVals = -6.9939025495E+08 -6.9939022048E+08 -6.9938901809E+08
           Stress_EigVec1 =  3.7957460675E-01 -2.9526655005E-01  8.7677863930E-01
           Stress_EigVec2 =  7.6032434469E-01 -4.4038124559E-01 -4.7746334875E-01
           Stress_EigVec3 =  5.2709582504E-01  8.4786910721E-01  5.7340808066E-02
           -DivStress = -6.6513144057E+07 -7.3611713330E+07 -1.6104510007E+06
           ESP =  -1.7524719875E+02     ESP at Nucleus =  -1.7524719875E+02
           ESPe = -1.8347988787E+02     ESPe at Nucleus = -1.8347988783E+02
           ESPn =  8.2326891147E+00     ESPn at Nucleus =  8.2326890752E+00

CP# 16     Coords =  1.54647324868303E+00  6.85551165052772E-01 -3.05511447544275E-01
           Type = (3,-1) BCP O1 C7
           Rho =  2.9006074003E-01
           GradRho =  1.4841860380E-13 -2.9382052347E-13  1.4089424072E-13
           HessRho_EigVals = -6.1774001506E-01 -4.8129620078E-01  9.3879715530E-01
           HessRho_EigVec1 =  8.1231622842E-01  5.1330395185E-01  2.7687794796E-01
           HessRho_EigVec2 = -4.2940850952E-01  2.0514285632E-01  8.7950255284E-01
           HessRho_EigVec3 = -3.9465260293E-01  8.3332794356E-01 -3.8705795623E-01
           DelSqRho = -1.6023906054E-01
           Bond Ellipticity =  2.8349239835E-01
           V = -8.5159214297E-01
           G =  4.0576618892E-01
           K =  4.4582595405E-01
           L =  4.0059765135E-02
           Vnuc =  2.8306236083E+01
           Ven = -8.2105277856E+00
           Vrep =  7.3589356426E+00
           DelSqV = -6.7113607098E+00
           DelSqVen =  4.5357646773E+00
           DelSqVrep = -1.1247125387E+01
           DelSqG =  1.5146106427E+01
           DelSqK = -8.4347457174E+00
           Stress_EigVals = -3.8835492665E-01 -3.5897364772E-01 -1.0426356859E-01
           Stress_EigVec1 = -4.2933018493E-01  2.0530691120E-01  8.7950250968E-01
           Stress_EigVec2 =  8.2092559089E-01  4.9467951727E-01  2.8526014339E-01
           Stress_EigVec3 = -3.7650599800E-01  8.4447690756E-01 -3.8092254602E-01
           -DivStress =  4.4195512898E-01 -8.6399621524E-01  4.1703976845E-01
           ESP =   1.9548838359E+00
           ESPe = -2.6351352247E+01
           ESPn =  2.8306236083E+01
           BPL =  2.5658870668E+00 =  1.7228225482E+00 +  8.4306451869E-01                
           GBL_I =  2.5647988810E+00                                                      
           GBL_II =  2.5648094314E+00                                                     
           GBL_III =  2.5648322239E+00 =  1.7218426620E+00 +  8.4298956189E-01            
           GBL_IV =  2.5648427923E+00 =  1.7218487049E+00 +  8.4299408742E-01             

