AIMSum (Version 19.02.13, Professional)
Copyright (c) 1997-2019 by Todd A. Keith
AIMSum is a component of the AIMAll package ( http://aim.tkgristmill.com )

TP:  64-bit Linux

Much of the Quantum Theory of Atoms in Molecules (QTAIM) is described in the book:
  "Atoms in Molecules - A Quantum Theory"
  R.F.W. Bader, Oxford University Press, Oxford, 1990

For additional references see:  http://aim.tkgristmill.com/references.html

Wfn File:  /home/mhennefarth/Documents/ML_Diels/summary-pieniazek2006/r_2b-opt/r_2b-opt.wfn
Sum File:  /home/mhennefarth/Documents/ML_Diels/summary-pieniazek2006/r_2b-opt/r_2b-opt.sum

SumViz File:  /home/mhennefarth/Documents/ML_Diels/summary-pieniazek2006/r_2b-opt/r_2b-opt.sumviz

Wfn Title:   Title Card Required                                                           
 
Total memory allocated for AIMSum =        0.800 Megabytes

Atomic units (a.u.) used throughout, except where stated otherwise

Model:  Restricted SCF
 
Restricted, closed-shell, single-determinant wavefunction.
  Number of electrons (from MO Occs)                   =          86.0000000000
  Number of Alpha electrons (from MO Occs)             =          43.0000000000
  Number of Beta electrons (from MO Occs)              =          43.0000000000
  Number of electron pairs (N*(N-1)/2)                 =        3655.0000000000
  Number of electron pairs (from Muller 2EDM)          =        3655.0000000000
 
Nuclear Charges and Cartesian Coordinates:
-------------------------------------------------------------------------------
Atom      Charge                X                  Y                  Z
-------------------------------------------------------------------------------
O1         8.0          -5.0832417600E+00   2.7409149900E+00   2.6208310000E-02
C2         6.0          -1.8400475700E+00   7.3291440000E-02  -8.1312500000E-03
C3         6.0           6.4093006600E+00   1.1915980400E+00  -9.8216393000E-01
C4         6.0          -2.9119051200E+00   4.1199601200E+00  -1.6559958000E-01
C5         6.0           6.9958810600E+00   2.6906305600E+00   9.5388188000E-01
C6         6.0          -8.5006748000E-01   2.5860956800E+00  -1.9614437000E-01
C7         6.0          -4.4008163700E+00   2.6060481000E-01   1.2136301000E-01
H8         1.0           7.2656935200E+00   1.4348314000E+00  -2.8349932300E+00
H9         1.0           8.3575492600E+00   4.2196166400E+00   7.7346198000E-01
H10        1.0           6.1477375900E+00   2.4413912900E+00   2.8094502500E+00
H11        1.0           1.1138320300E+00   3.1279912300E+00  -3.3312384000E-01
H12        1.0           5.0429630000E+00  -3.3159272000E-01  -7.9617047000E-01
H13        1.0          -3.1566022000E+00   6.1423487900E+00  -2.6112618000E-01
H14        1.0          -5.9040434100E+00  -1.1056830900E+00   2.7617310000E-01
Br15      35.0           3.9563800000E-02  -2.9539802100E+00   5.1926490000E-02
 
Some Atomic Properties:
----------------------
  q(A) = Net Charge of Atom A
  L(A) = Lagrangian of Atom A = -(1/4) Times Atomic Integral of the Laplacian of the Electron Density
  K(A) = Electronic Kinetic Energy of Atom A (Hamiltonian Form)
  K_Scaled(A) = K(A) * E(Mol)/K(Mol) = Approximation to Virial-Based Total Energy of Atom A.
  |Mu_Intra(A)| = Magnitude of Intraatomic Dipole Moment of Atom A
--------------------------------------------------------------------------------------------------
Atom A          q(A)              L(A)              K(A)          K_Scaled(A)      |Mu_Intra(A)|
--------------------------------------------------------------------------------------------------
O1       -1.0934235152E+00  7.1544406319E-05  7.5273949804E+01 -7.5765021245E+01  2.1986396044E-01
C2       -7.0705151000E-02  2.0389221228E-05  3.7709507989E+01 -3.7955516900E+01  1.3383949812E-01
C3       -8.7475342400E-02  7.6324212733E-05  3.7699633481E+01 -3.7945577973E+01  1.0440083476E-01
C4        4.4077735360E-01 -6.0734400493E-05  3.7420272729E+01 -3.7664394730E+01  7.8807871729E-01
C5       -8.8143474900E-02 -8.1133496162E-05  3.7695564560E+01 -3.7941482507E+01  8.7287633206E-02
C6       -1.0542093900E-02  8.8438363287E-08  3.7721545181E+01 -3.7967632620E+01  2.6364140042E-01
C7        4.7649442500E-01 -1.1873333209E-04  3.7411302416E+01 -3.7655365896E+01  7.5634112984E-01
H8        3.9478487370E-02  2.1239946883E-05  5.9581706802E-01 -5.9970405345E-01  1.4699143725E-01
H9        3.9309595330E-02  2.3000074884E-05  5.9593767450E-01 -5.9982544674E-01  1.4727473076E-01
H10       4.1841313060E-02  2.1313178228E-05  5.9468919505E-01 -5.9856882247E-01  1.4691269180E-01
H11       9.9388189420E-02  3.1885456383E-05  5.6909676453E-01 -5.7280943231E-01  1.3826082896E-01
H12       5.4895907670E-02  3.9373325343E-05  5.9024398160E-01 -5.9409460938E-01  1.3876242265E-01
H13       9.9121263950E-02  1.8058088046E-05  5.7492818861E-01 -5.7867889938E-01  1.4095744491E-01
H14       1.0887287127E-01  1.4280761870E-05  5.7017704731E-01 -5.7389676263E-01  1.4036767999E-01
Br15     -4.9762038000E-02 -5.3787760577E-06  2.5560246397E+03 -2.5726996077E+03  3.6130700406E-01
--------------------------------------------------------------------------------------------------
Total     1.2779127000E-04  7.1517105478E-05  2.8610473058E+03 -2.8797121776E+03
 
1st Largest |L(A)| = 1.1873333209E-04, atom C7      
2nd Largest |L(A)| = 8.1133496162E-05, atom C5      
 
Molecular charge q(Mol) from the wfn file:   0.0000000000E+00
Molecular energy E(Mol) from the wfn file:  -2.8797121982E+03
Molecular virial ratio (-V(Mol)/T(Mol)) from the wfn file:   2.0065237900E+00
Note.  K_Scaled(A) = (1+V(Mol)/T(Mol))*K(A) = (E(Mol)/T(Mol))*K(A)
       Only use K_Scaled(A) data with caution.
 
N_AIMInt(SumA)     =         85.999872
N_Analytic(Mol)    =         85.999990
 
G_AIMInt(SumA)     =       2861.047234
G_Analytic(Mol)    =       2861.047289
 
K_AIMInt(SumA)     =       2861.047306
K_Analytic(Mol)    =       2861.047289
 
L_AIMInt(SumA)     =          0.000072
L_Analytic(Mol)    =          0.000000
 
VenT_AIMInt(SumA)  =      -7898.183010
VenT_Analytic(Mol) =      -7898.184869
 
Some Information About the Atomic Calculations:
----------------------------------------------
  Time(sec) = "Elapsed User Time", in Seconds, for Atom A by AIMInt and, if used, by TWOe
  NProc = Number of Processors Used for AIMInt Job
  BIM = Basin Integration Method
  OAQ = Angular Quadrature Outside of Beta Sphere
  ORQ = Multiple of Default for Radial Quadrature Outside of Beta Sphere
  IAQ = Multiple of Default for Angular Quadrature Inside of Beta Sphere
  IRQ = Multiple of Default for Radial Quadrature Inside of Beta Sphere
  MIR = Maximum Integration Radius
------------------------------------------------------------------------------------------------------
Atom A     Time(sec)   NProc      BIM          OAQ                     ORQ      IAQ      IRQ      MIR
------------------------------------------------------------------------------------------------------
O1             13        8     Proaim(5)    4500(GS4)                  1.00     1.00     1.00    13.00
C2             24        8     Proaim(5)    4500(GS4)                  1.00     1.00     1.00    13.00
C3             30        8     Proaim(5)    4500(GS4)                  1.00     1.00     1.00    13.00
C4             18        8     Proaim(5)    4500(GS4)                  1.00     1.00     1.00    13.00
C5             21        8     Proaim(5)    4500(GS4)                  1.00     1.00     1.00    13.00
C6             22        8     Proaim(5)    4500(GS4)                  1.00     1.00     1.00    13.00
C7             20        8     Proaim(5)    4500(GS4)                  1.00     1.00     1.00    13.00
H8              5        8     Proaim(5)    1800(GS4)                  1.00     1.00     1.00    13.00
H9              7        8     Proaim(5)    1800(GS4)                  1.00     1.00     1.00    13.00
H10             6        8     Proaim(5)    1800(GS4)                  1.00     1.00     1.00    13.00
H11            14        8     Proaim(5)    4500(GS4)                  1.00     1.00     1.00    13.00
H12            12        8     Proaim(5)    4500(GS4)                  1.00     1.00     1.00    13.00
H13             5        8     Proaim(5)    1800(GS4)                  1.00     1.00     1.00    13.00
H14             5        8     Proaim(5)    1800(GS4)                  1.00     1.00     1.00    13.00
Br15           19        8     Proaim(5)    4500(GS4)                  1.00     1.00     1.00    13.00
------------------------------------------------------------------------------------------------------
Total         221
Note:  Total wall clock time is less than total of atomic times if more than one atom
       was calculated at a time
 
Electron Density Critical Point Analysis of Molecular Structure:               
---------------------------------------------------------------                
  NACP = Nuclear Attractor Critical Point                                      
  NNACP = Non-Nuclear Attractor Critical Point                                 
  BCP = Bond Critical Point                                                    
  RCP = Ring Critical Point                                                    
  CCP = Cage Critical Point                                                    
  Rho = Electron Density                                                       
  GradRho = Gradient of Electron Density                                       
  HessRho_EigVals = Eigenvalues of the Hessian of Rho, Ascending Order         
  HessRho_EigVecs = Eigenvectors of the Hessian of Rho                         
  DelSqRho = Laplacian of Rho = Trace of Hessian of Rho                        
  Bond Ellipticity = (HessRho_EigVal(1) / HessRho_EigVal(2)) - 1               
  V = Virial Field = Potential Energy Density = Trace of Stress Tensor         
  G = Lagrangian Form of Kinetic Energy Density                                
  K = Hamiltonian Form of Kinetic Energy Density                               
  L = K - G = Lagrangian Density = (-1/4)DelSqRho                              
  Vnuc = Electrostatic Potential from Nuclei                                   
  Ven = Electron-nuclear attractive contribution to Virial Field V             
  Vrep = V - Ven = Repulsive contribution to Virial Field V                    
  DelSqV = Laplacian of V                                                      
  DelSqVen = Laplacian of Ven                                                  
  DelSqVrep = Laplacian of Vrep                                                
  DelSqG = Laplacian of G                                                      
  DelSqK = Laplacian of K                                                      
  Stress_EigVals = Eigenvalues of Stress Tensor, Ascending Order               
  Stress_EigVecs = Eigenvectors of Stress Tensor                               
  -DivStress = Ehrenfest Force Density = Minus Divergence of Stress Tensor     
  ESP = Total Electrostatic Potential                                          
  ESPe = Electrostatic Potential from Electrons                                
  ESPn = Electrostatic Potential from Nuclei                                   
  BP = Bond Path                                                               
  BPL = Bond Path Length                                                       
  GBL = Geometric Bond Length                                                  
  GBL_I = Distance Between Nuclear Attractors                                  
  GBL_II = Distance Between Nuclei                                             
  GBL_III = Sum of Distances Between BCP and Nuclear Attractors                
  GBL_IV = Sum of Distances Between BCP and Nuclei                             

CP# 1      Coords = -5.08323270584720E+00  2.74091141065657E+00  2.62080093786013E-02
           Type = (3,-3) NACP O1
           Rho =  2.8994983700E+02     Rho at Nucleus =  2.8994980667E+02
           GradRho =  1.0711609377E-10 -4.4744097316E-11  1.0619838342E-12
           HessRho_EigVals = -6.3928745165E+05 -6.3927141142E+05 -6.3927085105E+05
           HessRho_EigVec1 =  3.4881089414E-01  9.3466446072E-01 -6.8799026208E-02
           HessRho_EigVec2 =  9.3580268099E-01 -3.5135097569E-01 -2.8737330008E-02
           HessRho_EigVec3 =  5.1032366039E-02  5.4358419400E-02  9.9721655615E-01
           DelSqRho = -1.9178297141E+06
           Bond Ellipticity = NA
           V = -4.7955095882E+05
           G =  4.6765144966E+01
           K =  4.7950419367E+05
           L =  4.7945742853E+05
           Vnuc =  8.2131670332E+05
           Ven = -2.3814064425E+08
           Vrep =  2.3766109329E+08
           DelSqV =  1.9776779870E+10
           DelSqVen =  1.5751455790E+12
           DelSqVrep = -1.5553687986E+12
           DelSqG =  1.0573946886E+09
           DelSqK = -2.0834174559E+10
           Stress_EigVals = -1.5985170037E+05 -1.5985139491E+05 -1.5984786354E+05
           Stress_EigVec1 =  5.2658027286E-02  5.3740727676E-02  9.9716551603E-01
           Stress_EigVec2 =  9.3637513155E-01 -3.4966420606E-01 -3.0603202638E-02
           Stress_EigVec3 =  3.4702845010E-01  9.3533249553E-01 -6.8734108251E-02
           -DivStress = -5.8265596964E+04  2.3029625898E+04  1.9348256141E+03
           ESP =  -2.2234408114E+01     ESP at Nucleus =  -2.2234409263E+01
           ESPe = -3.6317044479E+01     ESPe at Nucleus = -3.6317022299E+01
           ESPn =  1.4082636365E+01     ESPn at Nucleus =  1.4082613036E+01

CP# 2      Coords = -1.84004433529892E+00  7.32870401049440E-02 -8.13119043878133E-03
           Type = (3,-3) NACP C2
           Rho =  1.1760258311E+02     Rho at Nucleus =  1.1760258095E+02
           GradRho = -1.4025780537E-11 -6.7790217884E-13  1.0430545316E-13
           HessRho_EigVals = -1.4489644976E+05 -1.4489508654E+05 -1.4489488739E+05
           HessRho_EigVec1 = -5.0384857203E-01  8.6359443732E-01 -1.8473340115E-02
           HessRho_EigVec2 =  5.6118021301E-02  5.4067219446E-02  9.9695912828E-01
           HessRho_EigVec3 =  8.6196715955E-01  5.0127974586E-01 -7.5704902340E-02
           DelSqRho = -4.3468642369E+05
           Bond Ellipticity = NA
           V = -1.0868186468E+05
           G =  5.1293797746E+00
           K =  1.0867673530E+05
           L =  1.0867160592E+05
           Vnuc =  1.0986575104E+06
           Ven = -1.2920496118E+08
           Vrep =  1.2909627931E+08
           DelSqV =  2.4933770574E+09
           DelSqVen =  4.7757150669E+11
           DelSqVrep = -4.7507813014E+11
           DelSqG =  1.3391449015E+08
           DelSqK = -2.6272915476E+09
           Stress_EigVals = -3.6227544679E+04 -3.6227203224E+04 -3.6227116779E+04
           Stress_EigVec1 =  8.8775006226E-01  4.5452062679E-01 -7.2875419650E-02
           Stress_EigVec2 =  5.4914583889E-02  5.2613542848E-02  9.9710390812E-01
           Stress_EigVec3 = -4.5703852731E-01  8.8918097985E-01 -2.1747864849E-02
           -DivStress = -2.6225050339E+03  3.5622422622E+03 -4.7965716258E+01
           ESP =  -1.4684408875E+01     ESP at Nucleus =  -1.4684409049E+01
           ESPe = -3.4839585157E+01     ESPe at Nucleus = -3.4839579859E+01
           ESPn =  2.0155176283E+01     ESPn at Nucleus =  2.0155170810E+01

CP# 3      Coords =  6.40930054699361E+00  1.19159777530273E+00 -9.82164686921053E-01
           Type = (3,-3) NACP C3
           Rho =  1.1769233595E+02     Rho at Nucleus =  1.1769233590E+02
           GradRho = -4.6014490829E-11 -4.2983019921E-11 -1.1006703882E-10
           HessRho_EigVals = -1.4502596864E+05 -1.4502483745E+05 -1.4502465467E+05
           HessRho_EigVec1 =  7.3550609951E-01 -6.2829611369E-01  2.5352469527E-01
           HessRho_EigVec2 =  5.7236139996E-01  3.7597700699E-01 -7.2872746487E-01
           HessRho_EigVec3 =  3.6253717799E-01  6.8109124480E-01  6.3614582513E-01
           DelSqRho = -4.3507546076E+05
           Bond Ellipticity = NA
           V = -1.0877905874E+05
           G =  5.0967753584E+00
           K =  1.0877396197E+05
           L =  1.0876886519E+05
           Vnuc =  7.4093138000E+06
           Ven = -8.7201944888E+08
           Vrep =  8.7191066982E+08
           DelSqV =  2.4956198952E+09
           DelSqVen =  3.2236101960E+12
           DelSqVrep = -3.2211145761E+12
           DelSqG =  1.3405359307E+08
           DelSqK = -2.6296734883E+09
           Stress_EigVals = -3.6259951383E+04 -3.6259841609E+04 -3.6259265748E+04
           Stress_EigVec1 =  2.9943334551E-01  6.4032441048E-01  7.0733607354E-01
           Stress_EigVec2 =  6.0859911152E-01  4.4276736151E-01 -6.5845590972E-01
           Stress_EigVec3 =  7.3481071920E-01 -6.2764776182E-01  2.5712155496E-01
           -DivStress =  9.0413038623E+01  2.1491170689E+02  6.1474594274E+02
           ESP =  -1.4744398391E+01     ESP at Nucleus =  -1.4744398402E+01
           ESPe = -2.6884034375E+01     ESPe at Nucleus = -2.6884034923E+01
           ESPn =  1.2139635983E+01     ESPn at Nucleus =  1.2139636521E+01

CP# 4      Coords = -2.91191116752903E+00  4.11995732650416E+00 -1.65599101985988E-01
           Type = (3,-3) NACP C4
           Rho =  1.1761699247E+02     Rho at Nucleus =  1.1761698924E+02
           GradRho =  7.5427442070E-12  5.8244520318E-12 -7.9993997537E-13
           HessRho_EigVals = -1.4491275678E+05 -1.4491131734E+05 -1.4491080020E+05
           HessRho_EigVec1 =  8.3669558799E-01  5.4259951033E-01 -7.4338848755E-02
           HessRho_EigVec2 =  5.4561677692E-02  5.2477040627E-02  9.9713047468E-01
           HessRho_EigVec3 = -5.4494359008E-01  8.3835072112E-01 -1.4302168765E-02
           DelSqRho = -4.3473487433E+05
           Bond Ellipticity = NA
           V = -1.0869394348E+05
           G =  5.1124480182E+00
           K =  1.0868883103E+05
           L =  1.0868371858E+05
           Vnuc =  8.9839692520E+05
           Ven = -1.0566674438E+08
           Vrep =  1.0555805044E+08
           DelSqV =  2.4936514232E+09
           DelSqVen =  3.9056447437E+11
           DelSqVrep = -3.8807082243E+11
           DelSqG =  1.3392804645E+08
           DelSqK = -2.6275794697E+09
           Stress_EigVals = -3.6231720913E+04 -3.6231193756E+04 -3.6231028808E+04
           Stress_EigVec1 = -5.2318938064E-01  8.5204746392E-01 -1.6970304155E-02
           Stress_EigVec2 =  5.3771172230E-02  5.2877902926E-02  9.9715223934E-01
           Stress_EigVec3 =  8.5051839076E-01  5.2078694935E-01 -7.3480748212E-02
           -DivStress =  4.9027196223E+03  2.2669227214E+03 -3.8759343632E+02
           ESP =  -1.4679253526E+01     ESP at Nucleus =  -1.4679253728E+01
           ESPe = -3.0056874275E+01     ESPe at Nucleus = -3.0056868659E+01
           ESPn =  1.5377620749E+01     ESPn at Nucleus =  1.5377614931E+01

CP# 5      Coords =  6.99588125453516E+00  2.69063120628906E+00  9.53882622038194E-01
           Type = (3,-3) NACP C5
           Rho =  1.1768058350E+02     Rho at Nucleus =  1.1768058343E+02
           GradRho = -1.8124924304E-11  1.5475313045E-10  1.6162783351E-10
           HessRho_EigVals = -1.4500860068E+05 -1.4500755320E+05 -1.4500734301E+05
           HessRho_EigVec1 =  7.4017493434E-01 -6.2023050929E-01  2.5972135438E-01
           HessRho_EigVec2 =  6.3632140000E-01  5.2124068675E-01 -5.6868552151E-01
           HessRho_EigVec3 =  2.1733877351E-01  5.8619302437E-01  7.8047523709E-01
           DelSqRho = -4.3502349689E+05
           Bond Ellipticity = NA
           V = -1.0876605881E+05
           G =  5.0922939404E+00
           K =  1.0876096652E+05
           L =  1.0875587422E+05
           Vnuc =  5.9816335622E+06
           Ven = -7.0392212791E+08
           Vrep =  7.0381336185E+08
           DelSqV =  2.4953198859E+09
           DelSqVen =  2.6021513789E+12
           DelSqVrep = -2.5996559935E+12
           DelSqG =  1.3403482468E+08
           DelSqK = -2.6293547106E+09
           Stress_EigVals = -3.6255618213E+04 -3.6255496168E+04 -3.6254944429E+04
           Stress_EigVec1 =  2.2634166273E-01  5.9028055561E-01  7.7481502140E-01
           Stress_EigVec2 =  6.3490138165E-01  5.1385044808E-01 -5.7693843051E-01
           Stress_EigVec3 =  7.3869458323E-01 -6.2251633126E-01  2.5846417550E-01
           -DivStress = -1.5901954004E+02 -5.2416595095E+02 -6.0286452574E+02
           ESP =  -1.4742249289E+01     ESP at Nucleus =  -1.4742249304E+01
           ESPe = -2.5991828135E+01     ESPe at Nucleus = -2.5991829344E+01
           ESPn =  1.1249578846E+01     ESPn at Nucleus =  1.1249580040E+01

CP# 6      Coords = -8.50068021184181E-01  2.58609462032036E+00 -1.96144284855990E-01
           Type = (3,-3) NACP C6
           Rho =  1.1763690839E+02     Rho at Nucleus =  1.1763690829E+02
           GradRho = -1.6031009853E-10 -3.0127986217E-10  2.5020700789E-11
           HessRho_EigVals = -1.4495202475E+05 -1.4495181408E+05 -1.4495138845E+05
           HessRho_EigVec1 =  5.4379423361E-02  5.5858409390E-02  9.9695672745E-01
           HessRho_EigVec2 =  8.9483999829E-02  9.9414408605E-01 -6.0581762477E-02
           HessRho_EigVec3 =  9.9450263554E-01 -9.2506076938E-02 -4.9062548241E-02
           DelSqRho = -4.3485522727E+05
           Bond Ellipticity = NA
           V = -1.0872424757E+05
           G =  5.2203747146E+00
           K =  1.0871902719E+05
           L =  1.0871380682E+05
           Vnuc =  5.0297051478E+06
           Ven = -5.9167896370E+08
           Vrep =  5.9157023945E+08
           DelSqV =  2.4943596793E+09
           DelSqVen =  2.1871933522E+12
           DelSqVrep = -2.1846989925E+12
           DelSqG =  1.3398062772E+08
           DelSqK = -2.6283403070E+09
           Stress_EigVals = -3.6241670728E+04 -3.6241441823E+04 -3.6241135017E+04
           Stress_EigVec1 =  9.9840952369E-01 -1.7629251738E-02 -5.3550280013E-02
           Stress_EigVec2 =  1.4698753362E-02  9.9839828085E-01 -5.4633501159E-02
           Stress_EigVec3 =  5.4427655250E-02  5.3759485511E-02  9.9706948006E-01
           -DivStress =  4.4354696835E+02  8.6115042088E+02 -6.9288544183E+01
           ESP =  -1.4729141471E+01     ESP at Nucleus =  -1.4729141474E+01
           ESPe = -3.1761108208E+01     ESPe at Nucleus = -3.1761106090E+01
           ESPn =  1.7031966737E+01     ESPn at Nucleus =  1.7031964616E+01

CP# 7      Coords = -4.40081854706250E+00  2.60610861386844E-01  1.21362806363402E-01
           Type = (3,-3) NACP C7
           Rho =  1.1760835787E+02     Rho at Nucleus =  1.1760835487E+02
           GradRho =  2.4636903628E-11 -5.0820458952E-13 -8.2737029033E-13
           HessRho_EigVals = -1.4490258817E+05 -1.4490099797E+05 -1.4490074028E+05
           HessRho_EigVec1 = -3.0402884802E-01  9.5204732508E-01 -3.4239602410E-02
           HessRho_EigVec2 =  5.4952047901E-02  5.3406939880E-02  9.9705966281E-01
           HessRho_EigVec3 =  9.5107661731E-01  3.0125336442E-01 -6.8554200620E-02
           DelSqRho = -4.3470432642E+05
           Bond Ellipticity = NA
           V = -1.0868636744E+05
           G =  5.1429162216E+00
           K =  1.0868122452E+05
           L =  1.0867608160E+05
           Vnuc =  9.3251776314E+05
           Ven = -1.0967188281E+08
           Vrep =  1.0956319644E+08
           DelSqV =  2.4934782536E+09
           DelSqVen =  4.0536950477E+11
           DelSqVrep = -4.0287602651E+11
           DelSqG =  1.3391917690E+08
           DelSqK = -2.6273974305E+09
           Stress_EigVals = -3.6229162313E+04 -3.6228699895E+04 -3.6228505229E+04
           Stress_EigVec1 =  9.4464310428E-01  3.2083376669E-01 -6.8666583437E-02
           Stress_EigVec2 =  5.4398954788E-02  5.3235651528E-02  9.9709915210E-01
           Stress_EigVec3 = -3.2355858704E-01  9.4563822869E-01 -3.2835669549E-02
           -DivStress =  1.7641379838E+03 -4.9084889488E+03  1.6531920218E+02
           ESP =  -1.4678642072E+01     ESP at Nucleus =  -1.4678642256E+01
           ESPe = -3.1594832252E+01     ESPe at Nucleus = -3.1594831625E+01
           ESPn =  1.6916190180E+01     ESPn at Nucleus =  1.6916189370E+01

CP# 8      Coords =  7.25114159923079E+00  1.43069708285039E+00 -2.80353304593576E+00
           Type = (3,-3) NACP H8
           Rho =  4.2561736773E-01     Rho at Nucleus =  4.2193845130E-01
           GradRho = -6.7394478886E-11 -1.9179453165E-11  1.4560731093E-10
           HessRho_EigVals = -6.4803241658E+00 -6.4741843599E+00 -5.8815133110E+00
           HessRho_EigVec1 =  5.2990097045E-01  7.7359577658E-01  3.4749753377E-01
           HessRho_EigVec2 =  7.3833071247E-01 -6.2241823738E-01  2.5973697618E-01
           HessRho_EigVec3 = -4.1722023026E-01 -1.1893322596E-01  9.0098954890E-01
           DelSqRho = -1.8836021837E+01
           Bond Ellipticity = NA
           V = -4.7179812444E+00
           G =  4.4878925941E-03
           K =  4.7134933518E+00
           L =  4.7090054592E+00
           Vnuc =  4.1036822329E+01
           Ven = -1.7465984299E+01
           Vrep =  1.2748003055E+01
           DelSqV =  7.0926432416E+02
           DelSqVen =  7.7297048176E+02
           DelSqVrep = -6.3706157601E+01
           DelSqG =  6.9799132154E+01
           DelSqK = -7.7906345632E+02
           Stress_EigVals = -1.6233970735E+00 -1.6226085462E+00 -1.4719756247E+00
           Stress_EigVec1 =  5.3784888852E-01  7.6772678607E-01  3.4830181606E-01
           Stress_EigVec2 =  7.3315514718E-01 -6.2991158315E-01  2.5631021746E-01
           Stress_EigVec3 = -4.1617556785E-01 -1.1750310364E-01  9.0166008970E-01
           -DivStress =  3.2857664683E+00  9.3278430768E-01 -7.1063210275E+00
           ESP =  -1.1090409324E+00     ESP at Nucleus =  -1.1114862473E+00
           ESPe = -1.3499436723E+01     ESPe at Nucleus = -1.3418492557E+01
           ESPn =  1.2390395791E+01     ESPn at Nucleus =  1.2307006310E+01

CP# 9      Coords =  8.33440557787910E+00  4.19365652578941E+00  7.76579407409540E-01
           Type = (3,-3) NACP H9
           Rho =  4.2563647591E-01     Rho at Nucleus =  4.2195585433E-01
           GradRho = -1.6740081543E-15 -3.0392355299E-15  3.4174052477E-16
           HessRho_EigVals = -6.4800374082E+00 -6.4735882556E+00 -5.8808562134E+00
           HessRho_EigVec1 = -1.3327028265E-01  2.3467324206E-01  9.6289537397E-01
           HessRho_EigVec2 =  7.3675290783E-01 -6.2638500676E-01  2.5463105880E-01
           HessRho_EigVec3 =  6.6289832144E-01  7.4335071989E-01 -8.9417686580E-02
           DelSqRho = -1.8834481877E+01
           Bond Ellipticity = NA
           V = -4.7176375833E+00
           G =  4.5085570125E-03
           K =  4.7131290263E+00
           L =  4.7086204693E+00
           Vnuc =  4.0026593215E+01
           Ven = -1.7036778078E+01
           Vrep =  1.2319140495E+01
           DelSqV =  7.0919271224E+02
           DelSqVen =  7.5388014451E+02
           DelSqVrep = -4.4687432263E+01
           DelSqG =  6.9785353448E+01
           DelSqK = -7.7897806569E+02
           Stress_EigVals = -1.6232824007E+00 -1.6225427268E+00 -1.4718124558E+00
           Stress_EigVec1 = -1.3550480356E-01  2.3421867490E-01  9.6269416771E-01
           Stress_EigVec2 =  7.3664875424E-01 -6.2595757194E-01  2.5597994259E-01
           Stress_EigVec3 =  6.6256098670E-01  7.4385397119E-01 -8.7716637260E-02
           -DivStress =  5.2264635728E+00  5.8635004224E+00 -7.0269818750E-01
           ESP =  -1.1080430296E+00     ESP at Nucleus =  -1.1104886479E+00
           ESPe = -1.2496219531E+01     ESPe at Nucleus = -1.2415670770E+01
           ESPn =  1.1388176501E+01     ESPn at Nucleus =  1.1305182122E+01

CP# 10     Coords =  6.16220407352679E+00  2.44571280757742E+00  2.77787854009391E+00
           Type = (3,-3) NACP H10
           Rho =  4.2520552822E-01     Rho at Nucleus =  4.2151323960E-01
           GradRho =  8.9343570736E-11  2.6716091145E-11 -1.9490029902E-10
           HessRho_EigVals = -6.4724285709E+00 -6.4658604583E+00 -5.8725306228E+00
           HessRho_EigVec1 =  5.3522293340E-01  7.6859756273E-01  3.5042003100E-01
           HessRho_EigVec2 =  7.3661381363E-01 -6.2771973723E-01  2.5173005593E-01
           HessRho_EigVec3 = -4.1344467723E-01 -1.2339253645E-01  9.0212958095E-01
           DelSqRho = -1.8810819652E+01
           Bond Ellipticity = NA
           V = -4.7117300744E+00
           G =  4.5125806767E-03
           K =  4.7072174937E+00
           L =  4.7027049130E+00
           Vnuc =  4.1458082073E+01
           Ven = -1.7628205687E+01
           Vrep =  1.2916475613E+01
           DelSqV =  7.0822511107E+02
           DelSqVen =  7.7986050535E+02
           DelSqVrep = -7.1635394288E+01
           DelSqG =  6.9682044361E+01
           DelSqK = -7.7790715543E+02
           Stress_EigVals = -1.6213667034E+00 -1.6206372897E+00 -1.4697260812E+00
           Stress_EigVec1 =  5.3160191706E-01  7.7249317488E-01  3.4735240973E-01
           Stress_EigVec2 =  7.3975704384E-01 -6.2318391965E-01  2.5377414837E-01
           Stress_EigVec3 = -4.1250323377E-01 -1.2204956802E-01  9.0274303380E-01
           -DivStress = -3.2623012546E+00 -9.7377619518E-01  7.1218809275E+00
           ESP =  -1.1083904388E+00     ESP at Nucleus =  -1.1108432689E+00
           ESPe = -1.3991865873E+01     ESPe at Nucleus = -1.3931033928E+01
           ESPn =  1.2883475435E+01     ESPn at Nucleus =  1.2820190659E+01

CP# 11     Coords =  1.07843778778016E+00  3.11832371726801E+00 -3.30656907847642E-01
           Type = (3,-3) NACP H11
           Rho =  4.1837001344E-01     Rho at Nucleus =  4.1437375768E-01
           GradRho = -1.3183898417E-16 -2.7321894747E-16  4.8572257327E-17
           HessRho_EigVals = -6.3649425722E+00 -6.3594510624E+00 -5.7399562448E+00
           HessRho_EigVec1 = -2.6801999310E-01  9.6273391778E-01 -3.6175777181E-02
           HessRho_EigVec2 =  5.5065767504E-02  5.2796606427E-02  9.9708589379E-01
           HessRho_EigVec3 =  9.6183836716E-01  2.6524690744E-01 -6.7164228175E-02
           DelSqRho = -1.8464349879E+01
           Bond Ellipticity = NA
           V = -4.6250956922E+00
           G =  4.5041111653E-03
           K =  4.6205915810E+00
           L =  4.6160874698E+00
           Vnuc =  4.3983975241E+01
           Ven = -1.8401576313E+01
           Vrep =  1.3776480621E+01
           DelSqV =  6.9377724299E+02
           DelSqVen =  8.1213550795E+02
           DelSqVrep = -1.1835826495E+02
           DelSqG =  6.8259203118E+01
           DelSqK = -7.6203644611E+02
           Stress_EigVals = -1.5943181061E+00 -1.5942311646E+00 -1.4365464215E+00
           Stress_EigVec1 =  5.1413317937E-02  6.5881718663E-02  9.9650201700E-01
           Stress_EigVec2 = -2.6821701191E-01  9.6207217383E-01 -4.9767126342E-02
           Stress_EigVec3 =  9.6198560554E-01  2.6472010028E-01 -6.7133920270E-02
           -DivStress =  7.8426011589E+00  2.1415327337E+00 -5.4654399956E-01
           ESP =  -1.0801943516E+00     ESP at Nucleus =  -1.0829622830E+00
           ESPe = -1.7870761116E+01     ESPe at Nucleus = -1.7782803843E+01
           ESPn =  1.6790566764E+01     ESPn at Nucleus =  1.6699841560E+01

CP# 12     Coords =  5.06664331870560E+00 -3.05257199392289E-01 -7.99449880592755E-01
           Type = (3,-3) NACP H12
           Rho =  4.2357403037E-01     Rho at Nucleus =  4.1978069655E-01
           GradRho =  4.2865017091E-15  1.7329887525E-15 -3.5388358910E-16
           HessRho_EigVals = -6.4436464288E+00 -6.4371325420E+00 -5.8356302489E+00
           HessRho_EigVec1 = -1.3496719891E-01  2.4129754567E-01  9.6101995280E-01
           HessRho_EigVec2 =  7.3386209878E-01 -6.2733193547E-01  2.6057832356E-01
           HessRho_EigVec3 =  6.6575541694E-01  7.4042564596E-01 -9.2409889180E-02
           DelSqRho = -1.8716409220E+01
           Bond Ellipticity = NA
           V = -4.6884208684E+00
           G =  4.6592817385E-03
           K =  4.6837615867E+00
           L =  4.6791023049E+00
           Vnuc =  4.3548252684E+01
           Ven = -1.8445908905E+01
           Vrep =  1.3757488037E+01
           DelSqV =  7.0415783507E+02
           DelSqVen =  8.1506691804E+02
           DelSqVrep = -1.1090908298E+02
           DelSqG =  6.9261218187E+01
           DelSqK = -7.7341905325E+02
           Stress_EigVals = -1.6141623917E+00 -1.6134223617E+00 -1.4608361150E+00
           Stress_EigVec1 = -1.3684120824E-01  2.4051547855E-01  9.6095098122E-01
           Stress_EigVec2 =  7.3388876999E-01 -6.2694820013E-01  2.6142537682E-01
           Stress_EigVec3 =  6.6534333770E-01  7.4100489805E-01 -9.0719259506E-02
           -DivStress = -5.3145884415E+00 -5.9118172613E+00  7.3501674918E-01
           ESP =  -1.1105103708E+00     ESP at Nucleus =  -1.1130053378E+00
           ESPe = -1.6543481679E+01     ESPe at Nucleus = -1.6521979843E+01
           ESPn =  1.5432971308E+01     ESPn at Nucleus =  1.5408974505E+01

CP# 13     Coords = -3.15231438714178E+00  6.10551953377489E+00 -2.59375772397775E-01
           Type = (3,-3) NACP H13
           Rho =  4.2484701979E-01     Rho at Nucleus =  4.2071621725E-01
           GradRho = -4.5840067853E-16 -2.7755575616E-16 -3.0357660830E-17
           HessRho_EigVals = -6.4721401367E+00 -6.4607531409E+00 -5.8197332162E+00
           HessRho_EigVec1 =  9.9204072990E-01  1.1075805573E-01 -5.9898608569E-02
           HessRho_EigVec2 =  5.4208157255E-02  5.3696273766E-02  9.9708484387E-01
           HessRho_EigVec3 = -1.1365151079E-01  9.9239576948E-01 -4.7264900518E-02
           DelSqRho = -1.8752626494E+01
           Bond Ellipticity = NA
           V = -4.6963051259E+00
           G =  4.0742512173E-03
           K =  4.6922308747E+00
           L =  4.6881566235E+00
           Vnuc =  4.0832243473E+01
           Ven = -1.7347456951E+01
           Vrep =  1.2651151825E+01
           DelSqV =  7.0418781555E+02
           DelSqVen =  7.6571181076E+02
           DelSqVrep = -6.1523995214E+01
           DelSqG =  6.9322746363E+01
           DelSqK = -7.7351056191E+02
           Stress_EigVals = -1.6202240259E+00 -1.6199136043E+00 -1.4561674957E+00
           Stress_EigVec1 =  9.9217508708E-01  1.0971426564E-01 -5.9593426637E-02
           Stress_EigVec2 =  5.3955071330E-02  5.3664355492E-02  9.9710028945E-01
           Stress_EigVec3 = -1.1259416886E-01  9.9251343410E-01 -4.7324795555E-02
           -DivStress = -9.6311327057E-01  8.2837596052E+00 -3.9377297879E-01
           ESP =  -1.0677197496E+00     ESP at Nucleus =  -1.0705205038E+00
           ESPe = -1.4959809282E+01     ESPe at Nucleus = -1.4851961034E+01
           ESPn =  1.3892089533E+01     ESPn at Nucleus =  1.3781440530E+01

CP# 14     Coords = -5.87652608330827E+00 -1.08042435682592E+00  2.73326429926258E-01
           Type = (3,-3) NACP H14
           Rho =  4.2315266680E-01     Rho at Nucleus =  4.1896794358E-01
           GradRho =  7.8588394473E-15  7.9068696035E-15 -8.0133382568E-16
           HessRho_EigVals = -6.4414082588E+00 -6.4299900575E+00 -5.7854040414E+00
           HessRho_EigVec1 = -6.7745691877E-01  7.3555889769E-01 -2.2871902960E-03
           HessRho_EigVec2 =  5.4354809350E-02  5.3161768299E-02  9.9710550149E-01
           HessRho_EigVec3 =  7.3355141463E-01  6.7537170093E-01 -7.5995971398E-02
           DelSqRho = -1.8656802358E+01
           Bond Ellipticity = NA
           V = -4.6724309201E+00
           G =  4.1151652951E-03
           K =  4.6683157548E+00
           L =  4.6642005895E+00
           Vnuc =  4.2248109613E+01
           Ven = -1.7877400250E+01
           Vrep =  1.3204969330E+01
           DelSqV =  7.0026290269E+02
           DelSqVen =  7.8821463104E+02
           DelSqVrep = -8.7951728358E+01
           DelSqG =  6.8896349105E+01
           DelSqK = -7.6915925179E+02
           Stress_EigVals = -1.6125094483E+00 -1.6123983123E+00 -1.4475231595E+00
           Stress_EigVec1 = -6.7841018001E-01  7.3467364860E-01 -3.7759375534E-03
           Stress_EigVec2 =  5.3280962760E-02  5.4325260990E-02  9.9710074969E-01
           Stress_EigVec3 =  7.3274877459E-01  6.7624211350E-01 -7.5998929400E-02
           -DivStress = -6.1572161003E+00 -5.6538426180E+00  6.3707452889E-01
           ESP =  -1.0646591858E+00     ESP at Nucleus =  -1.0675043980E+00
           ESPe = -1.6618186599E+01     ESPe at Nucleus = -1.6505968476E+01
           ESPn =  1.5553527413E+01     ESPn at Nucleus =  1.5438464078E+01

CP# 15     Coords =  3.95637782000826E-02 -2.95398018611403E+00  5.19264904026798E-02
           Type = (3,-3) NACP Br15
           Rho =  2.8284651484E+04     Rho at Nucleus =  2.8284651482E+04
           GradRho =  2.5084219146E-09 -1.5876243253E-07  8.3506512816E-09
           HessRho_EigVals = -2.7949646389E+09 -2.7949599401E+09 -2.7949598244E+09
           HessRho_EigVec1 = -5.3351808593E-01  8.4563661287E-01 -1.6036550719E-02
           HessRho_EigVec2 =  8.3319120090E-01  5.2221695745E-01 -1.8188422715E-01
           HessRho_EigVec3 =  1.4543340306E-01  1.1040003768E-01  9.8318917659E-01
           DelSqRho = -8.3848844034E+09
           Bond Ellipticity = NA
           V = -2.0981669993E+09
           G =  9.7294920554E+05
           K =  2.0971940501E+09
           L =  2.0962211009E+09
           Vnuc =  1.0822187020E+09
           Ven = -3.0610178815E+13
           Vrep =  3.0608080648E+13
           DelSqV =  8.5637970025E+15
           DelSqVen =  9.0742782601E+18
           DelSqVrep = -9.0657144631E+18
           DelSqG =  2.0803237759E+14
           DelSqK = -8.7718293801E+15
           Stress_EigVals = -6.9938940993E+08 -6.9938939013E+08 -6.9938819921E+08
           Stress_EigVec1 =  1.6233980139E-01  1.2120764466E-01  9.7926222012E-01
           Stress_EigVec2 =  8.2889305530E-01  5.2167021922E-01 -2.0198139830E-01
           Stress_EigVec3 = -5.3533362660E-01  8.4449327366E-01 -1.5780335127E-02
           -DivStress =  6.1650030616E+07 -6.7348185309E+07 -1.1590404648E+06
           ESP =  -1.7525690874E+02     ESP at Nucleus =  -1.7525690874E+02
           ESPe = -1.8329860796E+02     ESPe at Nucleus = -1.8329860792E+02
           ESPn =  8.0416992156E+00     ESPn at Nucleus =  8.0416991811E+00

CP# 16     Coords = -1.28772939449673E+00  1.34252713865479E+00 -1.05930236067229E-01
           Type = (3,-1) BCP C6 C2
           Rho =  2.8739823777E-01
           GradRho = -5.2275891949E-15 -9.7276787320E-15  8.0935692176E-16
           HessRho_EigVals = -5.7766748932E-01 -4.8245993209E-01  3.4416888403E-01
           HessRho_EigVec1 =  9.3614815097E-01 -3.5009173774E-01 -3.2594702104E-02
           HessRho_EigVec2 =  5.4566396772E-02  5.3077818080E-02  9.9709841719E-01
           HessRho_EigVec3 =  3.4734586190E-01  9.3521041504E-01 -6.8791945921E-02
           DelSqRho = -7.1595853738E-01
           Bond Ellipticity =  1.9733774952E-01
           V = -3.5952994870E-01
           G =  9.0270157179E-02
           K =  2.6925979152E-01
           L =  1.7898963434E-01
           Vnuc =  2.4988348713E+01
           Ven = -7.1816073851E+00
           Vrep =  6.8220774364E+00
           DelSqV = -2.2529765599E+00
           DelSqVen =  1.7890621596E+01
           DelSqVrep = -2.0143598156E+01
           DelSqG =  1.2868612886E+00
           DelSqK =  9.6611527132E-01
           Stress_EigVals = -2.2520965102E-01 -2.0903012621E-01  7.4709828524E-02
           Stress_EigVec1 =  5.4533104596E-02  5.3116477272E-02  9.9709817989E-01
           Stress_EigVec2 =  9.3279103012E-01 -3.5900393554E-01 -3.1891509854E-02
           Stress_EigVec3 =  3.5626820604E-01  9.3182338139E-01 -6.9124172718E-02
           -DivStress =  9.0619378757E-04  8.6195456237E-02 -4.6288798154E-03
           ESP =   8.1648213335E-01
           ESPe = -2.4171866580E+01
           ESPn =  2.4988348713E+01
           BPL =  2.7111189789E+00 =  1.3214569060E+00 +  1.3896620728E+00                
           GBL_I =  2.7073241330E+00                                                      
           GBL_II =  2.7073224153E+00                                                     
           GBL_III =  2.7090733996E+00 =  1.3214182282E+00 +  1.3876551715E+00            
           GBL_IV =  2.7090718408E+00 =  1.3214194105E+00 +  1.3876524303E+00             

