AIMSum (Version 19.02.13, Professional)
Copyright (c) 1997-2019 by Todd A. Keith
AIMSum is a component of the AIMAll package ( http://aim.tkgristmill.com )

TP:  64-bit Linux

Much of the Quantum Theory of Atoms in Molecules (QTAIM) is described in the book:
  "Atoms in Molecules - A Quantum Theory"
  R.F.W. Bader, Oxford University Press, Oxford, 1990

For additional references see:  http://aim.tkgristmill.com/references.html

Wfn File:  /home/mhennefarth/Documents/ML_Diels/summary-pieniazek2006/r_1c-opt/r_1c-opt.wfn
Sum File:  /home/mhennefarth/Documents/ML_Diels/summary-pieniazek2006/r_1c-opt/r_1c-opt.sum

SumViz File:  /home/mhennefarth/Documents/ML_Diels/summary-pieniazek2006/r_1c-opt/r_1c-opt.sumviz

Wfn Title:   Title Card Required                                                           
 
Total memory allocated for AIMSum =        0.763 Megabytes

Atomic units (a.u.) used throughout, except where stated otherwise

Model:  Restricted SCF
 
Restricted, closed-shell, single-determinant wavefunction.
  Number of electrons (from MO Occs)                   =          68.0000000000
  Number of Alpha electrons (from MO Occs)             =          34.0000000000
  Number of Beta electrons (from MO Occs)              =          34.0000000000
  Number of electron pairs (N*(N-1)/2)                 =        2278.0000000000
  Number of electron pairs (from Muller 2EDM)          =        2278.0000000000
 
Nuclear Charges and Cartesian Coordinates:
-------------------------------------------------------------------------------
Atom      Charge                X                  Y                  Z
-------------------------------------------------------------------------------
H1         1.0           2.8063049500E+00   2.6419209000E+00  -2.7968265000E-01
C2         6.0           6.4918394900E+00  -1.5836382800E+00  -9.7721269000E-01
C3         6.0          -2.5895540900E+00   4.3512850000E-02   1.8574520000E-02
C4         6.0          -3.4488188800E+00   2.4665673300E+00   3.6206340000E-02
C5         6.0          -1.2228286200E+00   4.0134597000E+00  -9.1580450000E-02
C6         6.0           7.8348379000E-01   2.4111666500E+00  -1.7535738000E-01
O7         8.0          -3.1179220000E-02  -4.9598020000E-02  -1.0840561000E-01
C8         6.0           7.6526078900E+00  -5.6290652000E-01   1.0103825200E+00
Cl9       17.0          -4.1357434000E+00  -2.8111417800E+00   1.2565829000E-01
H10        1.0          -1.1485264900E+00   6.0549185900E+00  -1.1703878000E-01
H11        1.0          -5.3976124600E+00   3.0649482200E+00   1.2766628000E-01
H12        1.0           9.5292187700E+00   2.6312582000E-01   8.6788559000E-01
H13        1.0           7.3711281200E+00  -1.6328935100E+00  -2.8344869400E+00
H14        1.0           6.7799175800E+00  -5.2584389000E-01   2.8708588200E+00
H15        1.0           4.6162636700E+00  -2.4089521100E+00  -8.3022553000E-01
 
Some Atomic Properties:
----------------------
  q(A) = Net Charge of Atom A
  L(A) = Lagrangian of Atom A = -(1/4) Times Atomic Integral of the Laplacian of the Electron Density
  K(A) = Electronic Kinetic Energy of Atom A (Hamiltonian Form)
  K_Scaled(A) = K(A) * E(Mol)/K(Mol) = Approximation to Virial-Based Total Energy of Atom A.
  |Mu_Intra(A)| = Magnitude of Intraatomic Dipole Moment of Atom A
--------------------------------------------------------------------------------------------------
Atom A          q(A)              L(A)              K(A)          K_Scaled(A)      |Mu_Intra(A)|
--------------------------------------------------------------------------------------------------
H1        1.1441588387E-01  3.7676278882E-05  5.6778883100E-01 -5.7101403054E-01  1.3901689575E-01
C2       -8.5485096800E-02 -1.0082845892E-04  3.7697705075E+01 -3.7911838595E+01  1.0077787879E-01
C3        5.7433507220E-01 -1.1972987061E-05  3.7335517474E+01 -3.7547593668E+01  7.6886011374E-01
C4        1.0953183700E-02 -7.0126361934E-05  3.7696834113E+01 -3.7910962685E+01  2.9717976407E-01
C5       -1.6164128700E-02 -2.1306963820E-05  3.7711869343E+01 -3.7926083321E+01  2.3638050786E-01
C6        4.0353125940E-01 -5.3290252567E-05  3.7441529809E+01 -3.7654208181E+01  7.9594992625E-01
O7       -1.0965250108E+00  7.9747289528E-05  7.5286938017E+01 -7.5714588905E+01  2.0625690157E-01
C8       -8.8367480900E-02 -1.0553510314E-04  3.7695676161E+01 -3.7909798156E+01  8.9384960173E-02
Cl9      -1.5444205400E-01  3.3307574872E-06  4.5889612359E+02 -4.6150278206E+02  1.8141825613E-01
H10       7.2293032630E-02  2.0711731604E-05  5.8090876975E-01 -5.8420849421E-01  1.4391010378E-01
H11       8.2155738560E-02  1.3331025515E-05  5.7706302996E-01 -5.8034090955E-01  1.4254774230E-01
H12       3.9675657040E-02  2.4123381532E-05  5.9578863094E-01 -5.9917287719E-01  1.4719684515E-01
H13       4.0152012780E-02  2.0766231189E-05  5.9561232884E-01 -5.9899557364E-01  1.4685761967E-01
H14       4.2412718350E-02  2.2292702149E-05  5.9453500613E-01 -5.9791213143E-01  1.4662773798E-01
H15       6.0920938350E-02  1.1299723878E-05  5.8891330918E-01 -5.9225850167E-01  1.3493300809E-01
--------------------------------------------------------------------------------------------------
Total    -1.3827432000E-04 -1.2978100568E-04  7.6386280349E+02 -7.6820175809E+02
 
1st Largest |L(A)| = 1.0553510314E-04, atom C8      
2nd Largest |L(A)| = 1.0082845892E-04, atom C2      
 
Molecular charge q(Mol) from the wfn file:   0.0000000000E+00
Molecular energy E(Mol) from the wfn file:  -7.6820181127E+02
Molecular virial ratio (-V(Mol)/T(Mol)) from the wfn file:   2.0056802800E+00
Note.  K_Scaled(A) = (1+V(Mol)/T(Mol))*K(A) = (E(Mol)/T(Mol))*K(A)
       Only use K_Scaled(A) data with caution.
 
N_AIMInt(SumA)     =         68.000138
N_Analytic(Mol)    =         67.999990
 
G_AIMInt(SumA)     =        763.862933
G_Analytic(Mol)    =        763.862835
 
K_AIMInt(SumA)     =        763.862803
K_Analytic(Mol)    =        763.862835
 
L_AIMInt(SumA)     =         -0.000130
L_Analytic(Mol)    =          0.000000
 
VenT_AIMInt(SumA)  =      -2581.333837
VenT_Analytic(Mol) =      -2581.332026
 
Some Information About the Atomic Calculations:
----------------------------------------------
  Time(sec) = "Elapsed User Time", in Seconds, for Atom A by AIMInt and, if used, by TWOe
  NProc = Number of Processors Used for AIMInt Job
  BIM = Basin Integration Method
  OAQ = Angular Quadrature Outside of Beta Sphere
  ORQ = Multiple of Default for Radial Quadrature Outside of Beta Sphere
  IAQ = Multiple of Default for Angular Quadrature Inside of Beta Sphere
  IRQ = Multiple of Default for Radial Quadrature Inside of Beta Sphere
  MIR = Maximum Integration Radius
------------------------------------------------------------------------------------------------------
Atom A     Time(sec)   NProc      BIM          OAQ                     ORQ      IAQ      IRQ      MIR
------------------------------------------------------------------------------------------------------
H1             13        8     Proaim(5)    4500(GS4)                  1.00     1.00     1.00    13.00
C2             32        8     Proaim(5)    4500(GS4)                  1.00     1.00     1.00    13.00
C3             22        8     Proaim(5)    4500(GS4)                  1.00     1.00     1.00    13.00
C4             18        8     Proaim(5)    4500(GS4)                  1.00     1.00     1.00    13.00
C5             17        8     Proaim(5)    4500(GS4)                  1.00     1.00     1.00    13.00
C6             17        8     Proaim(5)    4500(GS4)                  1.00     1.00     1.00    13.00
O7             17        8     Proaim(5)    4500(GS4)                  1.00     1.00     1.00    13.00
C8             21        8     Proaim(5)    4500(GS4)                  1.00     1.00     1.00    13.00
Cl9            11        8     Proaim(5)    3150(GS4)                  1.00     1.00     1.00    13.00
H10             5        8     Proaim(5)    1800(GS4)                  1.00     1.00     1.00    13.00
H11             5        8     Proaim(5)    1800(GS4)                  1.00     1.00     1.00    13.00
H12             4        8     Proaim(5)    1800(GS4)                  1.00     1.00     1.00    13.00
H13             4        8     Proaim(5)    1800(GS4)                  1.00     1.00     1.00    13.00
H14             5        8     Proaim(5)    1800(GS4)                  1.00     1.00     1.00    13.00
H15            10        8     Proaim(5)    4500(GS4)                  1.00     1.00     1.00    13.00
------------------------------------------------------------------------------------------------------
Total         201
Note:  Total wall clock time is less than total of atomic times if more than one atom
       was calculated at a time
 
Electron Density Critical Point Analysis of Molecular Structure:               
---------------------------------------------------------------                
  NACP = Nuclear Attractor Critical Point                                      
  NNACP = Non-Nuclear Attractor Critical Point                                 
  BCP = Bond Critical Point                                                    
  RCP = Ring Critical Point                                                    
  CCP = Cage Critical Point                                                    
  Rho = Electron Density                                                       
  GradRho = Gradient of Electron Density                                       
  HessRho_EigVals = Eigenvalues of the Hessian of Rho, Ascending Order         
  HessRho_EigVecs = Eigenvectors of the Hessian of Rho                         
  DelSqRho = Laplacian of Rho = Trace of Hessian of Rho                        
  Bond Ellipticity = (HessRho_EigVal(1) / HessRho_EigVal(2)) - 1               
  V = Virial Field = Potential Energy Density = Trace of Stress Tensor         
  G = Lagrangian Form of Kinetic Energy Density                                
  K = Hamiltonian Form of Kinetic Energy Density                               
  L = K - G = Lagrangian Density = (-1/4)DelSqRho                              
  Vnuc = Electrostatic Potential from Nuclei                                   
  Ven = Electron-nuclear attractive contribution to Virial Field V             
  Vrep = V - Ven = Repulsive contribution to Virial Field V                    
  DelSqV = Laplacian of V                                                      
  DelSqVen = Laplacian of Ven                                                  
  DelSqVrep = Laplacian of Vrep                                                
  DelSqG = Laplacian of G                                                      
  DelSqK = Laplacian of K                                                      
  Stress_EigVals = Eigenvalues of Stress Tensor, Ascending Order               
  Stress_EigVecs = Eigenvectors of Stress Tensor                               
  -DivStress = Ehrenfest Force Density = Minus Divergence of Stress Tensor     
  ESP = Total Electrostatic Potential                                          
  ESPe = Electrostatic Potential from Electrons                                
  ESPn = Electrostatic Potential from Nuclei                                   
  BP = Bond Path                                                               
  BPL = Bond Path Length                                                       
  GBL = Geometric Bond Length                                                  
  GBL_I = Distance Between Nuclear Attractors                                  
  GBL_II = Distance Between Nuclei                                             
  GBL_III = Sum of Distances Between BCP and Nuclear Attractors                
  GBL_IV = Sum of Distances Between BCP and Nuclei                             

CP# 1      Coords =  2.76881871106039E+00  2.63760720195419E+00 -2.77748096752825E-01
           Type = (3,-3) NACP H1
           Rho =  4.2195893563E-01     Rho at Nucleus =  4.1772021547E-01
           GradRho = -4.3909933876E-16  4.9588154234E-16 -2.1074179728E-17
           HessRho_EigVals = -6.4180938251E+00 -6.4065399173E+00 -5.7573379977E+00
           HessRho_EigVec1 = -1.1769557408E-01  9.9304240259E-01 -3.8129377677E-03
           HessRho_EigVec2 =  5.0420817788E-02  9.8104686053E-03  9.9867987656E-01
           HessRho_EigVec3 =  9.9176887074E-01  1.1734794996E-01 -5.1224658771E-02
           DelSqRho = -1.8581971740E+01
           Bond Ellipticity = NA
           V = -4.6538640128E+00
           G =  4.1855388900E-03
           K =  4.6496784739E+00
           L =  4.6454929350E+00
           Vnuc =  3.9858269830E+01
           Ven = -1.6818553114E+01
           Vrep =  1.2164689101E+01
           DelSqV =  6.9710868318E+02
           DelSqVen =  7.4064524359E+02
           DelSqVrep = -4.3536560405E+01
           DelSqG =  6.8545945918E+01
           DelSqK = -7.6565462910E+02
           Stress_EigVals = -1.6066997468E+00 -1.6064381404E+00 -1.4407261256E+00
           Stress_EigVec1 = -1.1888314227E-01  9.9290685526E-01 -1.6659088854E-03
           Stress_EigVec2 =  5.0666114406E-02  7.7419811609E-03  9.9868563952E-01
           Stress_EigVec3 =  9.9161471517E-01  1.1864248184E-01 -5.1227123372E-02
           -DivStress =  8.3558672829E+00  9.6226215887E-01 -4.3116719886E-01
           ESP =  -1.0723418143E+00     ESP at Nucleus =  -1.0752201266E+00
           ESPe = -1.4463807291E+01     ESPe at Nucleus = -1.4374353375E+01
           ESPn =  1.3391465477E+01     ESPn at Nucleus =  1.3299133249E+01

CP# 2      Coords =  6.49183924489365E+00 -1.58363845977471E+00 -9.77213458889650E-01
           Type = (3,-3) NACP C2
           Rho =  1.1768742205E+02     Rho at Nucleus =  1.1768742200E+02
           GradRho = -9.7385207063E-11 -1.8969853754E-11 -1.1246573046E-10
           HessRho_EigVals = -1.4501859559E+05 -1.4501746429E+05 -1.4501728551E+05
           HessRho_EigVec1 = -4.0214561124E-01  8.9133445564E-01 -2.0928878506E-01
           HessRho_EigVec2 = -6.9892592485E-01 -1.5120160507E-01  6.9902834435E-01
           HessRho_EigVec3 =  5.9142324856E-01  4.2738853847E-01  6.8378182065E-01
           DelSqRho = -4.3505334539E+05
           Bond Ellipticity = NA
           V = -1.0877352910E+05
           G =  5.0963753216E+00
           K =  1.0876843272E+05
           L =  1.0876333635E+05
           Vnuc =  7.2569614475E+06
           Ven = -8.5405308469E+08
           Vrep =  8.5394431116E+08
           DelSqV =  2.4954921264E+09
           DelSqVen =  3.1571661292E+12
           DelSqVrep = -3.1546706370E+12
           DelSqG =  1.3404551464E+08
           DelSqK = -2.6295376410E+09
           Stress_EigVals = -3.6258107983E+04 -3.6257997952E+04 -3.6257423163E+04
           Stress_EigVec1 =  5.2756597257E-01  4.1768387126E-01  7.3973936510E-01
           Stress_EigVec2 = -7.4707692649E-01 -1.8642456844E-01  6.3806108343E-01
           Stress_EigVec3 = -4.0441341533E-01  8.8926152732E-01 -2.1369072402E-01
           -DivStress =  1.9802527788E+02  1.4669148047E+02  6.2439658424E+02
           ESP =  -1.4742710368E+01     ESP at Nucleus =  -1.4742710379E+01
           ESPe = -2.4395829510E+01     ESPe at Nucleus = -2.4395830105E+01
           ESPn =  9.6531191419E+00     ESPn at Nucleus =  9.6531197256E+00

CP# 3      Coords = -2.58955019002856E+00  4.35057071387138E-02  1.85743998483819E-02
           Type = (3,-3) NACP C3
           Rho =  1.1753944955E+02     Rho at Nucleus =  1.1753944476E+02
           GradRho =  1.0926779064E-11  2.8015046795E-13  2.2625418249E-13
           HessRho_EigVals = -1.4480357981E+05 -1.4480208311E+05 -1.4480121074E+05
           HessRho_EigVec1 =  8.8935338261E-01  4.5456002951E-01 -4.9251806244E-02
           HessRho_EigVec2 = -4.5448777669E-01  8.9065360399E-01  1.3304830979E-02
           HessRho_EigVec3 =  4.9914143097E-02  1.0551647482E-02  9.9869777263E-01
           DelSqRho = -4.3440687367E+05
           Bond Ellipticity = NA
           V = -1.0861184572E+05
           G =  5.0636520545E+00
           K =  1.0860678207E+05
           L =  1.0860171842E+05
           Vnuc =  7.3719951468E+05
           Ven = -8.6650025165E+07
           Vrep =  8.6541413319E+07
           DelSqV =  2.4917612841E+09
           DelSqVen =  3.2024453581E+11
           DelSqVrep = -3.1775277478E+11
           DelSqG =  1.3381313753E+08
           DelSqK = -2.6255744216E+09
           Stress_EigVals = -3.6204142660E+04 -3.6204035601E+04 -3.6203667460E+04
           Stress_EigVec1 = -3.8574136329E-01  9.2255171297E-01  1.0096412279E-02
           Stress_EigVec2 =  5.0125281369E-02  1.0028903716E-02  9.9869258396E-01
           Stress_EigVec3 =  9.2124429812E-01  3.8574312435E-01 -5.0111727182E-02
           -DivStress = -3.1597265325E+03  5.7864552253E+03  9.7346987620E+01
           ESP =  -1.4630061717E+01     ESP at Nucleus =  -1.4630062065E+01
           ESPe = -3.0410916940E+01     ESPe at Nucleus = -3.0410914385E+01
           ESPn =  1.5780855223E+01     ESPn at Nucleus =  1.5780852320E+01

CP# 4      Coords = -3.44881830879803E+00  2.46656700399621E+00  3.62063149839781E-02
           Type = (3,-3) NACP C4
           Rho =  1.1761238086E+02     Rho at Nucleus =  1.1761238083E+02
           GradRho =  7.6723985936E-11 -1.4406564815E-11 -2.5374491598E-12
           HessRho_EigVals = -1.4491887827E+05 -1.4491876277E+05 -1.4491848582E+05
           HessRho_EigVec1 =  5.0155845963E-02  8.6819493842E-03  9.9870366720E-01
           HessRho_EigVec2 =  1.3867975500E-01  9.9021483224E-01 -1.5572782992E-02
           HessRho_EigVec3 =  9.8906638638E-01 -1.3928104599E-01 -4.8461051982E-02
           DelSqRho = -4.3475612686E+05
           Bond Ellipticity = NA
           V = -1.0869947111E+05
           G =  5.2196959849E+00
           K =  1.0869425141E+05
           L =  1.0868903172E+05
           Vnuc =  9.1163231981E+06
           Ven = -1.0721924760E+09
           Vrep =  1.0720837765E+09
           DelSqV =  2.4937906533E+09
           DelSqVen =  3.9633782047E+12
           DelSqVrep = -3.9608844140E+12
           DelSqG =  1.3394737446E+08
           DelSqK = -2.6277380278E+09
           Stress_EigVals = -3.6233370498E+04 -3.6233194780E+04 -3.6232905829E+04
           Stress_EigVec1 =  9.3967054344E-01 -3.3928668131E-01 -4.3632759165E-02
           Stress_EigVec2 =  3.3839295312E-01  9.4062655924E-01 -2.6681179424E-02
           Stress_EigVec3 =  5.0094700944E-02  1.0306500143E-02  9.9869129214E-01
           -DivStress = -4.6942062901E+02  2.6229939100E+02  2.0665093728E+01
           ESP =  -1.4727200087E+01     ESP at Nucleus =  -1.4727200085E+01
           ESPe = -2.8081548158E+01     ESPe at Nucleus = -2.8081546895E+01
           ESPn =  1.3354348071E+01     ESPn at Nucleus =  1.3354346811E+01

CP# 5      Coords = -1.22282934913263E+00  4.01345948375038E+00 -9.15804092531311E-02
           Type = (3,-3) NACP C5
           Rho =  1.1762541045E+02     Rho at Nucleus =  1.1762541041E+02
           GradRho = -8.9090646565E-11  3.1842630591E-11  5.5247517343E-12
           HessRho_EigVals = -1.4493549386E+05 -1.4493513018E+05 -1.4493488957E+05
           HessRho_EigVec1 =  5.1382559686E-02  9.9436238110E-03  9.9862953937E-01
           HessRho_EigVec2 =  9.2666104663E-01  3.7236896510E-01 -5.1387337769E-02
           HessRho_EigVec3 = -3.7236962445E-01  9.2803150710E-01  9.9189017268E-03
           DelSqRho = -4.3480551360E+05
           Bond Ellipticity = NA
           V = -1.0871178168E+05
           G =  5.2016397381E+00
           K =  1.0870658004E+05
           L =  1.0870137840E+05
           Vnuc =  7.8780007316E+06
           Ven = -9.2665306960E+08
           Vrep =  9.2654435782E+08
           DelSqV =  2.4940727094E+09
           DelSqVen =  3.4253978993E+12
           DelSqVrep = -3.4229033023E+12
           DelSqG =  1.3396292939E+08
           DelSqK = -2.6280356388E+09
           Stress_EigVals = -3.6237490879E+04 -3.6237320216E+04 -3.6236970585E+04
           Stress_EigVec1 = -2.5341957677E-01  9.6735257116E-01  2.7424772561E-03
           Stress_EigVec2 =  9.6604308160E-01  2.5322217401E-01 -5.1374070159E-02
           Stress_EigVec3 =  5.0391294912E-02  1.0369843937E-02  9.9867571500E-01
           -DivStress =  5.9393977914E+02  1.8004157186E+02 -3.3183786920E+01
           ESP =  -1.4730151339E+01     ESP at Nucleus =  -1.4730151341E+01
           ESPe = -2.7465899714E+01     ESPe at Nucleus = -2.7465899353E+01
           ESPn =  1.2735748374E+01     ESPn at Nucleus =  1.2735748012E+01

CP# 6      Coords =  7.83482197514273E-01  2.41115973577373E+00 -1.75357226747226E-01
           Type = (3,-3) NACP C6
           Rho =  1.1762859178E+02     Rho at Nucleus =  1.1762858813E+02
           GradRho = -1.5397781012E-12  3.0121850048E-11 -8.2145314856E-13
           HessRho_EigVals = -1.4492886754E+05 -1.4492723642E+05 -1.4492670071E+05
           HessRho_EigVec1 =  3.1390736347E-01  9.4911376687E-01 -2.5401273480E-02
           HessRho_EigVec2 =  5.1361930613E-02  9.7392454453E-03  9.9863261472E-01
           HessRho_EigVec3 =  9.4806335191E-01 -3.1478278961E-01 -4.5691094578E-02
           DelSqRho = -4.3478280467E+05
           Bond Ellipticity = NA
           V = -1.0870591259E+05
           G =  5.1057102005E+00
           K =  1.0870080688E+05
           L =  1.0869570117E+05
           Vnuc =  8.4545301456E+05
           Ven = -9.9449447519E+07
           Vrep =  9.9340741607E+07
           DelSqV =  2.4939267387E+09
           DelSqVen =  3.6758843366E+11
           DelSqVrep = -3.6509450693E+11
           DelSqG =  1.3394443872E+08
           DelSqK = -2.6278711774E+09
           Stress_EigVals = -3.6235738752E+04 -3.6235200433E+04 -3.6234973402E+04
           Stress_EigVec1 =  9.5477776866E-01 -2.9387231370E-01 -4.5149481956E-02
           Stress_EigVec2 =  5.0259806216E-02  9.8570730008E-03  9.9868753371E-01
           Stress_EigVec3 =  2.9304157445E-01  9.5579385924E-01 -2.4181279704E-02
           -DivStress =  1.2942941360E+03  5.6056211064E+03 -1.2430464636E+02
           ESP =  -1.4684489172E+01     ESP at Nucleus =  -1.4684489401E+01
           ESPe = -2.8414135457E+01     ESPe at Nucleus = -2.8414125913E+01
           ESPn =  1.3729646285E+01     ESPn at Nucleus =  1.3729636512E+01

CP# 7      Coords = -3.11850840622353E-02 -4.95902857399969E-02 -1.08405400549933E-01
           Type = (3,-3) NACP O7
           Rho =  2.8997076131E+02     Rho at Nucleus =  2.8997073118E+02
           GradRho = -4.3998636521E-13 -1.4384119612E-12  4.1097603971E-12
           HessRho_EigVals = -6.3934646024E+05 -6.3933024255E+05 -6.3932883154E+05
           HessRho_EigVec1 =  8.3724629614E-01  5.4475050963E-01 -4.7597498494E-02
           HessRho_EigVec2 = -5.4422409126E-01  8.3858102695E-01  2.4535682728E-02
           HessRho_EigVec3 =  5.3280184837E-02  5.3612958766E-03  9.9856520989E-01
           DelSqRho = -1.9180055343E+06
           Bond Ellipticity = NA
           V = -4.7959500961E+05
           G =  4.6813013976E+01
           K =  4.7954819660E+05
           L =  4.7950138358E+05
           Vnuc =  8.2405618576E+05
           Ven = -2.3895219955E+08
           Vrep =  2.3847260454E+08
           DelSqV =  1.9778610524E+10
           DelSqVen =  1.5805443267E+12
           DelSqVrep = -1.5607657161E+12
           DelSqG =  1.0575147675E+09
           DelSqK = -2.0836125292E+10
           Stress_EigVals = -1.5986653749E+05 -1.5986602171E+05 -1.5986245041E+05
           Stress_EigVec1 =  5.2022227071E-02  7.2563405916E-03  9.9861956390E-01
           Stress_EigVec2 = -5.3834060793E-01  8.4244215030E-01  2.1922893329E-02
           Stress_EigVec3 =  8.4112013277E-01  5.3873794086E-01 -4.7732099643E-02
           -DivStress =  3.7740242913E+04 -4.9794055543E+04 -1.3481291300E+03
           ESP =  -2.2233302658E+01     ESP at Nucleus =  -2.2233303791E+01
           ESPe = -3.5939781501E+01     ESPe at Nucleus = -3.5939767260E+01
           ESPn =  1.3706478843E+01     ESPn at Nucleus =  1.3706463469E+01

CP# 8      Coords =  7.65260833353044E+00 -5.62906050450612E-01  1.01038327260769E+00
           Type = (3,-3) NACP C8
           Rho =  1.1768090654E+02     Rho at Nucleus =  1.1768090647E+02
           GradRho =  1.0788072883E-10  1.1004643738E-10  1.6625812242E-10
           HessRho_EigVals = -1.4500916736E+05 -1.4500811784E+05 -1.4500791106E+05
           HessRho_EigVec1 = -4.1443343508E-01  8.8332190814E-01 -2.1906011615E-01
           HessRho_EigVec2 =  7.9417441373E-01  2.3346906933E-01 -5.6105186413E-01
           HessRho_EigVec3 =  4.4444564175E-01  4.0649059063E-01  7.9826904692E-01
           DelSqRho = -4.3502519626E+05
           Bond Ellipticity = NA
           V = -1.0876648398E+05
           G =  5.0924594849E+00
           K =  1.0876139153E+05
           L =  1.0875629907E+05
           Vnuc =  6.0497789552E+06
           Ven = -7.1194347179E+08
           Vrep =  7.1183470531E+08
           DelSqV =  2.4953297752E+09
           DelSqVen =  2.6318060257E+12
           DelSqVrep = -2.6293106960E+12
           DelSqG =  1.3403551424E+08
           DelSqK = -2.6293652895E+09
           Stress_EigVals = -3.6255759342E+04 -3.6255638420E+04 -3.6255086223E+04
           Stress_EigVec1 =  4.5350221563E-01  4.0458127714E-01  7.9413457966E-01
           Stress_EigVec2 =  7.9065742808E-01  2.2860206492E-01 -5.6798056951E-01
           Stress_EigVec3 = -4.1133510894E-01  8.8546885101E-01 -2.1621364909E-01
           -DivStress = -3.6092937787E+02 -3.8001567415E+02 -6.1144567852E+02
           ESP =  -1.4741186558E+01     ESP at Nucleus =  -1.4741186573E+01
           ESPe = -2.3860400907E+01     ESPe at Nucleus = -2.3860401963E+01
           ESPn =  9.1192143488E+00     ESPn at Nucleus =  9.1192153901E+00

CP# 9      Coords = -4.13574297533116E+00 -2.81114098733393E+00  1.25658260469777E-01
           Type = (3,-3) NACP Cl9
           Rho =  3.0206731382E+03     Rho at Nucleus =  3.0206731259E+03
           GradRho = -6.4688064412E-10  3.6131880392E-09 -3.3022340694E-11
           HessRho_EigVals = -3.0377029565E+07 -3.0376573741E+07 -3.0376563797E+07
           HessRho_EigVec1 =  4.7908810697E-01  8.7714439932E-01 -3.3049788259E-02
           HessRho_EigVec2 =  4.8026053144E-02  1.1401532034E-02  9.9878100867E-01
           HessRho_EigVec3 = -8.7645198612E-01  4.8009135361E-01  3.6663445138E-02
           DelSqRho = -9.1130167103E+07
           Bond Ellipticity = NA
           V = -2.2809754639E+07
           G =  1.3606431479E+04
           K =  2.2796148207E+07
           L =  2.2782541776E+07
           Vnuc =  1.8894319176E+07
           Ven = -5.7073562402E+10
           Vrep =  5.7050752647E+10
           DelSqV =  4.3101649168E+12
           DelSqVen =  1.7218425324E+15
           DelSqVrep = -1.7175323590E+15
           DelSqG =  2.2935226950E+11
           DelSqK = -4.5395171863E+12
           Stress_EigVals = -7.6032913845E+06 -7.6032889047E+06 -7.6031743494E+06
           Stress_EigVec1 = -8.7644227926E-01  4.8011034913E-01  3.6646743195E-02
           Stress_EigVec2 =  4.8012178088E-02  1.1409482327E-02  9.9878158497E-01
           Stress_EigVec3 =  4.7910725509E-01  8.7713389877E-01 -3.3050896280E-02
           -DivStress = -5.8882179498E+05 -1.0994569646E+06  4.0949578558E+04
           ESP =  -6.4359082670E+01     ESP at Nucleus =  -6.4359082705E+01
           ESPe = -7.2391028399E+01     ESPe at Nucleus = -7.2391027180E+01
           ESPn =  8.0319457289E+00     ESPn at Nucleus =  8.0319444749E+00

CP# 10     Coords = -1.14981177624622E+00  6.01915356169838E+00 -1.16592256735293E-01
           Type = (3,-3) NACP H10
           Rho =  4.2273675423E-01     Rho at Nucleus =  4.1889860855E-01
           GradRho = -3.5541224038E-16 -8.3627573305E-16  3.0751954667E-17
           HessRho_EigVals = -6.4419220641E+00 -6.4363023686E+00 -5.8290288659E+00
           HessRho_EigVec1 =  9.9805421118E-01 -3.7947123914E-02 -4.9475320377E-02
           HessRho_EigVec2 =  4.9912759252E-02  1.0667602303E-02  9.9869660995E-01
           HessRho_EigVec3 =  3.7369880969E-02  9.9922280701E-01 -1.2540891062E-02
           DelSqRho = -1.8707253299E+01
           Bond Ellipticity = NA
           V = -4.6856828367E+00
           G =  4.4347560260E-03
           K =  4.6812480807E+00
           L =  4.6768133246E+00
           Vnuc =  3.9748702341E+01
           Ven = -1.6803237412E+01
           Vrep =  1.2117554576E+01
           DelSqV =  7.0382122664E+02
           DelSqVen =  7.4358904298E+02
           DelSqVrep = -3.9767816344E+01
           DelSqG =  6.9326831416E+01
           DelSqK = -7.7314805805E+02
           Stress_EigVals = -1.6135288224E+00 -1.6135134713E+00 -1.4586405430E+00
           Stress_EigVec1 =  9.9762153318E-01 -3.7287390508E-02 -5.7973502959E-02
           Stress_EigVec2 =  5.8396321728E-02  1.0351202255E-02  9.9823981198E-01
           Stress_EigVec3 =  3.6621662235E-02  9.9925097104E-01 -1.2504028716E-02
           -DivStress =  2.8814088412E-01  8.0269712627E+00 -1.0019782328E-01
           ESP =  -1.0821524363E+00     ESP at Nucleus =  -1.0848014310E+00
           ESPe = -1.2890792568E+01     ESPe at Nucleus = -1.2795755607E+01
           ESPn =  1.1808640131E+01     ESPn at Nucleus =  1.1710954176E+01

CP# 11     Coords = -5.36309790516389E+00  3.05427518333972E+00  1.26047368712772E-01
           Type = (3,-3) NACP H11
           Rho =  4.2157810880E-01     Rho at Nucleus =  4.1767643721E-01
           GradRho =  5.1124357010E-16  9.6798133931E-16 -4.3393497888E-17
           HessRho_EigVals = -6.4186981706E+00 -6.4126937712E+00 -5.8006146739E+00
           HessRho_EigVec1 =  2.9299028990E-01  9.5579798713E-01 -2.4635296371E-02
           HessRho_EigVec2 =  5.0057333864E-02  1.0396303995E-02  9.9869223497E-01
           HessRho_EigVec3 =  9.5480414397E-01 -2.9384030470E-01 -4.4798682827E-02
           DelSqRho = -1.8632006616E+01
           Bond Ellipticity = NA
           V = -4.6669093166E+00
           G =  4.4538313255E-03
           K =  4.6624554852E+00
           L =  4.6580016539E+00
           Vnuc =  4.0153755454E+01
           Ven = -1.6927944285E+01
           Vrep =  1.2261034969E+01
           DelSqV =  7.0061377946E+02
           DelSqVen =  7.4814503726E+02
           DelSqVrep = -4.7531257807E+01
           DelSqG =  6.8963156576E+01
           DelSqK = -7.6957693603E+02
           Stress_EigVals = -1.6077643978E+00 -1.6076760241E+00 -1.4514688947E+00
           Stress_EigVec1 =  4.9869126128E-02  9.7847577586E-03  9.9870782954E-01
           Stress_EigVec2 =  2.9367303931E-01  9.5560392823E-01 -2.4026617274E-02
           Stress_EigVec3 =  9.5460421969E-01 -2.9449175009E-01 -4.4781613275E-02
           -DivStress = -7.7153454006E+00  2.3863354902E+00  3.6187717026E-01
           ESP =  -1.0790311399E+00     ESP at Nucleus =  -1.0817233585E+00
           ESPe = -1.3580493814E+01     ESPe at Nucleus = -1.3482889953E+01
           ESPn =  1.2501462674E+01     ESPn at Nucleus =  1.2401166594E+01

CP# 12     Coords =  9.49731697039293E+00  2.49107359731081E-01  8.70356352313824E-01
           Type = (3,-3) NACP H12
           Rho =  4.2557083125E-01     Rho at Nucleus =  4.2188789531E-01
           GradRho = -3.9390403599E-10 -1.7303909289E-10  3.0621263188E-11
           HessRho_EigVals = -6.4785789501E+00 -6.4721000398E+00 -5.8792518661E+00
           HessRho_EigVec1 = -2.1022479341E-02  2.2028654750E-01  9.7520864042E-01
           HessRho_EigVec2 = -4.0685810353E-01  8.8911753768E-01 -2.0961032368E-01
           HessRho_EigVec3 =  9.1324943961E-01  4.0117806668E-01 -7.0933911880E-02
           DelSqRho = -1.8829930856E+01
           Bond Ellipticity = NA
           V = -4.7165023483E+00
           G =  4.5098171369E-03
           K =  4.7119925311E+00
           L =  4.7074827140E+00
           Vnuc =  3.8257678269E+01
           Ven = -1.6281351943E+01
           Vrep =  1.1564849594E+01
           DelSqV =  7.0900259237E+02
           DelSqVen =  7.2038943722E+02
           DelSqVrep = -1.1386844845E+01
           DelSqG =  6.9762670283E+01
           DelSqK = -7.7876526266E+02
           Stress_EigVals = -1.6229160190E+00 -1.6221768341E+00 -1.4714094951E+00
           Stress_EigVec1 = -2.4042870848E-02  2.2256168200E-01  9.7462210013E-01
           Stress_EigVec2 = -4.0688820114E-01  8.8832361906E-01 -2.1289231925E-01
           Stress_EigVec3 =  9.1316150386E-01  4.0168077565E-01 -6.9199872387E-02
           -DivStress =  7.2029412328E+00  3.1658003299E+00 -5.5649082108E-01
           ESP =  -1.1069695337E+00     ESP at Nucleus =  -1.1094173938E+00
           ESPe = -1.0738798401E+01     ESPe at Nucleus = -1.0663514690E+01
           ESPn =  9.6318288672E+00     ESPn at Nucleus =  9.5540972960E+00

CP# 13     Coords =  7.35617655492603E+00 -1.63204561075658E+00 -2.80292507530441E+00
           Type = (3,-3) NACP H13
           Rho =  4.2560283683E-01     Rho at Nucleus =  4.2191883977E-01
           GradRho = -8.9403886893E-11  5.0338363858E-12  1.8855332695E-10
           HessRho_EigVals = -6.4799510375E+00 -6.4737605405E+00 -5.8805864222E+00
           HessRho_EigVec1 =  8.0474225118E-01  4.6452327391E-01  3.6960524505E-01
           HessRho_EigVec2 =  4.1071716439E-01 -8.8523864410E-01  2.1832075913E-01
           HessRho_EigVec3 = -4.2860391977E-01  2.3888720991E-02  9.0317662114E-01
           DelSqRho = -1.8834298000E+01
           Bond Ellipticity = NA
           V = -4.7175460458E+00
           G =  4.4857728904E-03
           K =  4.7130602729E+00
           L =  4.7085745000E+00
           Vnuc =  3.8887496991E+01
           Ven = -1.6550629037E+01
           Vrep =  1.1833082991E+01
           DelSqV =  7.0917414278E+02
           DelSqVen =  7.3241870715E+02
           DelSqVrep = -2.3244564373E+01
           DelSqG =  6.9789198037E+01
           DelSqK = -7.7896334082E+02
           Stress_EigVals = -1.6232944062E+00 -1.6225102644E+00 -1.4717413751E+00
           Stress_EigVec1 =  8.0789729657E-01  4.5935863187E-01  3.6917692984E-01
           Stress_EigVec2 =  4.0608473512E-01 -8.8790739801E-01  2.1613801255E-01
           Stress_EigVec3 = -4.2707978892E-01  2.4700200254E-02  9.0387651480E-01
           -DivStress =  3.3753556180E+00 -1.9198124443E-01 -7.1286172454E+00
           ESP =  -1.1078646110E+00     ESP at Nucleus =  -1.1103132549E+00
           ESPe = -1.1370366254E+01     ESPe at Nucleus = -1.1295259805E+01
           ESPn =  1.0262501643E+01     ESPn at Nucleus =  1.0184946550E+01

CP# 14     Coords =  6.79483894241023E+00 -5.26413787970234E-01  2.83918653045038E+00
           Type = (3,-3) NACP H14
           Rho =  4.2514894716E-01     Rho at Nucleus =  4.2145331839E-01
           GradRho =  1.1635410086E-10 -4.4144393629E-12 -2.4684361335E-10
           HessRho_EigVals = -6.4711773722E+00 -6.4646032015E+00 -5.8710570633E+00
           HessRho_EigVec1 =  8.0831680770E-01  4.5587093238E-01  3.7256627786E-01
           HessRho_EigVec2 =  4.0623883163E-01 -8.8989524296E-01  2.0750052589E-01
           HessRho_EigVec3 = -4.2613841656E-01  1.6375273261E-02  9.0450975692E-01
           DelSqRho = -1.8806837637E+01
           Bond Ellipticity = NA
           V = -4.7107324606E+00
           G =  4.5115256916E-03
           K =  4.7062209350E+00
           L =  4.7017094093E+00
           Vnuc =  3.9198307372E+01
           Ven = -1.6665119110E+01
           Vrep =  1.1954386649E+01
           DelSqV =  7.0805356065E+02
           DelSqVen =  7.3719620283E+02
           DelSqVrep = -2.9142642186E+01
           DelSqG =  6.9662280392E+01
           DelSqK = -7.7771584104E+02
           Stress_EigVals = -1.6210538865E+00 -1.6203244085E+00 -1.4693541656E+00
           Stress_EigVec1 =  8.0650040709E-01  4.6139579033E-01  3.6969043541E-01
           Stress_EigVec2 = -4.1127524191E-01  8.8702777407E-01 -2.0984375954E-01
           Stress_EigVec3 = -4.2474671130E-01  1.7194554233E-02  9.0514892617E-01
           -DivStress = -3.3638861305E+00  1.2915690197E-01  7.1430163308E+00
           ESP =  -1.1072853645E+00     ESP at Nucleus =  -1.1097395610E+00
           ESPe = -1.1747050662E+01     ESPe at Nucleus = -1.1685139211E+01
           ESPn =  1.0639765298E+01     ESPn at Nucleus =  1.0575399650E+01

CP# 15     Coords =  4.64873272850150E+00 -2.39469886503253E+00 -8.32832923049102E-01
           Type = (3,-3) NACP H15
           Rho =  4.2368926837E-01     Rho at Nucleus =  4.1989754346E-01
           GradRho =  1.1391375276E-09  4.9996392634E-10 -9.1760870908E-11
           HessRho_EigVals = -6.4450891199E+00 -6.4386374013E+00 -5.8373227079E+00
           HessRho_EigVec1 = -2.2926867368E-02  2.3036914659E-01  9.7283318974E-01
           HessRho_EigVec2 = -4.0705634381E-01  8.8662495868E-01 -2.1954798020E-01
           HessRho_EigVec3 =  9.1311526749E-01  4.0103146877E-01 -7.3445689704E-02
           DelSqRho = -1.8721049229E+01
           Bond Ellipticity = NA
           V = -4.6892234130E+00
           G =  4.4805528471E-03
           K =  4.6847428601E+00
           L =  4.6802623073E+00
           Vnuc =  4.0156905063E+01
           Ven = -1.7014049726E+01
           Vrep =  1.2324826313E+01
           DelSqV =  7.0431747503E+02
           DelSqVen =  7.5177939855E+02
           DelSqVrep = -4.7461923518E+01
           DelSqG =  6.9273083105E+01
           DelSqK = -7.7359055814E+02
           Stress_EigVals = -1.6145232609E+00 -1.6137834303E+00 -1.4609167218E+00
           Stress_EigVec1 = -2.2141813977E-02  2.2458119747E-01  9.7420379070E-01
           Stress_EigVec2 = -4.0715936794E-01  8.8794514980E-01 -2.1395013446E-01
           Stress_EigVec3 =  9.1308870827E-01  4.0139344375E-01 -7.1779622085E-02
           -DivStress = -7.2889630167E+00 -3.2004318397E+00  5.8415980279E-01
           ESP =  -1.1095310672E+00     ESP at Nucleus =  -1.1120458489E+00
           ESPe = -1.3141388518E+01     ESPe at Nucleus = -1.3097201600E+01
           ESPn =  1.2031857451E+01     ESPn at Nucleus =  1.1985155751E+01

CP# 16     Coords =  3.25248738103728E+00 -4.74203062549868E-02 -5.30058375163672E-01
           Type = (3,+1) RCP H1 C2 H15 O7 C6
           Rho =  3.3407788879E-03
           GradRho = -3.7862372742E-18 -1.8507669898E-18  1.1519648083E-18
           HessRho_EigVals = -2.2784673179E-03  3.2263179609E-03  1.2868579749E-02
           HessRho_EigVec1 =  9.7895362937E-02 -6.9945542808E-02  9.9273567426E-01
           HessRho_EigVec2 =  5.7278095207E-01  8.1970748696E-01  1.2715226875E-03
           HessRho_EigVec3 =  8.1384180211E-01 -5.6849560849E-01 -1.2030903654E-01
           DelSqRho =  1.3816430392E-02
           Bond Ellipticity = NA
           V = -1.8638482863E-03
           G =  2.6589779421E-03
           K = -7.9512965584E-04
           L = -3.4541075980E-03
           Vnuc =  1.3595876895E+01
           Ven = -4.5420818493E-02
           Vrep =  4.3556970207E-02
           DelSqV = -7.7189079556E-03
           DelSqVen = -1.8784648674E-01
           DelSqVrep =  1.8012757878E-01
           DelSqG =  1.1760479598E-02
           DelSqK = -4.0415716423E-03
           Stress_EigVals = -8.2930335665E-04 -7.8160511370E-04 -2.5293981595E-04
           Stress_EigVec1 = -6.9576233281E-01 -6.4566149340E-01  3.1469987637E-01
           Stress_EigVec2 =  3.1708995428E-01  1.1702690106E-01  9.4114752580E-01
           Stress_EigVec3 = -6.4449106831E-01  7.5460316748E-01  1.2330986374E-01
           -DivStress = -4.5653588943E-04 -3.2086036272E-05  6.0957883020E-05
           ESP =   1.0308342096E-02
           ESPe = -1.3585568553E+01
           ESPn =  1.3595876895E+01

CP# 17     Coords =  4.39624477647063E+00  1.05991389817566E+00 -3.61783713189817E-01
           Type = (3,-1) BCP C2 H1
           Rho =  4.7274464991E-03
           GradRho = -9.4888865916E-19 -4.0448999605E-18 -7.1284175259E-18
           HessRho_EigVals = -3.5714896165E-03 -2.2863198794E-03  1.9499135116E-02
           HessRho_EigVec1 = -3.6696766705E-01 -4.7180027136E-01  8.0171019408E-01
