AIMSum (Version 19.02.13, Professional)
Copyright (c) 1997-2019 by Todd A. Keith
AIMSum is a component of the AIMAll package ( http://aim.tkgristmill.com )

TP:  64-bit Linux

Much of the Quantum Theory of Atoms in Molecules (QTAIM) is described in the book:
  "Atoms in Molecules - A Quantum Theory"
  R.F.W. Bader, Oxford University Press, Oxford, 1990

For additional references see:  http://aim.tkgristmill.com/references.html

Wfn File:  /home/mhennefarth/Documents/ML_Diels/summary-pieniazek2006/r_4c-opt/r_4c-opt.wfn
Sum File:  /home/mhennefarth/Documents/ML_Diels/summary-pieniazek2006/r_4c-opt/r_4c-opt.sum

SumViz File:  /home/mhennefarth/Documents/ML_Diels/summary-pieniazek2006/r_4c-opt/r_4c-opt.sumviz

Wfn Title:   Title Card Required                                                           
 
Total memory allocated for AIMSum =        0.922 Megabytes

Atomic units (a.u.) used throughout, except where stated otherwise

Model:  Restricted SCF
 
Restricted, closed-shell, single-determinant wavefunction.
  Number of electrons (from MO Occs)                   =          84.0000000000
  Number of Alpha electrons (from MO Occs)             =          42.0000000000
  Number of Beta electrons (from MO Occs)              =          42.0000000000
  Number of electron pairs (N*(N-1)/2)                 =        3486.0000000000
  Number of electron pairs (from Muller 2EDM)          =        3486.0000000000
 
Nuclear Charges and Cartesian Coordinates:
-------------------------------------------------------------------------------
Atom      Charge                X                  Y                  Z
-------------------------------------------------------------------------------
O1         8.0           1.9148509000E-01   4.7541775300E+00   1.1769759500E+00
C2         6.0          -9.0617560000E-02   2.0654564300E+00  -2.0820069300E+00
C3         6.0          -7.0771358300E+00  -7.0748590000E-01   9.7362500000E-02
C4         6.0           1.4251807400E+00   2.6097321000E+00   1.8403225500E+00
C5         6.0          -5.9944081500E+00  -2.9440876900E+00   4.9001307000E-01
C6         6.0           1.3168340800E+00   8.9566240000E-01  -7.6881200000E-02
C7         6.0          -7.2273857000E-01   4.3974393900E+00  -1.2124732200E+00
H8         1.0          -9.1080948100E+00  -4.3724272000E-01   2.6184215000E-01
H9         1.0          -7.0970146700E+00  -4.6042872900E+00   9.9341907000E-01
H10        1.0          -3.9648329700E+00  -3.2097147700E+00   3.2490192000E-01
H11        1.0          -1.7549588100E+00   5.9661588800E+00  -2.0067849800E+00
H12        1.0          -5.4935908000E-01   1.2598204200E+00  -3.9012272600E+00
H13        1.0          -5.9715722300E+00   9.5073877000E-01  -4.0507178000E-01
H14        1.0           2.2653987000E+00   2.5758884100E+00   3.6967820600E+00
C15        6.0           2.4623288400E+00  -1.6664252900E+00  -7.6621360000E-02
F16        9.0           3.5849955500E+00  -2.1836582200E+00   2.1559311100E+00
F17        9.0           4.2261936700E+00  -1.9256472700E+00  -1.9063505600E+00
F18        9.0           7.1457653000E-01  -3.4947534700E+00  -5.0046513000E-01
 
Some Atomic Properties:
----------------------
  q(A) = Net Charge of Atom A
  L(A) = Lagrangian of Atom A = -(1/4) Times Atomic Integral of the Laplacian of the Electron Density
  K(A) = Electronic Kinetic Energy of Atom A (Hamiltonian Form)
  K_Scaled(A) = K(A) * E(Mol)/K(Mol) = Approximation to Virial-Based Total Energy of Atom A.
  |Mu_Intra(A)| = Magnitude of Intraatomic Dipole Moment of Atom A
--------------------------------------------------------------------------------------------------
Atom A          q(A)              L(A)              K(A)          K_Scaled(A)      |Mu_Intra(A)|
--------------------------------------------------------------------------------------------------
O1       -1.0976983794E+00  1.1083340435E-04  7.5284244274E+01 -7.5895838417E+01  2.3028313292E-01
C2       -2.0522017900E-02 -5.8179555885E-05  3.7720713071E+01 -3.8027148600E+01  2.4580102469E-01
C3       -8.5899763300E-02 -2.0233287906E-05  3.7696004135E+01 -3.8002238934E+01  8.6289851458E-02
C4        4.8082321040E-01 -1.1957418589E-05  3.7408476343E+01 -3.7712375323E+01  7.8562232341E-01
C5       -8.2050949400E-02 -8.1950798808E-06  3.7696846457E+01 -3.8003088098E+01  9.8265886753E-02
C6        4.6531629800E-02 -6.6889296776E-05  3.7766638438E+01 -3.8073447055E+01  6.3151137793E-02
C7        4.3418103220E-01 -1.5527011116E-04  3.7424934327E+01 -3.7728967009E+01  7.8779182408E-01
H8        3.5145231870E-02  1.4201233216E-05  5.9745879854E-01 -6.0231243433E-01  1.4838758625E-01
H9        3.6193139110E-02  1.6856997031E-05  5.9711579807E-01 -6.0196664739E-01  1.4789017350E-01
H10       5.8153678810E-02  2.5867627203E-05  5.9084865696E-01 -5.9564859328E-01  1.2692292938E-01
H11       1.0476746729E-01  1.7384334390E-05  5.7249952373E-01 -5.7715039536E-01  1.3984728764E-01
H12       9.0493591090E-02  2.2660095735E-05  5.7322719252E-01 -5.7788397559E-01  1.4083389673E-01
H13       3.7247784280E-02 -1.4277939905E-05  5.9633495897E-01 -6.0117946491E-01  1.4588476179E-01
H14       1.1956719271E-01  1.9212827792E-05  5.6688461882E-01 -5.7148987608E-01  1.3728232216E-01
C15       1.7386374659E+00 -2.7926869708E-04  3.6493123661E+01 -3.6789586499E+01  7.9199583103E-01
F16      -6.3404068460E-01  8.1519993011E-05  9.9623284850E+01 -1.0043260449E+02  3.2052626292E-01
F17      -6.2880985470E-01  5.6962457200E-05  9.9630382643E+01 -1.0043975995E+02  3.2055492426E-01
F18      -6.3296533390E-01 -1.9510319691E-06  9.9606073341E+01 -1.0041525316E+02  2.9389439171E-01
--------------------------------------------------------------------------------------------------
Total    -2.4555974000E-04 -2.5072344922E-04  6.4044509109E+02 -6.4564793892E+02
 
1st Largest |L(A)| = 2.7926869708E-04, atom C15     
2nd Largest |L(A)| = 1.5527011116E-04, atom C7      
 
Molecular charge q(Mol) from the wfn file:   0.0000000000E+00
Molecular energy E(Mol) from the wfn file:  -6.4564798346E+02
Molecular virial ratio (-V(Mol)/T(Mol)) from the wfn file:   2.0081238000E+00
Note.  K_Scaled(A) = (1+V(Mol)/T(Mol))*K(A) = (E(Mol)/T(Mol))*K(A)
       Only use K_Scaled(A) data with caution.
 
N_AIMInt(SumA)     =         84.000246
N_Analytic(Mol)    =         83.999986
 
G_AIMInt(SumA)     =        640.445342
G_Analytic(Mol)    =        640.445103
 
K_AIMInt(SumA)     =        640.445091
K_Analytic(Mol)    =        640.445103
 
L_AIMInt(SumA)     =         -0.000251
L_Analytic(Mol)    =          0.000000
 
VenT_AIMInt(SumA)  =      -2753.247298
VenT_Analytic(Mol) =      -2753.242508
 
Some Information About the Atomic Calculations:
----------------------------------------------
  Time(sec) = "Elapsed User Time", in Seconds, for Atom A by AIMInt and, if used, by TWOe
  NProc = Number of Processors Used for AIMInt Job
  BIM = Basin Integration Method
  OAQ = Angular Quadrature Outside of Beta Sphere
  ORQ = Multiple of Default for Radial Quadrature Outside of Beta Sphere
  IAQ = Multiple of Default for Angular Quadrature Inside of Beta Sphere
  IRQ = Multiple of Default for Radial Quadrature Inside of Beta Sphere
  MIR = Maximum Integration Radius
------------------------------------------------------------------------------------------------------
Atom A     Time(sec)   NProc      BIM          OAQ                     ORQ      IAQ      IRQ      MIR
------------------------------------------------------------------------------------------------------
O1             15        8     Proaim(5)    4500(GS4)                  1.00     1.00     1.00    13.00
C2             36        8     Proaim(5)    4500(GS4)                  1.00     1.00     1.00    13.00
C3             19        8     Proaim(5)    4500(GS4)                  1.00     1.00     1.00    13.00
C4             22        8     Proaim(5)    4500(GS4)                  1.00     1.00     1.00    13.00
C5             20        8     Proaim(5)    4500(GS4)                  1.00     1.00     1.00    13.00
C6             27        8     Proaim(5)    4500(GS4)                  1.00     1.00     1.00    13.00
C7             25        8     Proaim(5)    4500(GS4)                  1.00     1.00     1.00    13.00
H8              4        8     Proaim(5)    1800(GS4)                  1.00     1.00     1.00    13.00
H9              4        8     Proaim(5)    1800(GS4)                  1.00     1.00     1.00    13.00
H10            13        8     Proaim(5)    4500(GS4)                  1.00     1.00     1.00    13.00
H11             5        8     Proaim(5)    1800(GS4)                  1.00     1.00     1.00    13.00
H12             6        8     Proaim(5)    1800(GS4)                  1.00     1.00     1.00    13.00
H13            15        8     Proaim(5)    4500(GS4)                  1.00     1.00     1.00    13.00
H14             6        8     Proaim(5)    1800(GS4)                  1.00     1.00     1.00    13.00
C15            31        8     Proaim(5)    5400(GS5)                  1.00     1.00     1.00    13.00
F16            11        8     Proaim(5)    2700(GS4)                  1.00     1.00     1.00    13.00
F17            10        8     Proaim(5)    2700(GS4)                  1.00     1.00     1.00    13.00
F18            18        8     Proaim(5)    4500(GS4)                  1.00     1.00     1.00    13.00
------------------------------------------------------------------------------------------------------
Total         287
Note:  Total wall clock time is less than total of atomic times if more than one atom
       was calculated at a time
 
Electron Density Critical Point Analysis of Molecular Structure:               
---------------------------------------------------------------                
  NACP = Nuclear Attractor Critical Point                                      
  NNACP = Non-Nuclear Attractor Critical Point                                 
  BCP = Bond Critical Point                                                    
  RCP = Ring Critical Point                                                    
  CCP = Cage Critical Point                                                    
  Rho = Electron Density                                                       
  GradRho = Gradient of Electron Density                                       
  HessRho_EigVals = Eigenvalues of the Hessian of Rho, Ascending Order         
  HessRho_EigVecs = Eigenvectors of the Hessian of Rho                         
  DelSqRho = Laplacian of Rho = Trace of Hessian of Rho                        
  Bond Ellipticity = (HessRho_EigVal(1) / HessRho_EigVal(2)) - 1               
  V = Virial Field = Potential Energy Density = Trace of Stress Tensor         
  G = Lagrangian Form of Kinetic Energy Density                                
  K = Hamiltonian Form of Kinetic Energy Density                               
  L = K - G = Lagrangian Density = (-1/4)DelSqRho                              
  Vnuc = Electrostatic Potential from Nuclei                                   
  Ven = Electron-nuclear attractive contribution to Virial Field V             
  Vrep = V - Ven = Repulsive contribution to Virial Field V                    
  DelSqV = Laplacian of V                                                      
  DelSqVen = Laplacian of Ven                                                  
  DelSqVrep = Laplacian of Vrep                                                
  DelSqG = Laplacian of G                                                      
  DelSqK = Laplacian of K                                                      
  Stress_EigVals = Eigenvalues of Stress Tensor, Ascending Order               
  Stress_EigVecs = Eigenvectors of Stress Tensor                               
  -DivStress = Ehrenfest Force Density = Minus Divergence of Stress Tensor     
  ESP = Total Electrostatic Potential                                          
  ESPe = Electrostatic Potential from Electrons                                
  ESPn = Electrostatic Potential from Nuclei                                   
  BP = Bond Path                                                               
  BPL = Bond Path Length                                                       
  GBL = Geometric Bond Length                                                  
  GBL_I = Distance Between Nuclear Attractors                                  
  GBL_II = Distance Between Nuclei                                             
  GBL_III = Sum of Distances Between BCP and Nuclear Attractors                
  GBL_IV = Sum of Distances Between BCP and Nuclei                             

CP# 1      Coords =  1.91486197560611E-01  4.75416947043751E+00  1.17697055280766E+00
           Type = (3,-3) NACP O1
           Rho =  2.8995182296E+02     Rho at Nucleus =  2.8995179250E+02
           GradRho = -4.2517100951E-12  1.8900481180E-10 -1.0581369114E-11
           HessRho_EigVals = -6.3929269409E+05 -6.3927659507E+05 -6.3927626240E+05
           HessRho_EigVec1 =  5.2074433437E-01 -4.4130848413E-01  7.3080240836E-01
           HessRho_EigVec2 =  8.3797896672E-01  4.2781504666E-01 -3.3877062620E-01
           HessRho_EigVec3 = -1.6314591491E-01  7.8880993128E-01  5.9258948925E-01
           DelSqRho = -1.9178455516E+06
           Bond Ellipticity = NA
           V = -4.7955495943E+05
           G =  4.6785772662E+01
           K =  4.7950817366E+05
           L =  4.7946138789E+05
           Vnuc =  8.1944823777E+05
           Ven = -2.3760051037E+08
           Vrep =  2.3712095541E+08
           DelSqV =  1.9776944962E+10
           DelSqVen =  1.5715751598E+12
           DelSqVrep = -1.5517982148E+12
           DelSqG =  1.0574055096E+09
           DelSqK = -2.0834350472E+10
           Stress_EigVals = -1.5985291904E+05 -1.5985283246E+05 -1.5984920794E+05
           Stress_EigVec1 =  8.5230400026E-01  3.1661074819E-01 -4.1633583232E-01
           Stress_EigVec2 =  4.7046603768E-02 -8.3916088171E-01 -5.4184465642E-01
           Stress_EigVec3 =  5.2092658621E-01 -4.4222918125E-01  7.3011563676E-01
           -DivStress = -7.1238656388E+03  5.1858603651E+04  3.4735122497E+04
           ESP =  -2.2222985004E+01     ESP at Nucleus =  -2.2222986159E+01
           ESPe = -3.6248310310E+01     ESPe at Nucleus = -3.6248288953E+01
           ESPn =  1.4025325306E+01     ESPn at Nucleus =  1.4025302794E+01

CP# 2      Coords = -9.06171193959528E-02  2.06545590379251E+00 -2.08200623523622E+00
           Type = (3,-3) NACP C2
           Rho =  1.1763308597E+02     Rho at Nucleus =  1.1763308590E+02
           GradRho =  9.3372087839E-11 -9.0318474921E-11  1.7235113337E-10
           HessRho_EigVals = -1.4494743179E+05 -1.4494712372E+05 -1.4494679396E+05
           HessRho_EigVec1 =  8.5006938460E-01  3.6341390989E-01 -3.8119859845E-01
           HessRho_EigVec2 = -5.2573274226E-01  6.2869883110E-01 -5.7301209715E-01
           HessRho_EigVec3 =  3.1418546618E-02  6.8750862531E-01  7.2549621988E-01
           DelSqRho = -4.3484134947E+05
           Bond Ellipticity = NA
           V = -1.0872078143E+05
           G =  5.2220294689E+00
           K =  1.0871555940E+05
           L =  1.0871033737E+05
           Vnuc =  6.1438596608E+06
           Ven = -7.2272117166E+08
           Vrep =  7.2261245088E+08
           DelSqV =  2.4942806425E+09
           DelSqVen =  2.6716044001E+12
           DelSqVrep = -2.6691101195E+12
           DelSqG =  1.3397641245E+08
           DelSqK = -2.6282570550E+09
           Stress_EigVals = -3.6240504529E+04 -3.6240306639E+04 -3.6239970259E+04
           Stress_EigVec1 =  7.1335164941E-02  6.3053070065E-01  7.7287924657E-01
           Stress_EigVec2 = -5.2425951319E-01  6.8289431861E-01 -5.0873108067E-01
           Stress_EigVec3 =  8.4856541119E-01  3.6889888201E-01 -3.7927609703E-01
           -DivStress = -3.5762617547E+02  4.2431231797E+02 -5.6697042300E+02
           ESP =  -1.4716583644E+01     ESP at Nucleus =  -1.4716583647E+01
           ESPe = -3.1025482039E+01     ESPe at Nucleus = -3.1025480562E+01
           ESPn =  1.6308898395E+01     ESPn at Nucleus =  1.6308896915E+01

CP# 3      Coords = -7.07713635420345E+00 -7.07484959086672E-01  9.73623458869651E-02
           Type = (3,-3) NACP C3
           Rho =  1.1767747225E+02     Rho at Nucleus =  1.1767747217E+02
           GradRho = -1.9611473556E-10  2.4560498080E-10 -4.1875808376E-11
           HessRho_EigVals = -1.4500461149E+05 -1.4500362194E+05 -1.4500340088E+05
           HessRho_EigVec1 =  1.0673961683E-01  2.2234694647E-01  9.6910705786E-01
           HessRho_EigVec2 =  9.1068930469E-01  3.6932951703E-01 -1.8504242264E-01
           HessRho_EigVec3 = -3.9906345927E-01  9.0230678998E-01 -1.6306689494E-01
           DelSqRho = -4.3501163431E+05
           Bond Ellipticity = NA
           V = -1.0876309341E+05
           G =  5.0924145119E+00
           K =  1.0875800099E+05
           L =  1.0875290858E+05
           Vnuc =  5.5144516383E+06
           Ven = -6.4892672965E+08
           Vrep =  6.4881796656E+08
           DelSqV =  2.4952520179E+09
           DelSqVen =  2.3988503839E+12
           DelSqVrep = -2.3963551319E+12
           DelSqG =  1.3403106966E+08
           DelSqK = -2.6292830876E+09
           Stress_EigVals = -3.6254626855E+04 -3.6254502234E+04 -3.6253964319E+04
           Stress_EigVec1 = -4.1809977335E-01  8.9440177885E-01 -1.5886484040E-01
           Stress_EigVec2 =  9.0201966850E-01  3.8807168620E-01 -1.8910548382E-01
           Stress_EigVec3 =  1.0748533463E-01  2.2236417060E-01  9.6902068011E-01
           -DivStress =  4.2578852754E+02 -7.6404501786E+02  1.2483071313E+02
           ESP =  -1.4749577936E+01     ESP at Nucleus =  -1.4749577952E+01
           ESPe = -2.5969149579E+01     ESPe at Nucleus = -2.5969150727E+01
           ESPn =  1.1219571644E+01     ESPn at Nucleus =  1.1219572775E+01

CP# 4      Coords =  1.42517768620083E+00  2.60973776701910E+00  1.84032131063670E+00
           Type = (3,-3) NACP C4
           Rho =  1.1762792138E+02     Rho at Nucleus =  1.1762791826E+02
           GradRho = -9.2179527900E-12 -1.3531398224E-11 -1.4386269953E-11
           HessRho_EigVals = -1.4492637245E+05 -1.4492521472E+05 -1.4492448831E+05
           HessRho_EigVec1 = -4.7691116580E-01  8.4708561100E-01 -2.3452442853E-01
           HessRho_EigVec2 =  8.4776499743E-01  3.7286766987E-01 -3.7717928086E-01
           HessRho_EigVec3 =  2.3205656439E-01  3.7870261210E-01  8.9595428595E-01
           DelSqRho = -4.3477607549E+05
           Bond Ellipticity = NA
           V = -1.0870426262E+05
           G =  5.1218737263E+00
           K =  1.0869914075E+05
           L =  1.0869401887E+05
           Vnuc =  9.1525474531E+05
           Ven = -1.0765951322E+08
           Vrep =  1.0755080896E+08
           DelSqV =  2.4938873083E+09
           DelSqVen =  3.9793086541E+11
           DelSqVrep = -3.9543697810E+11
           DelSqG =  1.3394101328E+08
           DelSqK = -2.6278283216E+09
           Stress_EigVals = -3.6235165461E+04 -3.6234590792E+04 -3.6234506366E+04
           Stress_EigVec1 =  2.4280717887E-01  3.6136760601E-01  9.0025447915E-01
           Stress_EigVec2 = -8.4542557633E-01 -3.7626314561E-01  3.7905361117E-01
           Stress_EigVec3 = -4.7571027819E-01  8.5313509984E-01 -2.1415002368E-01
           -DivStress =  2.4780087907E+03 -4.5966524143E+03  1.0061905885E+03
           ESP =  -1.4663608551E+01     ESP at Nucleus =  -1.4663608739E+01
           ESPe = -3.1225387971E+01     ESPe at Nucleus = -3.1225386172E+01
           ESPn =  1.6561779419E+01     ESPn at Nucleus =  1.6561777432E+01

CP# 5      Coords = -5.99440798174243E+00 -2.94408855867465E+00  4.90013249876749E-01
           Type = (3,-3) NACP C5
           Rho =  1.1768409508E+02     Rho at Nucleus =  1.1768409502E+02
           GradRho =  9.2112428796E-11 -1.3621659356E-10  3.6992020558E-11
           HessRho_EigVals = -1.4501405968E+05 -1.4501296634E+05 -1.4501277047E+05
           HessRho_EigVec1 =  1.0770690683E-01  2.2091278059E-01  9.6932799691E-01
           HessRho_EigVec2 =  8.1498370049E-01  5.3878079934E-01 -2.1334670892E-01
           HessRho_EigVec3 = -5.6938632769E-01  8.1296543201E-01 -1.2200990205E-01
           DelSqRho = -4.3503979649E+05
           Bond Ellipticity = NA
           V = -1.0877013356E+05
           G =  5.0922176895E+00
           K =  1.0876504134E+05
           L =  1.0875994912E+05
           Vnuc =  6.6451292278E+06
           Ven = -7.8202601989E+08
           Vrep =  7.8191724975E+08
           DelSqV =  2.4954141959E+09
           DelSqVen =  2.8908951962E+12
           DelSqVrep = -2.8883997820E+12
           DelSqG =  1.3404096681E+08
           DelSqK = -2.6294551627E+09
           Stress_EigVals = -3.6256976479E+04 -3.6256861637E+04 -3.6256295443E+04
           Stress_EigVec1 = -5.0542260745E-01  8.5167016073E-01 -1.3858544370E-01
           Stress_EigVec2 =  8.5610709966E-01  4.7487826918E-01 -2.0389032191E-01
           Stress_EigVec3 =  1.0783608759E-01  2.2169476040E-01  9.6913508420E-01
           -DivStress = -1.3564725676E+02  7.0536966083E+02 -1.4634389370E+02
           ESP =  -1.4750876105E+01     ESP at Nucleus =  -1.4750876118E+01
           ESPe = -2.6286114564E+01     ESPe at Nucleus = -2.6286115423E+01
           ESPn =  1.1535238459E+01     ESPn at Nucleus =  1.1535239305E+01

CP# 6      Coords =  1.31683463206816E+00  8.95660726631736E-01 -7.68816897246802E-02
           Type = (3,-3) NACP C6
           Rho =  1.1760601192E+02     Rho at Nucleus =  1.1760601167E+02
           GradRho =  4.2178449622E-10 -1.2501186336E-09 -3.6012398619E-10
           HessRho_EigVals = -1.4490556005E+05 -1.4490535428E+05 -1.4490524005E+05
           HessRho_EigVec1 = -4.6590395723E-01  8.7378277403E-01 -1.3941723867E-01
           HessRho_EigVec2 =  8.4601348830E-01  3.9373902205E-01 -3.5948680105E-01
           HessRho_EigVec3 =  2.5921936704E-01  2.8543518760E-01  9.2267658117E-01
           DelSqRho = -4.3471615438E+05
           Bond Ellipticity = NA
           V = -1.0868969152E+05
           G =  5.3264622686E+00
           K =  1.0868436506E+05
           L =  1.0867903860E+05
           Vnuc =  3.2807303032E+06
           Ven = -3.8583360713E+08
           Vrep =  3.8572491744E+08
           DelSqV =  2.4935585233E+09
           DelSqVen =  1.4261864366E+12
           DelSqVrep = -1.4236928781E+12
           DelSqG =  1.3392977273E+08
           DelSqK = -2.6274882960E+09
           Stress_EigVals = -3.6230028901E+04 -3.6229951456E+04 -3.6229711163E+04
           Stress_EigVec1 =  6.7836201461E-02  6.2836472799E-01  7.7495549445E-01
           Stress_EigVec2 = -5.2505692289E-01  6.8296453330E-01 -5.0781362131E-01
           Stress_EigVec3 =  8.4835928562E-01  3.7244760017E-01 -3.7625697020E-01
           -DivStress = -4.4703664655E+02  1.3583824781E+03  4.0010644791E+02
           ESP =  -1.4709921721E+01     ESP at Nucleus =  -1.4709921740E+01
           ESPe = -3.3330348019E+01     ESPe at Nucleus = -3.3330347946E+01
           ESPn =  1.8620426298E+01     ESPn at Nucleus =  1.8620426205E+01

CP# 7      Coords = -7.22736621421605E-01  4.39744112601486E+00 -1.21246704352300E+00
           Type = (3,-3) NACP C7
           Rho =  1.1762567447E+02     Rho at Nucleus =  1.1762567121E+02
           GradRho =  5.1784410093E-12  2.9640456756E-11  5.1572079940E-12
           HessRho_EigVals = -1.4492379373E+05 -1.4492235291E+05 -1.4492177736E+05
           HessRho_EigVec1 =  3.5594489568E-01  1.3915007730E-01  9.2408900395E-01
           HessRho_EigVec2 =  8.4618228932E-01  3.7165508452E-01 -3.8190055170E-01
           HessRho_EigVec3 = -3.9658386815E-01  9.1788330094E-01  1.4542399320E-02
           DelSqRho = -4.3476792400E+05
           Bond Ellipticity = NA
           V = -1.0870220385E+05
           G =  5.1114248761E+00
           K =  1.0869709243E+05
           L =  1.0869198100E+05
           Vnuc =  8.9484442884E+05
           Ven = -1.0525667948E+08
           Vrep =  1.0514797728E+08
           DelSqV =  2.4938404922E+09
           DelSqVen =  3.8904965376E+11
           DelSqVrep = -3.8655581327E+11
           DelSqG =  1.3393850535E+08
           DelSqK = -2.6277789976E+09
           Stress_EigVals = -3.6234486098E+04 -3.6233942866E+04 -3.6233774887E+04
           Stress_EigVec1 = -4.0283637794E-01  9.1523359584E-01 -8.3855622172E-03
           Stress_EigVec2 =  8.4529177579E-01  3.6850699407E-01 -3.8689069399E-01
           Stress_EigVec3 =  3.5100522273E-01  1.6294189260E-01  9.2208745423E-01
           -DivStress = -1.5812294148E+03 -1.4055608646E+03 -5.0085325744E+03
           ESP =  -1.4669269049E+01     ESP at Nucleus =  -1.4669269255E+01
           ESPe = -2.9873675841E+01     ESPe at Nucleus = -2.9873669781E+01
           ESPn =  1.5204406791E+01     ESPn at Nucleus =  1.5204400526E+01

CP# 8      Coords = -9.07371616615192E+00 -4.41747688990710E-01  2.59039214547072E-01
           Type = (3,-3) NACP H8
           Rho =  4.2591611734E-01     Rho at Nucleus =  4.2225973595E-01
           GradRho =  7.5951193772E-09 -9.9317152419E-10 -6.1975937210E-10
           HessRho_EigVals = -6.4848303502E+00 -6.4783200155E+00 -5.8879136573E+00
           HessRho_EigVec1 =  1.0762473902E-01  9.6667638689E-01 -2.3227931156E-01
           HessRho_EigVec2 =  1.0798188995E-01  2.2088830276E-01  9.6930298109E-01
           HessRho_EigVec3 =  9.8831008646E-01 -1.2940293943E-01 -8.0610497288E-02
           DelSqRho = -1.8851064023E+01
           Bond Ellipticity = NA
           V = -4.7218587515E+00
           G =  4.5463729004E-03
           K =  4.7173123786E+00
           L =  4.7127660057E+00
           Vnuc =  4.0044426533E+01
           Ven = -1.7055566670E+01
           Vrep =  1.2333707918E+01
           DelSqV =  7.0994046950E+02
           DelSqVen =  7.5488006100E+02
           DelSqVrep = -4.4939591502E+01
           DelSqG =  6.9862757154E+01
           DelSqK = -7.7980322665E+02
           Stress_EigVals = -1.6244924960E+00 -1.6237792768E+00 -1.4735869788E+00
           Stress_EigVec1 =  1.0921570338E-01  9.6588241396E-01 -2.3482566414E-01
           Stress_EigVec2 =  1.0824004877E-01  2.2327803570E-01  9.6872648907E-01
           Stress_EigVec3 =  9.8810729275E-01 -1.3121768622E-01 -8.0161691877E-02
           -DivStress = -7.7708960073E+00  1.0198198863E+00  6.3319808317E-01
           ESP =  -1.1143450635E+00     ESP at Nucleus =  -1.1167760840E+00
           ESPe = -1.2411295892E+01     ESPe at Nucleus = -1.2330394228E+01
           ESPn =  1.1296950828E+01     ESPn at Nucleus =  1.1213618144E+01

CP# 9      Coords = -7.07832183438122E+00 -4.57618168710547E+00  9.84892816119415E-01
           Type = (3,-3) NACP H9
           Rho =  4.2589844329E-01     Rho at Nucleus =  4.2223606356E-01
           GradRho =  1.6822480908E-15  4.4235448637E-15 -1.1934897515E-15
           HessRho_EigVals = -6.4849779161E+00 -6.4787069209E+00 -5.8875756325E+00
           HessRho_EigVec1 = -8.3636722419E-01  5.4720795723E-01 -3.2454858536E-02
           HessRho_EigVec2 =  1.0781606277E-01  2.2226070829E-01  9.6900767497E-01
           HessRho_EigVec3 =  5.3746215021E-01  8.0694710427E-01 -2.4488937910E-01
           DelSqRho = -1.8851260470E+01
           Bond Ellipticity = NA
           V = -4.7218647412E+00
           G =  4.5248119309E-03
           K =  4.7173399293E+00
           L =  4.7128151174E+00
           Vnuc =  4.0374829607E+01
           Ven = -1.7195577078E+01
           Vrep =  1.2473712336E+01
           DelSqV =  7.0992510614E+02
           DelSqVen =  7.6111642933E+02
           DelSqVrep = -5.1191323185E+01
           DelSqG =  6.9866350453E+01
           DelSqK = -7.7979145659E+02
           Stress_EigVals = -1.6245603681E+00 -1.6238111351E+00 -1.4734932380E+00
           Stress_EigVec1 = -8.3729733912E-01  5.4585273828E-01 -3.1272256475E-02
           Stress_EigVec2 =  1.0844165296E-01  2.2185776513E-01  9.6903020590E-01
           Stress_EigVec3 =  5.3588578430E-01  8.0797519774E-01 -2.4495408962E-01
           -DivStress = -4.2241484227E+00 -6.3540079937E+00  1.9273757127E+00
           ESP =  -1.1156250355E+00     ESP at Nucleus =  -1.1180581777E+00
           ESPe = -1.2766726814E+01     ESPe at Nucleus = -1.2685581464E+01
           ESPn =  1.1651101778E+01     ESPn at Nucleus =  1.1567523286E+01

CP# 10     Coords = -3.99991815087869E+00 -3.20520058607645E+00  3.27774926941772E-01
           Type = (3,-3) NACP H10
           Rho =  4.2450322524E-01     Rho at Nucleus =  4.2071695730E-01
           GradRho = -5.6725457664E-16  9.5756735874E-16 -3.8380756906E-17
           HessRho_EigVals = -6.4583825630E+00 -6.4518947222E+00 -5.8507986660E+00
           HessRho_EigVec1 =  1.0531571450E-01  9.6672219145E-01 -2.3314545853E-01
           HessRho_EigVec2 =  1.0788614603E-01  2.2195826041E-01  9.6906919780E-01
           HessRho_EigVec3 =  9.8856925897E-01 -1.2721137995E-01 -8.0920238729E-02
           DelSqRho = -1.8761075951E+01
           Bond Ellipticity = NA
           V = -4.6993648401E+00
           G =  4.5479261249E-03
           K =  4.6948169139E+00
           L =  4.6902689878E+00
           Vnuc =  4.2745610076E+01
           Ven = -1.8145649342E+01
           Vrep =  1.3446284502E+01
           DelSqV =  7.0588371478E+02
           DelSqVen =  8.0195363722E+02
           DelSqVrep = -9.6069922437E+01
           DelSqG =  6.9441595178E+01
           DelSqK = -7.7532530996E+02
           Stress_EigVals = -1.6178535407E+00 -1.6171296814E+00 -1.4643816180E+00
           Stress_EigVec1 =  1.0699296950E-01  9.6638307439E-01 -2.3378677892E-01
           Stress_EigVec2 =  1.0794815504E-01  2.2245586360E-01  9.6894818467E-01
           Stress_EigVec3 =  9.8838236543E-01 -1.2890749503E-01 -8.0518056509E-02
           -DivStress =  7.8934174762E+00 -1.0169187205E+00 -6.4607546665E-01
           ESP =  -1.1169986559E+00     ESP at Nucleus =  -1.1194984942E+00
           ESPe = -1.5686349189E+01     ESPe at Nucleus = -1.5658987160E+01
           ESPn =  1.4569350533E+01     ESPn at Nucleus =  1.4539488665E+01

CP# 11     Coords = -1.73603454534646E+00  5.93752573976755E+00 -1.99210468239737E+00
           Type = (3,-3) NACP H11
           Rho =  4.2425447503E-01     Rho at Nucleus =  4.2008582566E-01
           GradRho =  1.1554125712E-14 -1.5878791337E-14  9.3930939415E-15
           HessRho_EigVals = -6.4606950938E+00 -6.4494636666E+00 -5.8050508557E+00
           HessRho_EigVec1 =  1.4565371677E-01  5.2779786537E-01  8.3678815007E-01
           HessRho_EigVec2 = -8.4943390397E-01 -3.6689788504E-01  3.7927296864E-01
           HessRho_EigVec3 = -5.0719526573E-01  7.6603874266E-01 -3.9488936066E-01
           DelSqRho = -1.8715209616E+01
           Bond Ellipticity = NA
           V = -4.6868457799E+00
           G =  4.0216879083E-03
           K =  4.6828240920E+00
           L =  4.6788024040E+00
           Vnuc =  4.0619983398E+01
           Ven = -1.7233209732E+01
           Vrep =  1.2546363952E+01
           DelSqV =  7.0256310313E+02
           DelSqVen =  7.6021150390E+02
           DelSqVrep = -5.7648400767E+01
           DelSqG =  6.9142860988E+01
           DelSqK = -7.7170596412E+02
           Stress_EigVals = -1.6173499561E+00 -1.6170410011E+00 -1.4524548226E+00
           Stress_EigVec1 =  1.4429961522E-01  5.2818824842E-01  8.3677643088E-01
           Stress_EigVec2 = -8.4957660806E-01 -3.6743120744E-01  3.7843611725E-01
           Stress_EigVec3 = -5.0734328427E-01  7.6551386796E-01 -3.9571619865E-01
           -DivStress = -4.2482518447E+00  6.4267096264E+00 -3.2963548105E+00
           ESP =  -1.0576085405E+00     ESP at Nucleus =  -1.0604371572E+00
           ESPe = -1.4889166266E+01     ESPe at Nucleus = -1.4781830443E+01
           ESPn =  1.3831557725E+01     ESPn at Nucleus =  1.3721393286E+01

CP# 12     Coords = -5.41186863832431E-01  1.27417604566612E+00 -3.86885679441341E+00
           Type = (3,-3) NACP H12
           Rho =  4.2053478385E-01     Rho at Nucleus =  4.1660414928E-01
           GradRho =  2.8195179741E-10  4.9441508266E-10  1.1159964636E-09
           HessRho_EigVals = -6.4050154670E+00 -6.3999801052E+00 -5.7847856473E+00
           HessRho_EigVec1 =  4.8034174582E-01 -8.4079334614E-01  2.4967650333E-01
           HessRho_EigVec2 =  8.4756738129E-01  3.7174784436E-01 -3.7872559247E-01
           HessRho_EigVec3 =  2.2561325626E-01  3.9353537237E-01  8.9119502315E-01
           DelSqRho = -1.8589781220E+01
           Bond Ellipticity = NA
           V = -4.6562601520E+00
           G =  4.4074235612E-03
           K =  4.6518527284E+00
           L =  4.6474453049E+00
           Vnuc =  4.3126185707E+01
           Ven = -1.8136061185E+01
           Vrep =  1.3479801033E+01
           DelSqV =  6.9892225793E+02
           DelSqVen =  8.0170635901E+02
           DelSqVrep = -1.0278410109E+02
           DelSqG =  6.8827621244E+01
           DelSqK = -7.6774987917E+02
           Stress_EigVals = -1.6043917319E+00 -1.6043493943E+00 -1.4475190258E+00
           Stress_EigVec1 =  8.4892656872E-01  3.6938264967E-01 -3.7799489288E-01
           Stress_EigVec2 =  4.7814178677E-01 -8.4149821993E-01  2.5151774806E-01
           Stress_EigVec3 =  2.2517573728E-01  3.9425525230E-01  8.9098747655E-01
           -DivStress = -1.8225741496E+00 -3.2023854715E+00 -7.2201519331E+00
           ESP =  -1.0679443022E+00     ESP at Nucleus =  -1.0706625893E+00
           ESPe = -1.6677499251E+01     ESPe at Nucleus = -1.6578703403E+01
           ESPn =  1.5609554949E+01     ESPn at Nucleus =  1.5508040813E+01

CP# 13     Coords = -5.99047569921476E+00  9.22646385052631E-01 -3.96548905546295E-01
           Type = (3,-3) NACP H13
           Rho =  4.2563691335E-01     Rho at Nucleus =  4.2195616434E-01
           GradRho = -2.3531523952E-15 -4.6369158513E-15  1.3340023530E-15
           HessRho_EigVals = -6.4805893728E+00 -6.4739667168E+00 -5.8816447003E+00
           HessRho_EigVec1 = -8.3413958371E-01  5.5059568517E-01 -3.2489172967E-02
           HessRho_EigVec2 =  1.0827111629E-01  2.2121783615E-01  9.6919556042E-01
           HessRho_EigVec3 =  5.4082207820E-01  8.0492674228E-01 -2.4414016321E-01
           DelSqRho = -1.8836200790E+01
           Bond Ellipticity = NA
           V = -4.7182037030E+00
           G =  4.5767527761E-03
           K =  4.7136269503E+00
           L =  4.7090501975E+00
           Vnuc =  4.2268309092E+01
           Ven = -1.7990952614E+01
           Vrep =  1.3272748911E+01
           DelSqV =  7.0926922316E+02
           DelSqVen =  7.9617435710E+02
           DelSqVrep = -8.6905133941E+01
           DelSqG =  6.9802561226E+01
           DelSqK = -7.7907178438E+02
           Stress_EigVals = -1.6234070935E+00 -1.6227012872E+00 -1.4720953223E+00
           Stress_EigVec1 = -8.3489616535E-01  5.4958198366E-01 -3.0133641109E-02
           Stress_EigVec2 =  1.0993674981E-01  2.2015425024E-01  9.6925023453E-01
           Stress_EigVec3 =  5.3931651572E-01  8.0591050951E-01 -2.4422519635E-01
           -DivStress =  4.2688252636E+00  6.3461117493E+00 -1.9252015047E+00
           ESP =  -1.1149525074E+00     ESP at Nucleus =  -1.1173880451E+00
           ESPe = -1.4743514473E+01     ESPe at Nucleus = -1.4700796038E+01
           ESPn =  1.3628561966E+01     ESPn at Nucleus =  1.3583407993E+01

CP# 14     Coords =  2.24976147277690E+00  2.57671816871465E+00  3.66240534808285E+00
           Type = (3,-3) NACP H14
           Rho =  4.2276301757E-01     Rho at Nucleus =  4.1851473727E-01
           GradRho = -1.3643600139E-15  4.4625761420E-16  5.2735593670E-16
           HessRho_EigVals = -6.4351360770E+00 -6.4242428764E+00 -5.7728011167E+00
           HessRho_EigVec1 = -3.2857383229E-01  9.2853266207E-01  1.7281878428E-01
           HessRho_EigVec2 =  8.4877794361E-01  3.7055285635E-01 -3.7718242681E-01
           HessRho_EigVec3 =  4.1426469700E-01 -2.2752496883E-02  9.0987201556E-01
           DelSqRho = -1.8632180070E+01
           Bond Ellipticity = NA
           V = -4.6660996514E+00
           G =  4.0273169339E-03
           K =  4.6620723345E+00
           L =  4.6580450175E+00
           Vnuc =  4.1909057434E+01
           Ven = -1.7717599584E+01
           Vrep =  1.3051499933E+01
           DelSqV =  6.9903552317E+02
           DelSqVen =  7.8085710469E+02
           DelSqVrep = -8.1821581517E+01
           DelSqG =  6.8786971595E+01
           DelSqK = -7.6782249476E+02
           Stress_EigVals = -1.6110261064E+00 -1.6106842830E+00 -1.4443892620E+00
           Stress_EigVec1 = -3.2891400396E-01  9.2813567075E-01  1.7429789065E-01
           Stress_EigVec2 =  8.4844399849E-01  3.7147578805E-01 -3.7702588813E-01
           Stress_EigVec3 =  4.1467862186E-01 -2.3872904810E-02  9.0965472845E-01
           -DivStress =  3.4954097924E+00 -1.8714625189E-01  7.6824874086E+00
           ESP =  -1.0543928561E+00     ESP at Nucleus =  -1.0572746494E+00
           ESPe = -1.6491092453E+01     ESPe at Nucleus = -1.6381838544E+01
           ESPn =  1.5436699597E+01     ESPn at Nucleus =  1.5324563894E+01

CP# 15     Coords =  2.46233225459729E+00 -1.66643306513247E+00 -7.66212609812986E-02
           Type = (3,-3) NACP C15
           Rho =  1.1736486502E+02     Rho at Nucleus =  1.1736485981E+02
           GradRho = -2.9936469970E-12  5.0043198752E-12 -7.0014827269E-13
           HessRho_EigVals = -1.4453481629E+05 -1.4453476720E+05 -1.4453276002E+05
           HessRho_EigVec1 =  5.9813453975E-01  2.6756097576E-01  7.5541127647E-01
           HessRho_EigVec2 =  6.8655647051E-01  3.1513396934E-01 -6.5523338908E-01
           HessRho_EigVec3 = -4.1337063897E-01  9.1055022136E-01  4.7967925464E-03
           DelSqRho = -4.3360234351E+05
           Bond Ellipticity = NA
           V = -1.0840964589E+05
           G =  4.5300067050E+00
           K =  1.0840511588E+05
           L =  1.0840058588E+05
           Vnuc =  7.0652805851E+05
           Ven = -8.2921570219E+07
           Vrep =  8.2813160574E+07
           DelSqV =  2.4870965266E+09
           DelSqVen =  3.0635222362E+11
           DelSqVrep = -3.0386512696E+11
           DelSqG =  1.3351111705E+08
           DelSqK = -2.6206076436E+09
           Stress_EigVals = -3.6136938530E+04 -3.6136359864E+04 -3.6136347497E+04
           Stress_EigVec1 = -4.1444200782E-01  9.1004496905E-01  7.4817419103E-03
           Stress_EigVec2 =  5.3524875752E-01  2.5038907614E-01 -8.0673048667E-01
           Stress_EigVec3 =  7.3603436721E-01  3.3033840960E-01  5.9087219043E-01
           -DivStress = -2.7597981034E+03  6.2840244113E+03 -8.0278492444E+01
           ESP =  -1.4473656311E+01     ESP at Nucleus =  -1.4473656618E+01
           ESPe = -3.3892496637E+01     ESPe at Nucleus = -3.3892497781E+01
           ESPn =  1.9418840327E+01     ESPn at Nucleus =  1.9418841163E+01

CP# 16     Coords =  3.58499250736996E+00 -2.18365679896995E+00  2.15592503539062E+00
           Type = (3,-3) NACP F16
           Rho =  4.1874965839E+02     Rho at Nucleus =  4.1874963011E+02
           GradRho = -2.1187607224E-10 -2.4598878490E-10 -1.4820500382E-10
           HessRho_EigVals = -1.1738273248E+06 -1.1737842012E+06 -1.1737835205E+06
           HessRho_EigVec1 =  4.4291902314E-01 -2.1011766763E-01  8.7159239596E-01
           HessRho_EigVec2 =  8.0768084840E-01  5.1552180020E-01 -2.8616240259E-01
           HessRho_EigVec3 = -3.8919710441E-01  8.3071525764E-01  3.9804242820E-01
           DelSqRho = -3.5213950465E+06
           Bond Ellipticity = NA
           V = -8.8058172725E+05
           G =  1.1648281346E+02
           K =  8.8046524443E+05
           L =  8.8034876162E+05
           Vnuc =  1.2966525594E+06
           Ven = -5.4297281629E+08
           Vrep =  5.4209223456E+08
           DelSqV =  4.6341081258E+10
           DelSqVen =  4.5660259041E+12
           DelSqVrep = -4.5196848208E+12
           DelSqG =  2.4685772911E+09
           DelSqK = -4.8809658549E+10
           Stress_EigVals = -2.9353096629E+05 -2.9353079684E+05 -2.9351996412E+05
