AIMSum (Version 19.02.13, Professional)
Copyright (c) 1997-2019 by Todd A. Keith
AIMSum is a component of the AIMAll package ( http://aim.tkgristmill.com )

TP:  64-bit Linux

Much of the Quantum Theory of Atoms in Molecules (QTAIM) is described in the book:
  "Atoms in Molecules - A Quantum Theory"
  R.F.W. Bader, Oxford University Press, Oxford, 1990

For additional references see:  http://aim.tkgristmill.com/references.html

Wfn File:  /home/mhennefarth/Documents/ML_Diels/summary-pieniazek2006/r_1a-opt/r_1a-opt.wfn
Sum File:  /home/mhennefarth/Documents/ML_Diels/summary-pieniazek2006/r_1a-opt/r_1a-opt.sum

SumViz File:  /home/mhennefarth/Documents/ML_Diels/summary-pieniazek2006/r_1a-opt/r_1a-opt.sumviz

Wfn Title:   Title Card Required                                                           
 
Total memory allocated for AIMSum =        0.730 Megabytes

Atomic units (a.u.) used throughout, except where stated otherwise

Model:  Restricted SCF
 
Restricted, closed-shell, single-determinant wavefunction.
  Number of electrons (from MO Occs)                   =          52.0000000000
  Number of Alpha electrons (from MO Occs)             =          26.0000000000
  Number of Beta electrons (from MO Occs)              =          26.0000000000
  Number of electron pairs (N*(N-1)/2)                 =        1326.0000000000
  Number of electron pairs (from Muller 2EDM)          =        1326.0000000000
 
Nuclear Charges and Cartesian Coordinates:
-------------------------------------------------------------------------------
Atom      Charge                X                  Y                  Z
-------------------------------------------------------------------------------
O1         8.0          -3.2346258000E+00  -2.1254280000E-01  -1.9279556400E+00
C2         6.0          -1.9281711100E+00   1.5072964600E+00   1.7110957300E+00
C3         6.0           5.5698852600E+00   1.2817138400E+00  -2.8643727000E-01
C4         6.0          -2.5901296300E+00  -2.1310053800E+00  -3.3218403000E-01
C5         6.0           5.5883906500E+00  -1.2335130900E+00  -2.6027623000E-01
C6         6.0          -1.7781685600E+00  -1.1947351700E+00   1.9219542300E+00
C7         6.0          -2.8191540600E+00   1.9885564800E+00  -6.5357007000E-01
H8         1.0           7.2963357900E+00   2.3801907700E+00  -4.8150618000E-01
H9         1.0           7.3306330100E+00  -2.3106148900E+00  -4.3283336000E-01
H10        1.0           3.8521041000E+00  -2.3148711700E+00  -6.6764100000E-02
H11        1.0          -1.1568138800E+00  -2.2779739700E+00   3.5388072100E+00
H12        1.0          -3.2501557400E+00   3.6975156600E+00  -1.6801447800E+00
H13        1.0          -1.4449234500E+00   2.8892142800E+00   3.1361290100E+00
H14        1.0           3.8181949200E+00   2.3420432900E+00  -1.1584701000E-01
H15        1.0          -2.8242836000E+00  -4.0150404100E+00  -1.0776898900E+00
 
Some Atomic Properties:
----------------------
  q(A) = Net Charge of Atom A
  L(A) = Lagrangian of Atom A = -(1/4) Times Atomic Integral of the Laplacian of the Electron Density
  K(A) = Electronic Kinetic Energy of Atom A (Hamiltonian Form)
  K_Scaled(A) = K(A) * E(Mol)/K(Mol) = Approximation to Virial-Based Total Energy of Atom A.
  |Mu_Intra(A)| = Magnitude of Intraatomic Dipole Moment of Atom A
--------------------------------------------------------------------------------------------------
Atom A          q(A)              L(A)              K(A)          K_Scaled(A)      |Mu_Intra(A)|
--------------------------------------------------------------------------------------------------
O1       -1.1022286522E+00  8.4290577146E-05  7.5278938424E+01 -7.6006416018E+01  2.1835203892E-01
C2       -3.3787048900E-02 -3.7453477568E-05  3.7716858495E+01 -3.8081345163E+01  2.3451083017E-01
C3       -8.2476957400E-02 -3.7075243067E-05  3.7695494389E+01 -3.8059774599E+01  9.4054509135E-02
C4        4.2883392730E-01 -1.7157379112E-04  3.7424089693E+01 -3.7785747114E+01  7.9711893831E-01
C5       -8.2463645400E-02  3.9169129134E-05  3.7695606521E+01 -3.8059887815E+01  9.4245560832E-02
C6       -3.2886375600E-02 -1.4459877615E-04  3.7716705641E+01 -3.8081190832E+01  2.3450657351E-01
C7        4.3010813270E-01  2.0698336278E-05  3.7423786194E+01 -3.7785440682E+01  7.9648210401E-01
H8        3.4488207830E-02  2.3662772353E-05  5.9770045304E-01 -6.0347648677E-01  1.4853052957E-01
H9        3.4471490720E-02  2.5907739273E-05  5.9769954211E-01 -6.0347556704E-01  1.4854619450E-01
H10       4.4608417950E-02  1.8445007631E-05  5.9349918545E-01 -5.9923461914E-01  1.4500555503E-01
H11       6.7218095670E-02  1.8595967446E-05  5.8272781392E-01 -5.8835915566E-01  1.4513672373E-01
H12       9.1169139320E-02  1.8358857480E-05  5.7802834622E-01 -5.8361427343E-01  1.4253344607E-01
H13       6.6673069980E-02  2.0717303026E-05  5.8291023513E-01 -5.8854333974E-01  1.4525659560E-01
H14       4.5224215030E-02  2.1987183687E-05  5.9327599805E-01 -5.9900927491E-01  1.4470189060E-01
H15       9.1065924690E-02  2.6711898106E-05  5.7805591965E-01 -5.8364211332E-01  1.4254867027E-01
--------------------------------------------------------------------------------------------------
Total     1.7941689999E-05 -7.2156516345E-05  3.0565537685E+02 -3.0860915705E+02
 
1st Largest |L(A)| = 1.7157379112E-04, atom C4      
2nd Largest |L(A)| = 1.4459877615E-04, atom C6      
 
Molecular charge q(Mol) from the wfn file:   0.0000000000E+00
Molecular energy E(Mol) from the wfn file:  -3.0860917157E+02
Molecular virial ratio (-V(Mol)/T(Mol)) from the wfn file:   2.0096637600E+00
Note.  K_Scaled(A) = (1+V(Mol)/T(Mol))*K(A) = (E(Mol)/T(Mol))*K(A)
       Only use K_Scaled(A) data with caution.
 
N_AIMInt(SumA)     =         51.999982
N_Analytic(Mol)    =         51.999990
 
G_AIMInt(SumA)     =        305.655449
G_Analytic(Mol)    =        305.655369
 
K_AIMInt(SumA)     =        305.655377
K_Analytic(Mol)    =        305.655369
 
L_AIMInt(SumA)     =         -0.000072
L_Analytic(Mol)    =          0.000000
 
VenT_AIMInt(SumA)  =      -1241.101976
VenT_Analytic(Mol) =      -1241.101164
 
Some Information About the Atomic Calculations:
----------------------------------------------
  Time(sec) = "Elapsed User Time", in Seconds, for Atom A by AIMInt and, if used, by TWOe
  NProc = Number of Processors Used for AIMInt Job
  BIM = Basin Integration Method
  OAQ = Angular Quadrature Outside of Beta Sphere
  ORQ = Multiple of Default for Radial Quadrature Outside of Beta Sphere
  IAQ = Multiple of Default for Angular Quadrature Inside of Beta Sphere
  IRQ = Multiple of Default for Radial Quadrature Inside of Beta Sphere
  MIR = Maximum Integration Radius
------------------------------------------------------------------------------------------------------
Atom A     Time(sec)   NProc      BIM          OAQ                     ORQ      IAQ      IRQ      MIR
------------------------------------------------------------------------------------------------------
O1             14        8     Proaim(5)    4500(GS4)                  1.00     1.00     1.00    13.00
C2             23        8     Proaim(5)    4500(GS4)                  1.00     1.00     1.00    13.00
C3             22        8     Proaim(5)    4500(GS4)                  1.00     1.00     1.00    13.00
C4             20        8     Proaim(5)    4500(GS4)                  1.00     1.00     1.00    13.00
C5             17        8     Proaim(5)    4500(GS4)                  1.00     1.00     1.00    13.00
C6             26        8     Proaim(5)    4500(GS4)                  1.00     1.00     1.00    13.00
C7             18        8     Proaim(5)    4500(GS4)                  1.00     1.00     1.00    13.00
H8              4        8     Proaim(5)    1800(GS4)                  1.00     1.00     1.00    13.00
H9              4        8     Proaim(5)    1800(GS4)                  1.00     1.00     1.00    13.00
H10            11        8     Proaim(5)    4500(GS4)                  1.00     1.00     1.00    13.00
H11             5        8     Proaim(5)    1800(GS4)                  1.00     1.00     1.00    13.00
H12             5        8     Proaim(5)    1800(GS4)                  1.00     1.00     1.00    13.00
H13             5        8     Proaim(5)    1800(GS4)                  1.00     1.00     1.00    13.00
H14            10        8     Proaim(5)    4500(GS4)                  1.00     1.00     1.00    13.00
H15             6        8     Proaim(5)    1800(GS4)                  1.00     1.00     1.00    13.00
------------------------------------------------------------------------------------------------------
Total         190
Note:  Total wall clock time is less than total of atomic times if more than one atom
       was calculated at a time
 
Electron Density Critical Point Analysis of Molecular Structure:               
---------------------------------------------------------------                
  NACP = Nuclear Attractor Critical Point                                      
  NNACP = Non-Nuclear Attractor Critical Point                                 
  BCP = Bond Critical Point                                                    
  RCP = Ring Critical Point                                                    
  CCP = Cage Critical Point                                                    
  Rho = Electron Density                                                       
  GradRho = Gradient of Electron Density                                       
  HessRho_EigVals = Eigenvalues of the Hessian of Rho, Ascending Order         
  HessRho_EigVecs = Eigenvectors of the Hessian of Rho                         
  DelSqRho = Laplacian of Rho = Trace of Hessian of Rho                        
  Bond Ellipticity = (HessRho_EigVal(1) / HessRho_EigVal(2)) - 1               
  V = Virial Field = Potential Energy Density = Trace of Stress Tensor         
  G = Lagrangian Form of Kinetic Energy Density                                
  K = Hamiltonian Form of Kinetic Energy Density                               
  L = K - G = Lagrangian Density = (-1/4)DelSqRho                              
  Vnuc = Electrostatic Potential from Nuclei                                   
  Ven = Electron-nuclear attractive contribution to Virial Field V             
  Vrep = V - Ven = Repulsive contribution to Virial Field V                    
  DelSqV = Laplacian of V                                                      
  DelSqVen = Laplacian of Ven                                                  
  DelSqVrep = Laplacian of Vrep                                                
  DelSqG = Laplacian of G                                                      
  DelSqK = Laplacian of K                                                      
  Stress_EigVals = Eigenvalues of Stress Tensor, Ascending Order               
  Stress_EigVecs = Eigenvectors of Stress Tensor                               
  -DivStress = Ehrenfest Force Density = Minus Divergence of Stress Tensor     
  ESP = Total Electrostatic Potential                                          
  ESPe = Electrostatic Potential from Electrons                                
  ESPn = Electrostatic Potential from Nuclei                                   
  BP = Bond Path                                                               
  BPL = Bond Path Length                                                       
  GBL = Geometric Bond Length                                                  
  GBL_I = Distance Between Nuclear Attractors                                  
  GBL_II = Distance Between Nuclei                                             
  GBL_III = Sum of Distances Between BCP and Nuclear Attractors                
  GBL_IV = Sum of Distances Between BCP and Nuclei                             

CP# 1      Coords = -3.23462246775377E+00 -2.12541910504347E-01 -1.92794661543122E+00
           Type = (3,-3) NACP O1
           Rho =  2.8994248974E+02     Rho at Nucleus =  2.8994245991E+02
           GradRho = -1.0336828157E-10 -5.3429210232E-12 -1.4208319865E-11
           HessRho_EigVals = -6.3927013314E+05 -6.3925395364E+05 -6.3925388932E+05
           HessRho_EigVec1 = -5.5475342174E-02  9.9544368150E-01 -7.7552326703E-02
           HessRho_EigVec2 =  6.4944288673E-01  9.4970634912E-02  7.5445643703E-01
           HessRho_EigVec3 =  7.5838408691E-01 -8.5120779269E-03 -6.5175234656E-01
           DelSqRho = -1.9177779761E+06
           Bond Ellipticity = NA
           V = -4.7953804789E+05
           G =  4.6776931303E+01
           K =  4.7949127096E+05
           L =  4.7944449402E+05
           Vnuc =  8.2806846673E+05
           Ven = -2.4009223292E+08
           Vrep =  2.3961269487E+08
           DelSqV =  1.9776247775E+10
           DelSqVen =  1.5880514657E+12
           DelSqVrep = -1.5682752180E+12
           DelSqG =  1.0573645069E+09
           DelSqK = -2.0833612281E+10
           Stress_EigVals = -1.5984732451E+05 -1.5984714953E+05 -1.5984357385E+05
           Stress_EigVec1 =  9.2673217881E-01  2.2442952245E-02 -3.7505170664E-01
           Stress_EigVec2 =  3.7160224124E-01  9.2678282560E-02  9.2375457252E-01
           Stress_EigVec3 = -5.5490927800E-02  9.9544314244E-01 -7.7548095370E-02
           -DivStress = -2.1446861919E+04 -5.7249509690E+03 -5.8084359974E+04
           ESP =  -2.2247298291E+01     ESP at Nucleus =  -2.2247299420E+01
           ESPe = -3.2341032865E+01     ESPe at Nucleus = -3.2341015840E+01
           ESPn =  1.0093734574E+01     ESPn at Nucleus =  1.0093716420E+01

CP# 2      Coords = -1.92817089749539E+00  1.50729602177675E+00  1.71109597946733E+00
           Type = (3,-3) NACP C2
           Rho =  1.1763019600E+02     Rho at Nucleus =  1.1763019598E+02
           GradRho =  2.2476055522E-11 -3.2342507497E-11  1.7096049077E-11
           HessRho_EigVals = -1.4494265778E+05 -1.4494226319E+05 -1.4494208852E+05
           HessRho_EigVec1 =  9.3523530372E-01  3.0546848676E-02 -3.5270641717E-01
           HessRho_EigVec2 = -1.4301158047E-01  9.4396403595E-01 -2.9745518433E-01
           HessRho_EigVec3 =  3.2385585455E-01  3.2863169182E-01  8.8719704497E-01
           DelSqRho = -4.3482700949E+05
           Bond Ellipticity = NA
           V = -1.0871715363E+05
           G =  5.2006285596E+00
           K =  1.0871195300E+05
           L =  1.0870675237E+05
           Vnuc =  1.0964851269E+07
           Ven = -1.2897976039E+09
           Vrep =  1.2896888868E+09
           DelSqV =  2.4941968252E+09
           DelSqVen =  4.7678087496E+12
           DelSqVrep = -4.7653140285E+12
           DelSqG =  1.3397077981E+08
           DelSqK = -2.6281676050E+09
           Stress_EigVals = -3.6239273003E+04 -3.6239117493E+04 -3.6238763133E+04
           Stress_EigVec1 =  2.9759877916E-01  4.5757964588E-01  8.3788772179E-01
           Stress_EigVec2 = -1.8270064684E-01  8.8872904747E-01 -4.2045350972E-01
           Stress_EigVec3 =  9.3704612495E-01  2.7956177568E-02 -3.4808477681E-01
           -DivStress = -1.7208691752E+02  3.6088122601E+02 -2.0050283428E+02
           ESP =  -1.4739879202E+01     ESP at Nucleus =  -1.4739879203E+01
           ESPe = -2.5720038884E+01     ESPe at Nucleus = -2.5720038781E+01
           ESPn =  1.0980159682E+01     ESPn at Nucleus =  1.0980159577E+01

CP# 3      Coords =  5.56988543103633E+00  1.28171484930610E+00 -2.86437304733014E-01
           Type = (3,-3) NACP C3
           Rho =  1.1767913481E+02     Rho at Nucleus =  1.1767913474E+02
           GradRho =  5.1975874125E-11  2.3685843976E-10 -8.4551377672E-12
           HessRho_EigVals = -1.4500657077E+05 -1.4500552877E+05 -1.4500532630E+05
           HessRho_EigVec1 =  1.0459532837E-01  9.5085385500E-03  9.9446940877E-01
           HessRho_EigVec2 =  9.8792071080E-01  1.1396691842E-01 -1.0499624128E-01
           HessRho_EigVec3 = -1.1433497479E-01  9.9343904151E-01  2.5267250932E-03
           DelSqRho = -4.3501742584E+05
           Bond Ellipticity = NA
           V = -1.0876454190E+05
           G =  5.0927171817E+00
           K =  1.0875944918E+05
           L =  1.0875435646E+05
           Vnuc =  5.8577559796E+06
           Ven = -6.8933565563E+08
           Vrep =  6.8922689109E+08
           DelSqV =  2.4952849676E+09
           DelSqVen =  2.5482260644E+12
           DelSqVrep = -2.5457307794E+12
           DelSqG =  1.3403273124E+08
           DelSqK = -2.6293176988E+09
           Stress_EigVals = -3.6255109858E+04 -3.6254992036E+04 -3.6254440001E+04
           Stress_EigVec1 = -5.7639992551E-02  9.9832694263E-01 -4.5767759221E-03
           Stress_EigVec2 =  9.9283927619E-01  5.6841476288E-02 -1.0506768404E-01
           Stress_EigVec3 =  1.0463174908E-01  1.0600103419E-02  9.9445454139E-01
           -DivStress = -1.3881605373E+02 -8.1950896267E+02  2.8568539665E+01
           ESP =  -1.4751700137E+01     ESP at Nucleus =  -1.4751700152E+01
           ESPe = -2.2850394267E+01     ESPe at Nucleus = -2.2850395253E+01
           ESPn =  8.0986941302E+00     ESPn at Nucleus =  8.0986951011E+00

CP# 4      Coords = -2.59013148785166E+00 -2.13100129605211E+00 -3.32188881442947E-01
           Type = (3,-3) NACP C4
           Rho =  1.1762105052E+02     Rho at Nucleus =  1.1762104736E+02
           GradRho = -6.6278973412E-12  6.2576258872E-12 -2.2138465106E-12
           HessRho_EigVals = -1.4491845617E+05 -1.4491701854E+05 -1.4491651623E+05
           HessRho_EigVec1 = -2.4749135053E-01  7.5587050479E-01 -6.0614174200E-01
           HessRho_EigVec2 = -9.3788260582E-01 -2.9895944352E-02  3.4566233554E-01
           HessRho_EigVec3 =  2.4315478426E-01  6.5403823474E-01  7.1631678634E-01
           DelSqRho = -4.3475199094E+05
           Bond Ellipticity = NA
           V = -1.0869821670E+05
           G =  5.1094837706E+00
           K =  1.0869310722E+05
           L =  1.0868799773E+05
           Vnuc =  9.0799035869E+05
           Ven = -1.0679877985E+08
           Vrep =  1.0669008164E+08
           DelSqV =  2.4937498596E+09
           DelSqVen =  3.9475061427E+11
           DelSqVrep = -3.9225686416E+11
           DelSqG =  1.3393401160E+08
           DelSqK = -2.6276838712E+09
           Stress_EigVals = -3.6233140729E+04 -3.6232620206E+04 -3.6232455766E+04
           Stress_EigVec1 =  2.4056514639E-01  6.7655395282E-01  6.9599077527E-01
           Stress_EigVec2 =  9.3549494653E-01  2.9577589227E-02 -3.5209994496E-01
           Stress_EigVec3 =  2.5880033881E-01 -7.3579882790E-01  6.2579746684E-01
           -DivStress =  1.5061384430E+03 -3.3137842730E+03  3.9322949389E+03
           ESP =  -1.4691543145E+01     ESP at Nucleus =  -1.4691543346E+01
           ESPe = -2.5940952709E+01     ESPe at Nucleus = -2.5940947013E+01
           ESPn =  1.1249409564E+01     ESPn at Nucleus =  1.1249403667E+01

CP# 5      Coords =  5.58839083679880E+00 -1.23351409882452E+00 -2.60276244518856E-01
           Type = (3,-3) NACP C5
           Rho =  1.1767915943E+02     Rho at Nucleus =  1.1767915935E+02
           GradRho =  5.1346048073E-11 -2.3534856984E-10 -6.5731200864E-12
           HessRho_EigVals = -1.4500660933E+05 -1.4500556815E+05 -1.4500536597E+05
           HessRho_EigVec1 =  1.0489594299E-01  1.2875994368E-02  9.9439984408E-01
           HessRho_EigVec2 =  9.8937127570E-01 -1.0260542992E-01 -1.0303690875E-01
           HessRho_EigVec3 =  1.0070412086E-01  9.9463879601E-01 -2.3502032301E-02
           DelSqRho = -4.3501754346E+05
           Bond Ellipticity = NA
           V = -1.0876457154E+05
           G =  5.0928382043E+00
           K =  1.0875947870E+05
           L =  1.0875438586E+05
           Vnuc =  5.8475294512E+06
           Ven = -6.8813235056E+08
           Vrep =  6.8802358599E+08
           DelSqV =  2.4952856519E+09
           DelSqVen =  2.5437778739E+12
           DelSqVrep = -2.5412827193E+12
           DelSqG =  1.3403277615E+08
           DelSqK = -2.6293184280E+09
           Stress_EigVals = -3.6255119575E+04 -3.6255001914E+04 -3.6254450052E+04
           Stress_EigVec1 =  4.2656916819E-02  9.9895693766E-01 -1.6291843090E-02
           Stress_EigVec2 =  9.9356918993E-01 -4.4127439017E-02 -1.0427384115E-01
           Stress_EigVec3 =  1.0488399435E-01  1.1739072773E-02  9.9441517582E-01
           -DivStress = -1.5159287148E+02  8.1914034483E+02  1.2165480997E+01
           ESP =  -1.4751715495E+01     ESP at Nucleus =  -1.4751715510E+01
           ESPe = -2.2851245228E+01     ESPe at Nucleus = -2.2851246216E+01
           ESPn =  8.0995297329E+00     ESPn at Nucleus =  8.0995307055E+00

CP# 6      Coords = -1.77816840178137E+00 -1.19473467553451E+00  1.92195439637355E+00
           Type = (3,-3) NACP C6
           Rho =  1.1763005025E+02     Rho at Nucleus =  1.1763005023E+02
           GradRho =  1.5323666815E-12  4.2487038031E-11  1.6673977737E-12
           HessRho_EigVals = -1.4494226916E+05 -1.4494186857E+05 -1.4494169168E+05
           HessRho_EigVec1 =  9.3502340324E-01  1.8353859169E-02 -3.5411067655E-01
           HessRho_EigVec2 =  3.8315705215E-02  9.8758218680E-01  1.5235921714E-01
           HessRho_EigVec3 =  3.5250977593E-01 -1.5602743402E-01  9.2270921622E-01
           DelSqRho = -4.3482582941E+05
           Bond Ellipticity = NA
           V = -1.0871685796E+05
           G =  5.2003025959E+00
           K =  1.0871165765E+05
           L =  1.0870645735E+05
           Vnuc =  1.1005769299E+07
           Ven = -1.2946091957E+09
           Vrep =  1.2945004788E+09
           DelSqV =  2.4941898277E+09
           DelSqVen =  4.7855923364E+12
           DelSqVrep = -4.7830981466E+12
           DelSqG =  1.3397021242E+08
           DelSqK = -2.6281600401E+09
           Stress_EigVals = -3.6239175394E+04 -3.6239019137E+04 -3.6238663426E+04
           Stress_EigVec1 =  3.3974941735E-01 -2.8793399133E-01  8.9535710755E-01
           Stress_EigVec2 =  8.0660141274E-02  9.5739785518E-01  2.7727835926E-01
           Stress_EigVec3 =  9.3705083908E-01  2.1985530217E-02 -3.4850015989E-01
           -DivStress = -1.2747164389E+02 -4.0610482914E+02 -1.3227699839E+02
           ESP =  -1.4739833545E+01     ESP at Nucleus =  -1.4739833547E+01
           ESPe = -2.5751401021E+01     ESPe at Nucleus = -2.5751400909E+01
           ESPn =  1.1011567475E+01     ESPn at Nucleus =  1.1011567363E+01

CP# 7      Coords = -2.81915542330470E+00  1.98855151034433E+00 -6.53574211522890E-01
           Type = (3,-3) NACP C7
           Rho =  1.1762094394E+02     Rho at Nucleus =  1.1762094078E+02
           GradRho = -2.9568405450E-11 -7.6397484530E-12 -5.6032516951E-12
           HessRho_EigVals = -1.4491820705E+05 -1.4491677617E+05 -1.4491626691E+05
           HessRho_EigVec1 =  1.5720820015E-01  8.6300161792E-01  4.8011851587E-01
           HessRho_EigVec2 = -9.3897698293E-01 -1.9996466326E-02  3.4339826275E-01
           HessRho_EigVec3 =  3.0595393008E-01 -5.0480525830E-01  8.0719504697E-01
           DelSqRho = -4.3475125013E+05
           Bond Ellipticity = NA
           V = -1.0869802972E+05
           G =  5.1085951219E+00
           K =  1.0869292113E+05
           L =  1.0868781253E+05
           Vnuc =  9.0755867218E+05
           Ven = -1.0674790771E+08
           Vrep =  1.0663920968E+08
           DelSqV =  2.4937454768E+09
           DelSqVen =  3.9456226950E+11
           DelSqVrep = -3.9206852390E+11
           DelSqG =  1.3393367123E+08
           DelSqK = -2.6276791480E+09
           Stress_EigVals = -3.6233078894E+04 -3.6232556755E+04 -3.6232394072E+04
           Stress_EigVec1 =  3.0669627696E-01 -5.3029805374E-01  7.9039317299E-01
           Stress_EigVec2 =  9.3662884478E-01  2.0439715152E-02 -3.4972650052E-01
           Stress_EigVec3 = -1.6930387125E-01 -8.4756486020E-01 -5.0296123800E-01
           -DivStress =  1.1049251734E+03  4.0316493993E+03  3.3562868102E+03
           ESP =  -1.4691476470E+01     ESP at Nucleus =  -1.4691476671E+01
           ESPe = -2.5900592297E+01     ESPe at Nucleus = -2.5900586498E+01
           ESPn =  1.1209115828E+01     ESPn at Nucleus =  1.1209109827E+01

CP# 8      Coords =  7.26712148922537E+00  2.36165565247128E+00 -4.78202262381405E-01
           Type = (3,-3) NACP H8
           Rho =  4.2604776739E-01     Rho at Nucleus =  4.2239576898E-01
           GradRho = -8.6771952471E-15 -4.3821961034E-15  9.7689410950E-16
           HessRho_EigVals = -6.4879931715E+00 -6.4816359062E+00 -5.8913545078E+00
           HessRho_EigVec1 = -5.3123058355E-01  8.4607032822E-01  4.4261346558E-02
           HessRho_EigVec2 =  1.0404539806E-01  1.3302576208E-02  9.9448358288E-01
           HessRho_EigVec3 =  8.4081426144E-01  5.3290528348E-01 -9.5096459407E-02
           DelSqRho = -1.8860983585E+01
           Bond Ellipticity = NA
           V = -4.7243249103E+00
           G =  4.5395069426E-03
           K =  4.7197854033E+00
           L =  4.7152458964E+00
           Vnuc =  3.7418291784E+01
           Ven = -1.5941979674E+01
           Vrep =  1.1217654764E+01
           DelSqV =  7.1035348131E+02
           DelSqVen =  7.0574578713E+02
           DelSqVrep =  4.6076941795E+00
           DelSqG =  6.9914212324E+01
           DelSqK = -7.8026769363E+02
           Stress_EigVals = -1.6253010138E+00 -1.6245729706E+00 -1.4744509259E+00
           Stress_EigVec1 = -5.3240862982E-01  8.4508421092E-01  4.8720912736E-02
           Stress_EigVec2 =  1.0631587225E-01  9.6570142362E-03  9.9428551100E-01
           Stress_EigVec3 =  8.3978448795E-01  5.3454599290E-01 -9.4987342725E-02
           -DivStress =  6.6063134272E+00  4.1933393326E+00 -7.4710875010E-01
           ESP =  -1.1160906832E+00     ESP at Nucleus =  -1.1185202937E+00
           ESPe = -9.7619227409E+00     ESPe at Nucleus = -9.6880784980E+00
           ESPn =  8.6458320577E+00     ESPn at Nucleus =  8.5695582043E+00

CP# 9      Coords =  7.30115325405544E+00 -2.29244166082741E+00 -4.29908714465038E-01
           Type = (3,-3) NACP H9
           Rho =  4.2604081491E-01     Rho at Nucleus =  4.2238907347E-01
           GradRho = -8.4880832831E-15  7.2966128582E-15  1.1325914707E-15
           HessRho_EigVals = -6.4878788830E+00 -6.4815210575E+00 -5.8912701425E+00
           HessRho_EigVec1 =  5.1888963394E-01  8.5259117816E-01 -6.1982503293E-02
           HessRho_EigVec2 =  1.0416480743E-01  8.9055711365E-03  9.9452017762E-01
           HessRho_EigVec3 =  8.4847111953E-01 -5.2250260643E-01 -8.4188987343E-02
           DelSqRho = -1.8860670083E+01
           Bond Ellipticity = NA
           V = -4.7242488010E+00
           G =  4.5406401479E-03
           K =  4.7197081609E+00
           L =  4.7151675208E+00
           Vnuc =  3.7419127548E+01
           Ven = -1.5942075594E+01
           Vrep =  1.1217826792E+01
           DelSqV =  7.1034281324E+02
           DelSqVen =  7.0574981947E+02
           DelSqVrep =  4.5929937649E+00
           DelSqG =  6.9913055984E+01
           DelSqK = -7.8025586922E+02
           Stress_EigVals = -1.6252728465E+00 -1.6245453645E+00 -1.4744305901E+00
           Stress_EigVec1 =  5.2004730719E-01  8.5152097696E-01 -6.6804371701E-02
           Stress_EigVec2 =  1.0658397422E-01  1.2905765362E-02  9.9421994431E-01
           Stress_EigVec3 =  8.4746129984E-01 -5.2416168022E-01 -8.4046881334E-02
           -DivStress =  6.6662590589E+00 -4.1114433996E+00 -6.6129287363E-01
           ESP =  -1.1160639210E+00     ESP at Nucleus =  -1.1184935370E+00
           ESPe = -9.7619456393E+00     ESPe at Nucleus = -9.6880933879E+00
           ESPn =  8.6458817183E+00     ESPn at Nucleus =  8.5695998510E+00

CP# 10     Coords =  3.88192917054667E+00 -2.29653479216740E+00 -7.00773434764490E-02
           Type = (3,-3) NACP H10
           Rho =  4.2492075496E-01     Rho at Nucleus =  4.2119612653E-01
           GradRho =  1.3260605721E-14  8.9484355256E-15 -1.5651576443E-15
           HessRho_EigVals = -6.4677341599E+00 -6.4611638512E+00 -5.8649007857E+00
           HessRho_EigVec1 = -5.2046779098E-01  8.5259163122E-01  4.6912566775E-02
           HessRho_EigVec2 =  1.0480729368E-01  9.2619321337E-03  9.9444941943E-01
           HessRho_EigVec3 =  8.4742475167E-01  5.2249567174E-01 -9.4178358839E-02
           DelSqRho = -1.8793798797E+01
           Bond Ellipticity = NA
           V = -4.7075539877E+00
           G =  4.5521442483E-03
           K =  4.7030018435E+00
           L =  4.6984496992E+00
           Vnuc =  3.8675870429E+01
           Ven = -1.6434180061E+01
           Vrep =  1.1726626074E+01
           DelSqV =  7.0743792909E+02
           DelSqVen =  7.2686652713E+02
           DelSqVrep = -1.9428598042E+01
           DelSqG =  6.9608203053E+01
           DelSqK = -7.7704613214E+02
           Stress_EigVals = -1.6201815754E+00 -1.6194771148E+00 -1.4678952976E+00
           Stress_EigVec1 = -5.2186150127E-01  8.5168422086E-01  4.7901580763E-02
           Stress_EigVec2 =  1.0526495724E-01  8.5713087225E-03  9.9440727142E-01
           Stress_EigVec3 =  8.4651040293E-01  5.2398522938E-01 -9.4125539125E-02
           -DivStress = -6.7212009466E+00 -4.1334865184E+00  7.4666584093E-01
           ESP =  -1.1179290579E+00     ESP at Nucleus =  -1.1203955242E+00
           ESPe = -1.1358248702E+01     ESPe at Nucleus = -1.1310501879E+01
           ESPn =  1.0240319644E+01     ESPn at Nucleus =  1.0190106355E+01

CP# 11     Coords = -1.16767806368042E+00 -2.25910742943719E+00  3.51055843129587E+00
           Type = (3,-3) NACP H11
           Rho =  4.2322535118E-01     Rho at Nucleus =  4.1940857916E-01
           GradRho = -2.9924056194E-15  4.1935266116E-15 -7.1085718615E-15
           HessRho_EigVals = -6.4497961918E+00 -6.4442700324E+00 -5.8388467412E+00
           HessRho_EigVec1 =  1.6492350759E-01  8.4740265480E-01  5.0468700923E-01
           HessRho_EigVec2 = -9.3820133450E-01 -2.3067251078E-02  3.4532036990E-01
           HessRho_EigVec3 =  3.0426714017E-01 -5.3044947221E-01  7.9122996963E-01
           DelSqRho = -1.8732912965E+01
           Bond Ellipticity = NA
           V = -4.6921755845E+00
           G =  4.4736715640E-03
           K =  4.6877019129E+00
           L =  4.6832282413E+00
           Vnuc =  3.8652323251E+01
           Ven = -1.6358643082E+01
           Vrep =  1.1666467497E+01
           DelSqV =  7.0490423987E+02
           DelSqVen =  7.2407060737E+02
           DelSqVrep = -1.9166367495E+01
           DelSqG =  6.9437590632E+01
           DelSqK = -7.7434183050E+02
           Stress_EigVals = -1.6155515183E+00 -1.6155249475E+00 -1.4610991187E+00
           Stress_EigVec1 =  1.9502114055E-01  8.4808994552E-01  4.9265626865E-01
           Stress_EigVec2 = -9.3238547991E-01  4.4453969237E-03  3.6143817632E-01
           Stress_EigVec3 =  3.0434203060E-01 -5.2983363686E-01  7.9161369724E-01
           -DivStress =  2.4415860452E+00 -4.2396763179E+00  6.3488278063E+00
           ESP =  -1.0901043157E+00     ESP at Nucleus =  -1.0927360706E+00
           ESPe = -1.1703492939E+01     ESPe at Nucleus = -1.1615681937E+01
           ESPn =  1.0613388623E+01     ESPn at Nucleus =  1.0522945866E+01

CP# 12     Coords = -3.24240199265150E+00  3.66652819693233E+00 -1.66168698427024E+00
           Type = (3,-3) NACP H12
           Rho =  4.2564616251E-01     Rho at Nucleus =  4.2155515691E-01
           GradRho =  1.1462344820E-11 -4.5847224946E-11  2.7285373017E-11
           HessRho_EigVals = -6.4859051276E+00 -6.4745428038E+00 -5.8370649066E+00
           HessRho_EigVec1 =  2.8070404320E-01  5.4022705696E-01  7.9332210802E-01
           HessRho_EigVec2 =  9.3663025794E-01  2.6313409280E-02 -3.4932987905E-01
           HessRho_EigVec3 = -2.0959246178E-01  8.4110780012E-01 -4.9860672733E-01
           DelSqRho = -1.8797512838E+01
           Bond Ellipticity = NA
           V = -4.7076328733E+00
           G =  4.1273319086E-03
           K =  4.7035055414E+00
           L =  4.6993782095E+00
           Vnuc =  3.7652336971E+01
           Ven = -1.6026572741E+01
           Vrep =  1.1318939868E+01
           DelSqV =  7.0609872752E+02
           DelSqVen =  7.0777028768E+02
           DelSqVrep = -1.6715601596E+00
           DelSqG =  6.9523954744E+01
           DelSqK = -7.7562268226E+02
           Stress_EigVals = -1.6237061215E+00 -1.6234173033E+00 -1.4605094484E+00
           Stress_EigVec1 =  2.8900439338E-01  5.3956225028E-01  7.9079013568E-01
           Stress_EigVec2 =  9.3416867509E-01  2.1647931619E-02 -3.5617447063E-01
           Stress_EigVec3 = -2.0929726965E-01  8.4166736014E-01 -4.9778580513E-01
           -DivStress = -1.7476742122E+00  6.9868548465E+00 -4.1603368051E+00
           ESP =  -1.0774237350E+00     ESP at Nucleus =  -1.0801943170E+00
           ESPe = -1.1623752687E+01     ESPe at Nucleus = -1.1528554131E+01
           ESPn =  1.0546328952E+01     ESPn at Nucleus =  1.0448359814E+01

CP# 13     Coords = -1.45337262953126E+00  2.86514031649783E+00  3.11123539872622E+00
           Type = (3,-3) NACP H13
           Rho =  4.2324989477E-01     Rho at Nucleus =  4.1943672039E-01
           GradRho = -1.0651778125E-16 -4.2073044991E-16  3.1867624113E-16
           HessRho_EigVals = -6.4502456933E+00 -6.4447042725E+00 -5.8396418864E+00
           HessRho_EigVec1 =  2.5336559857E-01 -7.3580427449E-01  6.2801110110E-01
           HessRho_EigVec2 = -9.3800411453E-01 -2.8121267611E-02  3.4548151242E-01
           HessRho_EigVec3 =  2.3654630536E-01  6.7661012700E-01  6.9731239876E-01
           DelSqRho = -1.8734591852E+01
           Bond Ellipticity = NA
           V = -4.6926022994E+00
           G =  4.4771681843E-03
           K =  4.6881251312E+00
           L =  4.6836479631E+00
           Vnuc =  3.8615530463E+01
           Ven = -1.6344019205E+01
           Vrep =  1.1651416905E+01
           DelSqV =  7.0498495244E+02
           DelSqVen =  7.2344620238E+02
           DelSqVrep = -1.8461249934E+01
           DelSqG =  6.9445836602E+01
           DelSqK = -7.7443078905E+02
           Stress_EigVals = -1.6156641638E+00 -1.6156390045E+00 -1.4612991312E+00
           Stress_EigVec1 =  2.4938761205E-01 -7.3640669034E-01  6.2889665715E-01
           Stress_EigVec2 =  9.3903304740E-01  2.5164843726E-02 -3.4290474849E-01
           Stress_EigVec3 =  2.3669126484E-01  6.7607094085E-01  6.9778601884E-01
           -DivStress =  1.8990783776E+00  5.4105098146E+00  5.5953377774E+00
           ESP =  -1.0899786698E+00     ESP at Nucleus =  -1.0926080622E+00
           ESPe = -1.1651858650E+01     ESPe at Nucleus = -1.1563873253E+01
           ESPn =  1.0561879980E+01     ESPn at Nucleus =  1.0471265191E+01

CP# 14     Coords =  3.84828121185883E+00  2.32406160467597E+00 -1.18769919931461E-01
           Type = (3,-3) NACP H14
           Rho =  4.2486306418E-01     Rho at Nucleus =  4.2113790961E-01
           GradRho =  1.5067401537E-14 -8.7398079225E-15 -1.5672582860E-15
           HessRho_EigVals = -6.4669210595E+00 -6.4603615997E+00 -5.8641007182E+00
           HessRho_EigVec1 =  5.0837551762E-01  8.5870470544E-01 -6.4657265247E-02
           HessRho_EigVec2 =  1.0444889888E-01  1.3041519858E-02  9.9444474270E-01
           HessRho_EigVec3 =  8.5477760886E-01 -5.1230474097E-01 -8.3060771540E-02
           DelSqRho = -1.8791383377E+01
           Bond Ellipticity = NA
           V = -4.7069309716E+00
           G =  4.5425636128E-03
           K =  4.7023884080E+00
           L =  4.6978458443E+00
           Vnuc =  3.8667322981E+01
           Ven = -1.6428317325E+01
           Vrep =  1.1721386354E+01
           DelSqV =  7.0734391801E+02
           DelSqVen =  7.2661249031E+02
           DelSqVrep = -1.9268572297E+01
           DelSqG =  6.9599447936E+01
           DelSqK = -7.7694336595E+02
           Stress_EigVals = -1.6199763152E+00 -1.6192729516E+00 -1.4676817047E+00
           Stress_EigVec1 =  5.0982474813E-01  8.5780938433E-01 -6.5128997748E-02
           Stress_EigVec2 =  1.0463521102E-01  1.3313050107E-02  9.9442155815E-01
           Stress_EigVec3 =  8.5389121017E-01 -5.1379550684E-01 -8.2969743529E-02
           -DivStress = -6.7791988555E+00  4.0530521808E+00  6.5858486200E-01
           ESP =  -1.1179423869E+00     ESP at Nucleus =  -1.1204098372E+00
           ESPe = -1.1353555839E+01     ESPe at Nucleus = -1.1305711002E+01
           ESPn =  1.0235613452E+01     ESPn at Nucleus =  1.0185301165E+01

CP# 15     Coords = -2.82009793809951E+00 -3.98091446351573E+00 -1.06432696790083E+00
           Type = (3,-3) NACP H15
           Rho =  4.2564753694E-01     Rho at Nucleus =  4.2155754060E-01
           GradRho =  1.0841915183E-09  8.8498039033E-09  3.4615471679E-09
           HessRho_EigVals = -6.4859719232E+00 -6.4746050221E+00 -5.8372426087E+00
           HessRho_EigVec1 =  3.3208579495E-01 -3.7697526668E-01  8.6464366828E-01
           HessRho_EigVec2 =  9.3648099910E-01  2.2153241977E-02 -3.5001795981E-01
           HessRho_EigVec3 =  1.1279345334E-01  9.2595835877E-01  3.6038695135E-01
           DelSqRho = -1.8797819554E+01
           Bond Ellipticity = NA
           V = -4.7077110381E+00
           G =  4.1280748071E-03
           K =  4.7035829633E+00
           L =  4.6994548885E+00
           Vnuc =  3.7712186241E+01
           Ven = -1.6052099186E+01
           Vrep =  1.1344388148E+01
           DelSqV =  7.0611518369E+02
           DelSqVen =  7.0890688594E+02
           DelSqVrep = -2.7917022486E+00
           DelSqG =  6.9526052461E+01
           DelSqK = -7.7564123615E+02
           Stress_EigVals = -1.6237229097E+00 -1.6234338627E+00 -1.4605542657E+00
           Stress_EigVec1 =  3.3911226905E-01 -3.7584264961E-01  8.6240661623E-01
           Stress_EigVec2 =  9.3400182946E-01  2.4937232201E-02 -3.5639685327E-01
           Stress_EigVec3 =  1.1244310360E-01  9.2634790289E-01  3.5949424372E-01
           -DivStress = -9.4316681934E-01 -7.6943391407E+00 -3.0116604742E+00
           ESP =  -1.0773723778E+00     ESP at Nucleus =  -1.0801424303E+00
           ESPe = -1.1679905157E+01     ESPe at Nucleus = -1.1584855523E+01
           ESPn =  1.0602532780E+01     ESPn at Nucleus =  1.0504713093E+01

CP# 16     Coords = -2.47488501138609E+00 -9.63160257010649E-03  1.32786182980081E-01
           Type = (3,+1) RCP O1 C4 C6 C2 C7
           Rho =  5.0813587891E-02
           GradRho = -2.5322673011E-15  4.8242362479E-16 -6.3728061036E-15
           HessRho_EigVals = -5.6294988477E-02  2.2075768169E-01  2.2438007188E-01
           HessRho_EigVec1 =  9.3723281091E-01  2.4911705795E-02 -3.4781326179E-01
           HessRho_EigVec2 =  3.4407146768E-01  9.5982981470E-02  9.3402467441E-01
           HessRho_EigVec3 = -5.6652301755E-02  9.9507119051E-01 -8.1386992347E-02
           DelSqRho =  3.8884276509E-01
           Bond Ellipticity = NA
           V = -7.6452833584E-02
           G =  8.6831762428E-02
           K = -1.0378928844E-02
           L = -9.7210691272E-02
           Vnuc =  1.7370483395E+01
           Ven = -8.8265658470E-01
           Vrep =  8.0620375112E-01
           DelSqV = -5.4654700204E-01
           DelSqVen = -6.7543867943E+00
           DelSqVrep =  6.2078397922E+00
           DelSqG =  2.9616588603E-01
           DelSqK =  2.5038111601E-01
           Stress_EigVals = -3.0569617234E-02 -2.3607064884E-02 -2.2276151466E-02
           Stress_EigVec1 =  9.3700521164E-01  2.4887028320E-02 -3.4842771014E-01
           Stress_EigVec2 = -5.5389245056E-02  9.9542484801E-01 -7.7855015872E-02
           Stress_EigVec3 =  3.4489602042E-01  9.2249703445E-02  9.3409674409E-01
           -DivStress =  3.1864746378E-03  8.4436895255E-04  8.5657569514E-03
           ESP =   2.9758177921E-01
           ESPe = -1.7072901616E+01
           ESPn =  1.7370483395E+01

CP# 17     Coords =  1.90071152022663E+00  5.41588304236486E-02  6.54938236714269E-01
           Type = (3,+1) RCP C2 C6 H10 C5 C3 H14
           Rho =  1.6058664227E-03
           GradRho =  3.8588652673E-15 -2.6597715458E-15 -1.4851807935E-15
           HessRho_EigVals = -8.6467173003E-04  1.7733859160E-03  5.2667703095E-03
           HessRho_EigVec1 =  2.5402984280E-01  2.2661970712E-02  9.6693085278E-01
