AIMSum (Version 19.02.13, Professional)
Copyright (c) 1997-2019 by Todd A. Keith
AIMSum is a component of the AIMAll package ( http://aim.tkgristmill.com )

TP:  64-bit Linux

Much of the Quantum Theory of Atoms in Molecules (QTAIM) is described in the book:
  "Atoms in Molecules - A Quantum Theory"
  R.F.W. Bader, Oxford University Press, Oxford, 1990

For additional references see:  http://aim.tkgristmill.com/references.html

Wfn File:  /home/mhennefarth/Documents/ML_Diels/summary-pieniazek2006/r_7d-opt/r_7d-opt.wfn
Sum File:  /home/mhennefarth/Documents/ML_Diels/summary-pieniazek2006/r_7d-opt/r_7d-opt.sum

SumViz File:  /home/mhennefarth/Documents/ML_Diels/summary-pieniazek2006/r_7d-opt/r_7d-opt.sumviz

Wfn Title:   Title Card Required                                                           
 
Total memory allocated for AIMSum =        0.747 Megabytes

Atomic units (a.u.) used throughout, except where stated otherwise

Model:  Restricted SCF
 
Restricted, closed-shell, single-determinant wavefunction.
  Number of electrons (from MO Occs)                   =          54.0000000000
  Number of Alpha electrons (from MO Occs)             =          27.0000000000
  Number of Beta electrons (from MO Occs)              =          27.0000000000
  Number of electron pairs (N*(N-1)/2)                 =        1431.0000000000
  Number of electron pairs (from Muller 2EDM)          =        1431.0000000000
 
Nuclear Charges and Cartesian Coordinates:
-------------------------------------------------------------------------------
Atom      Charge                X                  Y                  Z
-------------------------------------------------------------------------------
C1         6.0           6.3512818800E+00  -1.4478567200E+00  -7.0070555000E-01
C2         6.0           6.6381055500E+00   5.5572892000E-01   7.9750398000E-01
H3         1.0           6.4227391700E+00  -1.2907408000E+00  -2.7482940000E+00
H4         1.0           6.9608007500E+00   2.4384345000E+00   3.9057020000E-02
C5         6.0          -1.4108343500E+00  -2.4731030200E+00  -9.9278200000E-03
C6         6.0          -6.3308085000E-01   3.3648207200E+00  -1.5061843000E-01
C7         6.0          -3.1399334000E+00  -6.3879033000E-01   6.1682300000E-03
C8         6.0          -2.8193273100E+00   2.0998940100E+00  -2.5863517000E-01
H9         1.0           5.7408793000E-01  -2.0377847500E+00  -2.5886585000E-01
H10        1.0           1.1662405400E+00   2.4316368000E+00   1.8320702000E-01
H11        1.0          -4.5806558200E+00   3.1171370500E+00  -5.6108113000E-01
H12        1.0           6.5819108700E+00   3.9580298000E-01   2.8454208600E+00
H13        1.0           6.0517300200E+00  -3.3337789400E+00   5.8946160000E-02
H14        1.0          -5.8634694000E-01   5.4005493600E+00  -4.0024942000E-01
F15        9.0          -5.6157712200E+00  -1.2728306900E+00   2.7905233000E-01
H16        1.0          -1.9658347300E+00  -4.4299414900E+00   2.2767690000E-01
 
Some Atomic Properties:
----------------------
  q(A) = Net Charge of Atom A
  L(A) = Lagrangian of Atom A = -(1/4) Times Atomic Integral of the Laplacian of the Electron Density
  K(A) = Electronic Kinetic Energy of Atom A (Hamiltonian Form)
  K_Scaled(A) = K(A) * E(Mol)/K(Mol) = Approximation to Virial-Based Total Energy of Atom A.
  |Mu_Intra(A)| = Magnitude of Intraatomic Dipole Moment of Atom A
--------------------------------------------------------------------------------------------------
Atom A          q(A)              L(A)              K(A)          K_Scaled(A)      |Mu_Intra(A)|
--------------------------------------------------------------------------------------------------
C1       -8.4189640700E-02  1.7878336149E-07  3.7694292840E+01 -3.8037203476E+01  9.6613073288E-02
C2       -8.4980647200E-02 -1.5248388484E-04  3.7694471615E+01 -3.8037383878E+01  9.5634753939E-02
H3        4.5294588230E-02  2.1091870474E-05  5.9360215319E-01 -5.9900224101E-01  1.4590777799E-01
H4        4.3032216820E-02  1.6287461207E-05  5.9432246014E-01 -5.9972910070E-01  1.4650618882E-01
C5       -4.5366409800E-02 -3.4259490963E-05  3.7696077724E+01 -3.8039004598E+01  2.7774209049E-01
C6       -7.5361397400E-02 -1.8100674656E-05  3.7703333262E+01 -3.8046326140E+01  1.3348120194E-01
C7        4.7008437000E-01  2.1222303111E-04  3.7410960778E+01 -3.7751293900E+01  7.4451362478E-01
C8       -1.4015897100E-02  3.4419057031E-05  3.7716105304E+01 -3.8059214371E+01  1.3234477513E-01
H9        6.6087017830E-02  2.6529156332E-05  5.8345592735E-01 -5.8876371344E-01  1.4091248206E-01
H10       5.7729092450E-02  2.4090691830E-05  5.8795810115E-01 -5.9330684419E-01  1.4087550508E-01
H11       5.9579391140E-02  1.4768020062E-05  5.9219117813E-01 -5.9757843011E-01  1.4735469885E-01
H12       4.5384421190E-02  2.1035356521E-05  5.9353943930E-01 -5.9893895661E-01  1.4590774994E-01
H13       4.4154875790E-02  1.8200599502E-05  5.9385593530E-01 -5.9925833182E-01  1.4623043863E-01
H14       5.0263936260E-02  1.9984083845E-05  5.9209596202E-01 -5.9748234780E-01  1.4616988925E-01
F15      -6.4513178140E-01  6.2197208136E-05  9.9573797930E+01 -1.0047963571E+02  2.9961441086E-01
H16       6.7638340890E-02  2.1276278408E-05  5.8193676718E-01 -5.8723073324E-01  1.4608268579E-01
--------------------------------------------------------------------------------------------------
Total     2.0247700000E-04  2.8743754736E-04  3.3080199738E+02 -3.3381135277E+02
 
1st Largest |L(A)| = 2.1222303111E-04, atom C7      
2nd Largest |L(A)| = 1.5248388484E-04, atom C2      
 
Molecular charge q(Mol) from the wfn file:   0.0000000000E+00
Molecular energy E(Mol) from the wfn file:  -3.3381130573E+02
Molecular virial ratio (-V(Mol)/T(Mol)) from the wfn file:   2.0090971500E+00
Note.  K_Scaled(A) = (1+V(Mol)/T(Mol))*K(A) = (E(Mol)/T(Mol))*K(A)
       Only use K_Scaled(A) data with caution.
 
N_AIMInt(SumA)     =         53.999798
N_Analytic(Mol)    =         53.999991
 
G_AIMInt(SumA)     =        330.801710
G_Analytic(Mol)    =        330.801932
 
K_AIMInt(SumA)     =        330.801997
K_Analytic(Mol)    =        330.801932
 
L_AIMInt(SumA)     =          0.000287
L_Analytic(Mol)    =          0.000000
 
VenT_AIMInt(SumA)  =      -1289.993757
VenT_Analytic(Mol) =      -1289.996259
 
Some Information About the Atomic Calculations:
----------------------------------------------
  Time(sec) = "Elapsed User Time", in Seconds, for Atom A by AIMInt and, if used, by TWOe
  NProc = Number of Processors Used for AIMInt Job
  BIM = Basin Integration Method
  OAQ = Angular Quadrature Outside of Beta Sphere
  ORQ = Multiple of Default for Radial Quadrature Outside of Beta Sphere
  IAQ = Multiple of Default for Angular Quadrature Inside of Beta Sphere
  IRQ = Multiple of Default for Radial Quadrature Inside of Beta Sphere
  MIR = Maximum Integration Radius
------------------------------------------------------------------------------------------------------
Atom A     Time(sec)   NProc      BIM          OAQ                     ORQ      IAQ      IRQ      MIR
------------------------------------------------------------------------------------------------------
C1             21        8     Proaim(5)    4500(GS4)                  1.00     1.00     1.00    13.00
C2             21        8     Proaim(5)    4500(GS4)                  1.00     1.00     1.00    13.00
H3              5        8     Proaim(5)    1800(GS4)                  1.00     1.00     1.00    13.00
H4              5        8     Proaim(5)    1800(GS4)                  1.00     1.00     1.00    13.00
C5             24        8     Proaim(5)    4500(GS4)                  1.00     1.00     1.00    13.00
C6             19        8     Proaim(5)    4500(GS4)                  1.00     1.00     1.00    13.00
C7             23        8     Proaim(5)    4500(GS4)                  1.00     1.00     1.00    13.00
C8             22        8     Proaim(5)    4500(GS4)                  1.00     1.00     1.00    13.00
H9             12        8     Proaim(5)    4500(GS4)                  1.00     1.00     1.00    13.00
H10            11        8     Proaim(5)    4500(GS4)                  1.00     1.00     1.00    13.00
H11             5        8     Proaim(5)    1800(GS4)                  1.00     1.00     1.00    13.00
H12             4        8     Proaim(5)    1800(GS4)                  1.00     1.00     1.00    13.00
H13             6        8     Proaim(5)    1800(GS4)                  1.00     1.00     1.00    13.00
H14             4        8     Proaim(5)    1800(GS4)                  1.00     1.00     1.00    13.00
F15             8        8     Proaim(5)    2700(GS4)                  1.00     1.00     1.00    13.00
H16             4        8     Proaim(5)    1800(GS4)                  1.00     1.00     1.00    13.00
------------------------------------------------------------------------------------------------------
Total         194
Note:  Total wall clock time is less than total of atomic times if more than one atom
       was calculated at a time
 
Electron Density Critical Point Analysis of Molecular Structure:               
---------------------------------------------------------------                
  NACP = Nuclear Attractor Critical Point                                      
  NNACP = Non-Nuclear Attractor Critical Point                                 
  BCP = Bond Critical Point                                                    
  RCP = Ring Critical Point                                                    
  CCP = Cage Critical Point                                                    
  Rho = Electron Density                                                       
  GradRho = Gradient of Electron Density                                       
  HessRho_EigVals = Eigenvalues of the Hessian of Rho, Ascending Order         
  HessRho_EigVecs = Eigenvectors of the Hessian of Rho                         
  DelSqRho = Laplacian of Rho = Trace of Hessian of Rho                        
  Bond Ellipticity = (HessRho_EigVal(1) / HessRho_EigVal(2)) - 1               
  V = Virial Field = Potential Energy Density = Trace of Stress Tensor         
  G = Lagrangian Form of Kinetic Energy Density                                
  K = Hamiltonian Form of Kinetic Energy Density                               
  L = K - G = Lagrangian Density = (-1/4)DelSqRho                              
  Vnuc = Electrostatic Potential from Nuclei                                   
  Ven = Electron-nuclear attractive contribution to Virial Field V             
  Vrep = V - Ven = Repulsive contribution to Virial Field V                    
  DelSqV = Laplacian of V                                                      
  DelSqVen = Laplacian of Ven                                                  
  DelSqVrep = Laplacian of Vrep                                                
  DelSqG = Laplacian of G                                                      
  DelSqK = Laplacian of K                                                      
  Stress_EigVals = Eigenvalues of Stress Tensor, Ascending Order               
  Stress_EigVecs = Eigenvectors of Stress Tensor                               
  -DivStress = Ehrenfest Force Density = Minus Divergence of Stress Tensor     
  ESP = Total Electrostatic Potential                                          
  ESPe = Electrostatic Potential from Electrons                                
  ESPn = Electrostatic Potential from Nuclei                                   
  BP = Bond Path                                                               
  BPL = Bond Path Length                                                       
  GBL = Geometric Bond Length                                                  
  GBL_I = Distance Between Nuclear Attractors                                  
  GBL_II = Distance Between Nuclei                                             
  GBL_III = Sum of Distances Between BCP and Nuclear Attractors                
  GBL_IV = Sum of Distances Between BCP and Nuclei                             

CP# 1      Coords =  6.35128161475548E+00 -1.44785743015291E+00 -7.00706070231964E-01
           Type = (3,-3) NACP C1
           Rho =  1.1768484439E+02     Rho at Nucleus =  1.1768484432E+02
           GradRho = -3.0694195829E-12 -1.3090022412E-10 -9.7062493453E-11
           HessRho_EigVals = -1.4501453697E+05 -1.4501344416E+05 -1.4501325495E+05
           HessRho_EigVec1 =  9.8694130185E-01 -1.6049686488E-01  1.3697557032E-02
           HessRho_EigVec2 = -1.0805659308E-01 -5.9660242447E-01  7.9522909894E-01
           HessRho_EigVec3 =  1.1945978151E-01  7.8632455353E-01  6.0615431791E-01
           DelSqRho = -4.3504123608E+05
           Bond Ellipticity = NA
           V = -1.0877049929E+05
           G =  5.0951356805E+00
           K =  1.0876540416E+05
           L =  1.0876030902E+05
           Vnuc =  6.5259385288E+06
           Ven = -7.6800406024E+08
           Vrep =  7.6789528974E+08
           DelSqV =  2.4954220196E+09
           DelSqVen =  2.8390518538E+12
           DelSqVrep = -2.8365564277E+12
           DelSqG =  1.3404089348E+08
           DelSqK = -2.6294629131E+09
           Stress_EigVals = -3.6257098028E+04 -3.6256982848E+04 -3.6256418416E+04
           Stress_EigVec1 =  1.1496161138E-01  7.9172116564E-01  5.9996785229E-01
           Stress_EigVec2 = -1.0753789635E-01 -5.9050381145E-01  7.9983801454E-01
           Stress_EigVec3 =  9.8753198873E-01 -1.5646994771E-01  1.7254758962E-02
           -DivStress =  2.1443742388E+02  5.7685710703E+02  4.2249621485E+02
           ESP =  -1.4734429722E+01     ESP at Nucleus =  -1.4734429735E+01
           ESPe = -2.2670634757E+01     ESPe at Nucleus = -2.2670635464E+01
           ESPn =  7.9362050342E+00     ESPn at Nucleus =  7.9362057284E+00

CP# 2      Coords =  6.63810549597923E+00  5.55729701248720E-01  7.97504492629870E-01
           Type = (3,-3) NACP C2
           Rho =  1.1768500472E+02     Rho at Nucleus =  1.1768500465E+02
           GradRho = -4.4320292038E-11  1.5736212947E-10  9.9820788638E-11
           HessRho_EigVals = -1.4501484792E+05 -1.4501376160E+05 -1.4501357042E+05
           HessRho_EigVec1 =  9.8838615335E-01 -1.5012415187E-01  2.3570126931E-02
           HessRho_EigVec2 = -1.1053165137E-01 -6.0376894176E-01  7.8945919402E-01
           HessRho_EigVec3 =  1.0428598134E-01  7.8289578106E-01  6.1335033227E-01
           DelSqRho = -4.3504217994E+05
           Bond Ellipticity = NA
           V = -1.0877073490E+05
           G =  5.0949559471E+00
           K =  1.0876563994E+05
           L =  1.0876054498E+05
           Vnuc =  6.4104062881E+06
           Ven = -7.5440869424E+08
           Vrep =  7.5429992351E+08
           DelSqV =  2.4954275347E+09
           DelSqVen =  2.7887972516E+12
           DelSqVrep = -2.7863018240E+12
           DelSqG =  1.3404129233E+08
           DelSqK = -2.6294688271E+09
           Stress_EigVals = -3.6257176549E+04 -3.6257060491E+04 -3.6256497856E+04
           Stress_EigVec1 =  1.1107909201E-01  7.8952051552E-01  6.0358826272E-01
           Stress_EigVec2 = -1.0910169018E-01 -5.9398819123E-01  7.9704131002E-01
           Stress_EigVec3 =  9.8780476640E-01 -1.5438712465E-01  2.0158353725E-02
           -DivStress =  4.2996682847E+01 -6.3431084667E+02 -4.1637831734E+02
           ESP =  -1.4734349465E+01     ESP at Nucleus =  -1.4734349478E+01
           ESPe = -2.2626069955E+01     ESPe at Nucleus = -2.2626070708E+01
           ESPn =  7.8917204896E+00     ESPn at Nucleus =  7.8917212297E+00

CP# 3      Coords =  6.42150802733298E+00 -1.29346627027245E+00 -2.71331336988164E+00
           Type = (3,-3) NACP H3
           Rho =  4.2511423333E-01     Rho at Nucleus =  4.2140004555E-01
           GradRho =  5.8792133352E-16 -6.1186060220E-16 -5.4652535108E-16
           HessRho_EigVals = -6.4707240875E+00 -6.4643600356E+00 -5.8686573922E+00
           HessRho_EigVec1 =  1.4692386911E-01  9.8572012864E-01  8.2275176582E-02
           HessRho_EigVec2 =  9.8852340784E-01 -1.4927728479E-01  2.3189747584E-02
           HessRho_EigVec3 = -3.5140415937E-02 -7.7923810497E-02  9.9633981699E-01
           DelSqRho = -1.8803741515E+01
           Bond Ellipticity = NA
           V = -4.7098763478E+00
           G =  4.4704844718E-03
           K =  4.7054058633E+00
           L =  4.7009353788E+00
           Vnuc =  3.7542025914E+01
           Ven = -1.5959649564E+01
           Vrep =  1.1249773216E+01
           DelSqV =  7.0785422036E+02
           DelSqVen =  7.0593055124E+02
           DelSqVrep =  1.9236691156E+00
           DelSqG =  6.9644208116E+01
           DelSqK = -7.7749842847E+02
           Stress_EigVals = -1.6209445461E+00 -1.6201902379E+00 -1.4687415638E+00
           Stress_EigVec1 =  1.4665997389E-01  9.8590634467E-01  8.0495537805E-02
           Stress_EigVec2 = -9.8857323217E-01  1.4894898821E-01 -2.3176788999E-02
           Stress_EigVec3 = -3.4839872234E-02 -7.6176626714E-02  9.9648547648E-01
           -DivStress =  2.7719248537E-01  6.1315259722E-01 -7.8874436817E+00
           ESP =  -1.1007601616E+00     ESP at Nucleus =  -1.1032290284E+00
           ESPe = -1.0159442748E+01     ESPe at Nucleus = -1.0091246652E+01
           ESPn =  9.0586825869E+00     ESPn at Nucleus =  8.9880176232E+00

CP# 4      Coords =  6.95528448139968E+00  2.40636592094499E+00  5.20252074589169E-02
           Type = (3,-3) NACP H4
           Rho =  4.2525458820E-01     Rho at Nucleus =  4.2155486017E-01
           GradRho = -9.3975186332E-11 -5.4639607462E-10  2.2113740221E-10
           HessRho_EigVals = -6.4739281174E+00 -6.4675133693E+00 -5.8731803142E+00
           HessRho_EigVec1 =  4.7674195436E-02  3.6767363215E-01  9.2873207725E-01
           HessRho_EigVec2 =  9.8638083957E-01 -1.6386016472E-01  1.4236774341E-02
           HessRho_EigVec3 =  1.5741667769E-01  9.1540479933E-01 -3.7047812748E-01
           DelSqRho = -1.8814621801E+01
           Bond Ellipticity = NA
           V = -4.7126261595E+00
           G =  4.4853546715E-03
           K =  4.7081408049E+00
           L =  4.7036554502E+00
           Vnuc =  3.7575955761E+01
           Ven = -1.5979347593E+01
           Vrep =  1.1266721434E+01
           DelSqV =  7.0834582780E+02
           DelSqVen =  7.0697739741E+02
           DelSqVrep =  1.3684303901E+00
           DelSqG =  6.9701740134E+01
           DelSqK = -7.7804756794E+02
           Stress_EigVals = -1.6217483414E+00 -1.6209955554E+00 -1.4698822627E+00
           Stress_EigVec1 =  4.2912787645E-02  3.6678695463E-01  9.2931470588E-01
           Stress_EigVec2 =  9.8657901256E-01 -1.6223600750E-01  1.8475114353E-02
           Stress_EigVec3 =  1.5754473852E-01  9.1604956623E-01 -3.6882631085E-01
           -DivStress =  1.2447433981E+00  7.2354215340E+00 -2.9244126059E+00
           ESP =  -1.1003339091E+00     ESP at Nucleus =  -1.1027915430E+00
           ESPe = -1.0128119756E+01     ESPe at Nucleus = -1.0060530522E+01
           ESPn =  9.0277858464E+00     ESPn at Nucleus =  8.9577389785E+00

CP# 5      Coords = -1.41083409722810E+00 -2.47310313666424E+00 -9.92773426159448E-03
           Type = (3,-3) NACP C5
           Rho =  1.1764272731E+02     Rho at Nucleus =  1.1764272731E+02
           GradRho =  1.9905055035E-11 -2.3317461677E-11  1.5656920205E-12
           HessRho_EigVals = -1.4496528285E+05 -1.4496482160E+05 -1.4496478028E+05
           HessRho_EigVec1 =  1.3021683158E-01  9.4070368939E-02  9.8701283804E-01
           HessRho_EigVec2 = -2.4360114664E-01  9.6801030813E-01 -6.0120917429E-02
           HessRho_EigVec3 =  9.6109419836E-01  2.3260870372E-01 -1.4896688500E-01
           DelSqRho = -4.3489488473E+05
           Bond Ellipticity = NA
           V = -1.0873417091E+05
           G =  5.2248649146E+00
           K =  1.0872894605E+05
           L =  1.0872372118E+05
           Vnuc =  2.0597385472E+07
           Ven = -2.4231326024E+09
           Vrep =  2.4230238682E+09
           DelSqV =  2.4945929240E+09
           DelSqVen =  8.9576869724E+12
           DelSqVrep = -8.9551839909E+12
           DelSqG =  1.3399938432E+08
           DelSqK = -2.6285923083E+09
           Stress_EigVals = -3.6244897616E+04 -3.6244852406E+04 -3.6244420889E+04
           Stress_EigVec1 =  7.9992009288E-01 -5.9908396706E-01 -3.5017787172E-02
           Stress_EigVec2 =  5.8970696541E-01  7.9553474621E-01 -1.3917673126E-01
           Stress_EigVec3 =  1.1123641472E-01  9.0680030790E-02  9.8964821632E-01
           -DivStress = -2.0750383875E+02  9.9421361877E+01 -6.9018387088E+01
           ESP =  -1.4749316214E+01     ESP at Nucleus =  -1.4749316216E+01
           ESPe = -2.4817204027E+01     ESPe at Nucleus = -2.4817204356E+01
           ESPn =  1.0067887813E+01     ESPn at Nucleus =  1.0067888140E+01

CP# 6      Coords = -6.33080400775678E-01  3.36482113338735E+00 -1.50618545382374E-01
           Type = (3,-3) NACP C6
           Rho =  1.1767734373E+02     Rho at Nucleus =  1.1767734370E+02
           GradRho =  3.9880423616E-11  5.5430050307E-11 -1.0132061856E-11
           HessRho_EigVals = -1.4500609185E+05 -1.4500501587E+05 -1.4500488961E+05
           HessRho_EigVec1 = -1.2963570601E-01  1.3308366992E-01  9.8259010810E-01
           HessRho_EigVec2 = -3.2912293989E-01  9.2899601356E-01 -1.6924685292E-01
           HessRho_EigVec3 =  9.3534628570E-01  3.4533338035E-01  7.6630165401E-02
           DelSqRho = -4.3501599733E+05
           Bond Ellipticity = NA
           V = -1.0876425940E+05
           G =  5.1300341243E+00
           K =  1.0875912937E+05
           L =  1.0875399933E+05
           Vnuc =  9.6572925084E+06
           Ven = -1.1364445300E+09
           Vrep =  1.1363357658E+09
           DelSqV =  2.4952796364E+09
           DelSqVen =  4.2010788495E+12
           DelSqVrep = -4.1985835699E+12
           DelSqG =  1.3403409722E+08
           DelSqK = -2.6293137336E+09
           Stress_EigVals = -3.6255001587E+04 -3.6254912896E+04 -3.6254344917E+04
           Stress_EigVec1 =  8.7545320398E-01  4.8081888232E-01  4.8937613720E-02
           Stress_EigVec2 = -4.6698273209E-01  8.6763448293E-01 -1.7069719373E-01
           Stress_EigVec3 = -1.2453439508E-01  1.2658438461E-01  9.8410750328E-01
           -DivStress = -3.6574596381E+02 -3.3852807935E+02  9.3179929774E+01
           ESP =  -1.4735153105E+01     ESP at Nucleus =  -1.4735153111E+01
           ESPe = -2.4187661825E+01     ESPe at Nucleus = -2.4187662597E+01
           ESPn =  9.4525087206E+00     ESPn at Nucleus =  9.4525094854E+00

CP# 7      Coords = -3.13994192400501E+00 -6.38790709612504E-01  6.16897286796051E-03
           Type = (3,-3) NACP C7
           Rho =  1.1764954841E+02     Rho at Nucleus =  1.1764954310E+02
           GradRho = -1.0390208659E-11  3.1568792719E-12  6.1631255655E-14
           HessRho_EigVals = -1.4494698876E+05 -1.4494550485E+05 -1.4494435732E+05
           HessRho_EigVec1 =  9.3471332324E-01  3.3367603787E-01 -1.2235728469E-01
           HessRho_EigVec2 =  1.0319495808E-01  7.4633024841E-02  9.9185720355E-01
           HessRho_EigVec3 = -3.4009087608E-01  9.3972879777E-01 -3.5326797934E-02
           DelSqRho = -4.3483685093E+05
           Bond Ellipticity = NA
           V = -1.0871908009E+05
           G =  4.9336791787E+00
           K =  1.0871414641E+05
           L =  1.0870921273E+05
           Vnuc =  7.0055942315E+05
           Ven = -8.2420499769E+07
           Vrep =  8.2311780689E+07
           DelSqV =  2.4942218124E+09
           DelSqVen =  3.0462905382E+11
           DelSqVrep = -3.0213483201E+11
           DelSqG =  1.3395268011E+08
           DelSqK = -2.6281744925E+09
           Stress_EigVals = -3.6240195679E+04 -3.6239554119E+04 -3.6239330293E+04
           Stress_EigVec1 = -3.6721633845E-01  9.2946127324E-01 -3.5410483156E-02
           Stress_EigVec2 =  1.0784928105E-01  8.0361349415E-02  9.9091401549E-01
           Stress_EigVec3 =  9.2386183672E-01  3.6006082134E-01 -1.2975173057E-01
           -DivStress =  6.9058142989E+03  3.0411416493E+02 -6.0148446937E+02
           ESP =  -1.4657901956E+01     ESP at Nucleus =  -1.4657902310E+01
           ESPe = -2.6698345705E+01     ESPe at Nucleus = -2.6698344544E+01
           ESPn =  1.2040443748E+01     ESPn at Nucleus =  1.2040442234E+01

CP# 8      Coords = -2.81932778166566E+00  2.09989239798759E+00 -2.58635044508051E-01
           Type = (3,-3) NACP C8
           Rho =  1.1766791017E+02     Rho at Nucleus =  1.1766790997E+02
           GradRho = -3.2680716737E-10 -1.0583969107E-09  7.7679872951E-11
           HessRho_EigVals = -1.4498843680E+05 -1.4498773562E+05 -1.4498718733E+05
           HessRho_EigVec1 = -9.0478080164E-02  9.3367924092E-02  9.9151205124E-01
           HessRho_EigVec2 = -1.4234692337E-01  9.8416066770E-01 -1.0566519563E-01
           HessRho_EigVec3 =  9.8567290235E-01  1.5069907402E-01  7.5754331051E-02
           DelSqRho = -4.3496335975E+05
           Bond Ellipticity = NA
           V = -1.0875114832E+05
           G =  5.1541934901E+00
           K =  1.0874599413E+05
           L =  1.0874083994E+05
           Vnuc =  3.5623628296E+06
           Ven = -4.1917578944E+08
           Vrep =  4.1906703829E+08
           DelSqV =  2.4949729235E+09
           DelSqVen =  1.5494972211E+12
           DelSqVrep = -1.5470022482E+12
           DelSqG =  1.3401173941E+08
           DelSqK = -2.6289846629E+09
           Stress_EigVals = -3.6250677343E+04 -3.6250453233E+04 -3.6250017748E+04
           Stress_EigVec1 =  9.6589583305E-01  2.4803046290E-01  7.4337938989E-02
           Stress_EigVec2 = -2.3794539627E-01  9.6346715680E-01 -1.2293504855E-01
           Stress_EigVec3 = -1.0211379972E-01  1.0105408078E-01  9.8962661881E-01
           -DivStress =  3.7869141047E+02  1.3076818362E+03 -1.0240569946E+02
           ESP =  -1.4727244511E+01     ESP at Nucleus =  -1.4727244530E+01
           ESPe = -2.5509807624E+01     ESPe at Nucleus = -2.5509806570E+01
           ESPn =  1.0782563113E+01     ESPn at Nucleus =  1.0782562040E+01

CP# 9      Coords =  5.39418813500111E-01 -2.04532694932469E+00 -2.54514402572254E-01
           Type = (3,-3) NACP H9
           Rho =  4.2090369901E-01     Rho at Nucleus =  4.1709576193E-01
           GradRho = -9.7280039926E-17 -7.3493999515E-16 -1.2208116462E-16
           HessRho_EigVals = -6.4038120671E+00 -6.3981537562E+00 -5.7982684519E+00
           HessRho_EigVec1 = -2.2254313496E-01  9.7032933388E-01 -9.4527968889E-02
           HessRho_EigVec2 =  9.8047269040E-02  1.1874340379E-01  9.8807223273E-01
           HessRho_EigVec3 =  9.6998004418E-01  2.1062048304E-01 -1.2156367059E-01
           DelSqRho = -1.8600234275E+01
           Bond Ellipticity = NA
           V = -4.6599456142E+00
           G =  4.9435227126E-03
           K =  4.6550020915E+00
           L =  4.6500585688E+00
           Vnuc =  3.9424101976E+01
           Ven = -1.6593750352E+01
           Vrep =  1.1933804737E+01
           DelSqV =  6.9976930654E+02
           DelSqVen =  7.3329753284E+02
           DelSqVrep = -3.3528226300E+01
           DelSqG =  6.8852197656E+01
           DelSqK = -7.6862150419E+02
           Stress_EigVals = -1.6045269004E+00 -1.6042699299E+00 -1.4511487839E+00
           Stress_EigVec1 =  9.8652688734E-02  1.1828490012E-01  9.8806696606E-01
           Stress_EigVec2 = -2.2106575436E-01  9.7070523669E-01 -9.4134349296E-02
           Stress_EigVec3 =  9.7025645025E-01  2.0914116255E-01 -1.2191142224E-01
           -DivStress =  7.7362316475E+00  1.6818944182E+00 -9.7098753393E-01
           ESP =  -1.0975811678E+00     ESP at Nucleus =  -1.1001459247E+00
           ESPe = -1.2546426433E+01     ESPe at Nucleus = -1.2485707917E+01
           ESPn =  1.1448845266E+01     ESPn at Nucleus =  1.1385561992E+01

CP# 10     Coords =  1.13510170841368E+00  2.44777297118452E+00  1.77420963687561E-01
           Type = (3,-3) NACP H10
           Rho =  4.2310041303E-01     Rho at Nucleus =  4.1931292896E-01
           GradRho = -6.2724320421E-11  3.2519047703E-11 -1.1655862175E-11
           HessRho_EigVals = -6.4409217675E+00 -6.4353163292E+00 -5.8341543806E+00
           HessRho_EigVec1 =  4.7058214331E-01  8.7873350442E-01 -7.9874117218E-02
           HessRho_EigVec2 = -1.0665278070E-01  1.4650695113E-01  9.8344338812E-01
           HessRho_EigVec3 =  8.7588676823E-01 -4.5427210070E-01  1.6266292682E-01
           DelSqRho = -1.8710392477E+01
           Bond Ellipticity = NA
           V = -4.6869527131E+00
           G =  4.6772969007E-03
           K =  4.6822754162E+00
           L =  4.6775981193E+00
           Vnuc =  3.9347173259E+01
           Ven = -1.6647805258E+01
           Vrep =  1.1960852545E+01
           DelSqV =  7.0404891080E+02
           DelSqVen =  7.3620105466E+02
           DelSqVrep = -3.2152143865E+01
           DelSqG =  6.9295190138E+01
           DelSqK = -7.7334410094E+02
           Stress_EigVals = -1.6135866655E+00 -1.6130335815E+00 -1.4603324661E+00
           Stress_EigVec1 =  4.6346888407E-01  8.8552821208E-01 -3.2192842388E-02
           Stress_EigVec2 = -1.2978429843E-01  1.0377561959E-01  9.8609667714E-01
           Stress_EigVec3 =  8.7655725961E-01 -4.5284700107E-01  1.6302442835E-01
           -DivStress =  6.9883339770E+00 -3.6203906282E+00  1.2983097946E+00
           ESP =  -1.0993726976E+00     ESP at Nucleus =  -1.1018884389E+00
           ESPe = -1.2313575471E+01     ESPe at Nucleus = -1.2257848898E+01
           ESPn =  1.1214202774E+01     ESPn at Nucleus =  1.1155960459E+01

CP# 11     Coords = -4.55064733881141E+00  3.09975840443816E+00 -5.55945834703988E-01
           Type = (3,-3) NACP H11
           Rho =  4.2674079873E-01     Rho at Nucleus =  4.2300960698E-01
           GradRho =  1.2083715274E-14 -9.1256449825E-15  2.4537663568E-15
           HessRho_EigVals = -6.5226369466E+00 -6.5157106470E+00 -5.9135444118E+00
           HessRho_EigVec1 =  5.0785456694E-01  8.6069865045E-01 -3.5799049462E-02
           HessRho_EigVec2 = -1.0869792938E-01  1.0525128817E-01  9.8848719086E-01
           HessRho_EigVec3 =  8.5455748723E-01 -4.9811645169E-01  1.4700850850E-01
           DelSqRho = -1.8951892005E+01
           Bond Ellipticity = NA
           V = -4.7470506469E+00
           G =  4.5388227755E-03
           K =  4.7425118241E+00
           L =  4.7379730013E+00
           Vnuc =  3.9416550684E+01
           Ven = -1.6820650322E+01
           Vrep =  1.2073599675E+01
           DelSqV =  7.1380548797E+02
           DelSqVen =  7.4701821178E+02
           DelSqVrep = -3.3212723816E+01
           DelSqG =  7.0498547628E+01
           DelSqK = -7.8430403559E+02
           Stress_EigVals = -1.6337289542E+00 -1.6330161312E+00 -1.4803055615E+00
           Stress_EigVec1 =  4.9791993558E-01  8.6670620652E-01  2.9934751106E-02
           Stress_EigVec2 = -1.4219837794E-01  4.7544424805E-02  9.8869568067E-01
           Stress_EigVec3 =  8.5548545228E-01 -4.9654796268E-01  1.4691753366E-01
           -DivStress = -6.8197194656E+00  3.9484625697E+00 -1.1669904351E+00
           ESP =  -1.0978981967E+00     ESP at Nucleus =  -1.1004102606E+00
           ESPe = -1.1988364294E+01     ESPe at Nucleus = -1.1903421811E+01
           ESPn =  1.0890466098E+01     ESPn at Nucleus =  1.0803011550E+01

CP# 12     Coords =  6.58287448542886E+00  3.98586463107465E-01  2.81043646052158E+00
           Type = (3,-3) NACP H12
           Rho =  4.2507212291E-01     Rho at Nucleus =  4.2135833442E-01
           GradRho = -1.5499318036E-15  7.0535609891E-17 -4.6793599311E-16
           HessRho_EigVals = -6.4700414815E+00 -6.4636597057E+00 -5.8680448881E+00
           HessRho_EigVec1 =  1.6055095078E-01  9.8354208468E-01  8.2875568559E-02
           HessRho_EigVec2 =  9.8664566194E-01 -1.6225757950E-01  1.4241336862E-02
           HessRho_EigVec3 = -2.7454143300E-02 -7.9482360025E-02  9.9645813984E-01
           DelSqRho = -1.8801746075E+01
           Bond Ellipticity = NA
           V = -4.7093806079E+00
           G =  4.4720445498E-03
           K =  4.7049085634E+00
           L =  4.7004365188E+00
           Vnuc =  3.7518299741E+01
           Ven = -1.5947983319E+01
           Vrep =  1.1238602711E+01
           DelSqV =  7.0777964758E+02
           DelSqVen =  7.0540954491E+02
           DelSqVrep =  2.3701026753E+00
           DelSqG =  6.9636431728E+01
           DelSqK = -7.7741607931E+02
           Stress_EigVals = -1.6207714342E+00 -1.6200204056E+00 -1.4685887682E+00
           Stress_EigVec1 = -1.5978425504E-01 -9.8381518047E-01 -8.1096747892E-02
           Stress_EigVec2 =  9.8677694788E-01 -1.6144790190E-01  1.4346780406E-02
           Stress_EigVec3 = -2.7207480152E-02 -7.7732011748E-02  9.9660297379E-01
           -DivStress = -2.1720028947E-01 -6.2611647626E-01  7.8874642755E+00
           ESP =  -1.1007070019E+00     ESP at Nucleus =  -1.1031749173E+00
           ESPe = -1.0135618999E+01     ESPe at Nucleus = -1.0067779760E+01
           ESPn =  9.0349119973E+00     ESPn at Nucleus =  8.9646048425E+00

CP# 13     Coords =  6.05682292066287E+00 -3.30161375332502E+00  4.59400569967960E-02
           Type = (3,-3) NACP H13
           Rho =  4.2515086981E-01     Rho at Nucleus =  4.2144417328E-01
           GradRho =  1.0305736336E-10  6.5072225741E-10 -2.6333483098E-10
           HessRho_EigVals = -6.4723144294E+00 -6.4658802494E+00 -5.8709782002E+00
           HessRho_EigVec1 =  3.3553902884E-02  3.7033354932E-01  9.2829262512E-01
           HessRho_EigVec2 =  9.8882467904E-01 -1.4729504437E-01  2.3020078743E-02
           HessRho_EigVec3 =  1.4525801087E-01  9.1714624360E-01 -3.7113727665E-01
           DelSqRho = -1.8809172879E+01
           Bond Ellipticity = NA
           V = -4.7112581068E+00
           G =  4.4824435603E-03
           K =  4.7067756633E+00
           L =  4.7022932197E+00
           Vnuc =  3.7674861037E+01
           Ven = -1.6017499940E+01
           Vrep =  1.1306241833E+01
           DelSqV =  7.0810712004E+02
           DelSqVen =  7.0863297559E+02
           DelSqVrep = -5.2585555164E-01
           DelSqG =  6.9678666026E+01
           DelSqK = -7.7778578606E+02
           Stress_EigVals = -1.6213420630E+00 -1.6205885153E+00 -1.4693275285E+00
           Stress_EigVec1 =  3.7135756171E-02  3.6814277001E-01  9.2902736047E-01
           Stress_EigVec2 =  9.8869500881E-01 -1.4868072747E-01  1.9396412688E-02
           Stress_EigVec3 =  1.4526911289E-01  9.1780441390E-01 -3.6950229048E-01
           -DivStress = -1.1484822941E+00 -7.2551988029E+00  2.9321631104E+00
           ESP =  -1.1005407007E+00     ESP at Nucleus =  -1.1030031098E+00
           ESPe = -1.0258575268E+01     ESPe at Nucleus = -1.0192186431E+01
           ESPn =  9.1580345672E+00     ESPn at Nucleus =  9.0891833210E+00

CP# 14     Coords = -5.87087861378233E-01  5.36558402752642E+00 -3.95949133511194E-01
           Type = (3,-3) NACP H14
           Rho =  4.2508361784E-01     Rho at Nucleus =  4.2134169286E-01
           GradRho =  1.0569615929E-16 -9.2830067635E-16 -1.2034644115E-16
           HessRho_EigVals = -6.4729174833E+00 -6.4670608430E+00 -5.8683028970E+00
           HessRho_EigVec1 =  9.9417425283E-01 -9.2379086530E-03  1.0738815603E-01
           HessRho_EigVec2 = -1.0543727500E-01  1.2345226734E-01  9.8673325612E-01
           HessRho_EigVec3 =  2.2372663032E-02  9.9230751218E-01 -1.2175904573E-01
           DelSqRho = -1.8808281223E+01
           Bond Ellipticity = NA
           V = -4.7112821259E+00
           G =  4.6059100547E-03
           K =  4.7066762159E+00
           L =  4.7020703058E+00
           Vnuc =  3.8091600200E+01
           Ven = -1.6192115222E+01
           Vrep =  1.1480833096E+01
           DelSqV =  7.0798121180E+02
           DelSqVen =  7.1643752880E+02
           DelSqVrep = -8.4563169975E+00
           DelSqG =  6.9687624130E+01
           DelSqK = -7.7766883594E+02
           Stress_EigVals = -1.6215970305E+00 -1.6210819875E+00 -1.4686031079E+00
           Stress_EigVec1 =  9.8862571424E-01 -5.4029239370E-03  1.5029971909E-01
           Stress_EigVec2 = -1.4848717270E-01  1.2368245908E-01  9.8114943248E-01
           Stress_EigVec3 =  2.3890514610E-02  9.9230713881E-01 -1.2147339455E-01
           -DivStress =  1.6844133368E-01  7.8868837368E+00 -9.6985665354E-01
           ESP =  -1.0986529557E+00     ESP at Nucleus =  -1.1011578427E+00
           ESPe = -1.0810646835E+01     ESPe at Nucleus = -1.0731090523E+01
           ESPn =  9.7119938790E+00     ESPn at Nucleus =  9.6299326801E+00

CP# 15     Coords = -5.61576436694100E+00 -1.27282899415146E+00  2.79051543353777E-01
           Type = (3,-3) NACP F15
           Rho =  4.1863868973E+02     Rho at Nucleus =  4.1863866013E+02
           GradRho =  4.4318233068E-10 -1.1997605600E-11  3.1693689340E-11
           HessRho_EigVals = -1.1734784839E+06 -1.1734373850E+06 -1.1734326579E+06
           HessRho_EigVec1 =  9.6535730835E-01  2.3931760135E-01 -1.0398246435E-01
           HessRho_EigVec2 =  9.8034646247E-02  3.6657942073E-02  9.9450761858E-01
           HessRho_EigVec3 = -2.4181496095E-01  9.7024908192E-01 -1.1926595901E-02
           DelSqRho = -3.5203485268E+06
           Bond Ellipticity = NA
           V = -8.8031973083E+05
           G =  1.1629956576E+02
           K =  8.8020343127E+05
           L =  8.8008713170E+05
           Vnuc =  1.2669964276E+06
           Ven = -5.3041372435E+08
           Vrep =  5.2953340462E+08
           DelSqV =  4.6327266948E+10
           DelSqVen =  4.4602690068E+12
           DelSqVrep = -4.4139417399E+12
           DelSqG =  2.4677592201E+09
           DelSqK = -4.8795026168E+10
           Stress_EigVals = -2.9344414537E+05 -2.9344297109E+05 -2.9343261438E+05
           Stress_EigVec1 = -2.4155391907E-01  9.7030820840E-01 -1.2396971448E-02
           Stress_EigVec2 =  9.8075694901E-02  3.7121388256E-02  9.9448638030E-01
           Stress_EigVec3 =  9.6541849073E-01  2.3900624104E-01 -1.0413046862E-01
           -DivStress = -1.0348618003E+05 -2.5564968824E+04  1.1887419921E+04
           ESP =  -2.6557517089E+01     ESP at Nucleus =  -2.6557517929E+01
           ESPe = -3.4637792530E+01     ESPe at Nucleus = -3.4637780999E+01
           ESPn =  8.0802754408E+00     ESPn at Nucleus =  8.0802630703E+00

CP# 16     Coords = -1.95608536599432E+00 -4.39602958825903E+00  2.23542366837001E-01
           Type = (3,-3) NACP H16
           Rho =  4.2067701863E-01     Rho at Nucleus =  4.1691302823E-01
           GradRho =  1.6626971978E-09  5.7914908277E-09 -7.0564787130E-10
           HessRho_EigVals = -6.4057926303E+00 -6.4006657998E+00 -5.8041822225E+00
           HessRho_EigVec1 =  9.5761187680E-01 -2.8077576996E-01 -6.4377483808E-02
           HessRho_EigVec2 =  9.4091916912E-02  9.3654390416E-02  9.9114860961E-01
           HessRho_EigVec3 =  2.7226128000E-01  9.5519308109E-01 -1.1610328699E-01
           DelSqRho = -1.8610640653E+01
           Bond Ellipticity = NA
           V = -4.6623471828E+00
           G =  4.8435098162E-03
           K =  4.6575036730E+00
           L =  4.6526601631E+00
           Vnuc =  3.8538949302E+01
           Ven = -1.6212450293E+01
           Vrep =  1.1550103111E+01
           DelSqV =  7.0044544995E+02
           DelSqVen =  7.1723454617E+02
           DelSqVrep = -1.6789096223E+01
           DelSqG =  6.8961481322E+01
           DelSqK = -7.6940693127E+02
           Stress_EigVals = -1.6051300348E+00 -1.6047515565E+00 -1.4524655915E+00
           Stress_EigVec1 =  6.4285460606E-02  1.0228111046E-01  9.9267615767E-01
           Stress_EigVec2 =  9.6021797441E-01 -2.7722039216E-01 -3.3619871856E-02
           Stress_EigVec3 =  2.7175139589E-01  9.5534675831E-01 -1.1603340131E-01
           -DivStress = -2.1769028976E+00 -7.5720883793E+00  9.2334332437E-01
           ESP =  -1.0988286213E+00     ESP at Nucleus =  -1.1013718881E+00
           ESPe = -1.1490102896E+01     ESPe at Nucleus = -1.1408071703E+01
           ESPn =  1.0391274275E+01     ESPn at Nucleus =  1.0306699815E+01

