AIMSum (Version 19.02.13, Professional)
Copyright (c) 1997-2019 by Todd A. Keith
AIMSum is a component of the AIMAll package ( http://aim.tkgristmill.com )

TP:  64-bit Linux

Much of the Quantum Theory of Atoms in Molecules (QTAIM) is described in the book:
  "Atoms in Molecules - A Quantum Theory"
  R.F.W. Bader, Oxford University Press, Oxford, 1990

For additional references see:  http://aim.tkgristmill.com/references.html

Wfn File:  /home/mhennefarth/Documents/ML_Diels/summary-pieniazek2006/r_3d-opt/r_3d-opt.wfn
Sum File:  /home/mhennefarth/Documents/ML_Diels/summary-pieniazek2006/r_3d-opt/r_3d-opt.sum

SumViz File:  /home/mhennefarth/Documents/ML_Diels/summary-pieniazek2006/r_3d-opt/r_3d-opt.sumviz

Wfn Title:   Title Card Required                                                           
 
Total memory allocated for AIMSum =        0.947 Megabytes

Atomic units (a.u.) used throughout, except where stated otherwise

Model:  Restricted SCF
 
Restricted, closed-shell, single-determinant wavefunction.
  Number of electrons (from MO Occs)                   =          68.0000000000
  Number of Alpha electrons (from MO Occs)             =          34.0000000000
  Number of Beta electrons (from MO Occs)              =          34.0000000000
  Number of electron pairs (N*(N-1)/2)                 =        2278.0000000000
  Number of electron pairs (from Muller 2EDM)          =        2278.0000000000
 
Nuclear Charges and Cartesian Coordinates:
-------------------------------------------------------------------------------
Atom      Charge                X                  Y                  Z
-------------------------------------------------------------------------------
H1         1.0          -3.6780772800E+00  -4.8626598500E+00   1.4027928000E+00
O2         8.0          -1.9925143200E+00   1.9525884000E-01  -1.7796803300E+00
C3         6.0          -1.5810215600E+00   9.1880455000E-01   6.5194210000E-01
C4         6.0          -2.1796839700E+00  -9.6954310000E-01   2.3022615400E+00
C5         6.0          -3.0395683800E+00  -3.0317032900E+00   7.5709027000E-01
C6         6.0          -2.8816715200E+00  -2.2549320000E+00  -1.6841004900E+00
C7         6.0           4.7506286600E+00  -2.3754188800E+00  -9.9784892000E-01
O8         8.0          -7.8687103000E-01   3.2830152100E+00   1.0850503800E+00
C9         6.0           5.5085006100E+00  -1.1152835100E+00   1.0458382800E+00
H10        1.0          -3.2817789400E+00  -3.1108908500E+00  -3.4895044200E+00
H11        1.0          -2.0277472100E+00  -8.8962259000E-01   4.3348850700E+00
H12        1.0           4.2329078300E+00  -7.5008971000E-01   2.6142601000E+00
H13        1.0           7.4286474800E+00  -4.0662015000E-01   1.2378156100E+00
H14        1.0           6.0201237400E+00  -2.7513055300E+00  -2.5705852000E+00
H15        1.0           2.8325750500E+00  -3.0908036700E+00  -1.1740484700E+00
C16        6.0           6.8148867000E-01   4.4494897700E+00  -8.7310469000E-01
H17        1.0           2.3301808700E+00   3.2884254300E+00  -1.3392581900E+00
H18        1.0           1.2844888900E+00   6.2631612500E+00  -1.0031742000E-01
H19        1.0          -4.5827265000E-01   4.7557320400E+00  -2.5714688700E+00
 
Some Atomic Properties:
----------------------
  q(A) = Net Charge of Atom A
  L(A) = Lagrangian of Atom A = -(1/4) Times Atomic Integral of the Laplacian of the Electron Density
  K(A) = Electronic Kinetic Energy of Atom A (Hamiltonian Form)
  K_Scaled(A) = K(A) * E(Mol)/K(Mol) = Approximation to Virial-Based Total Energy of Atom A.
  |Mu_Intra(A)| = Magnitude of Intraatomic Dipole Moment of Atom A
--------------------------------------------------------------------------------------------------
Atom A          q(A)              L(A)              K(A)          K_Scaled(A)      |Mu_Intra(A)|
--------------------------------------------------------------------------------------------------
H1        6.3431489450E-02  1.7645103766E-05  5.8457076367E-01 -5.9005893029E-01  1.4554959916E-01
O2       -1.1147471243E+00  8.6530624266E-05  7.5292912759E+01 -7.5999790483E+01  2.0380947974E-01
C3        1.0825726998E+00 -6.9471513664E-06  3.7052129438E+01 -3.7399988539E+01  8.9296153246E-01
C4       -9.0286975000E-03 -3.0659555186E-04  3.7691206958E+01 -3.8045065955E+01  3.1953559942E-01
C5       -2.1003814400E-02  4.1408061874E-05  3.7712752020E+01 -3.8066813290E+01  2.2598627143E-01
C6        3.7483610570E-01 -2.5083562757E-04  3.7448873019E+01 -3.7800456894E+01  7.7724456620E-01
C7       -8.5542138700E-02 -1.4311183288E-04  3.7696193881E+01 -3.8050099696E+01  9.9209219921E-02
O8       -1.1161146352E+00  9.1621803869E-05  7.5260418279E+01 -7.5966990933E+01  2.3611529380E-01
C9       -8.7994136700E-02 -2.2883528451E-04  3.7696399835E+01 -3.8050307584E+01  9.3871912591E-02
H10       8.8692260670E-02  2.3422934125E-05  5.7870687497E-01 -5.8413998924E-01  1.4377052518E-01
H11       7.0428101100E-02  2.1202521341E-05  5.8069397525E-01 -5.8614574514E-01  1.4711669266E-01
H12       4.8169368100E-02  1.3788375482E-05  5.9245034759E-01 -5.9801249066E-01  1.4409377993E-01
H13       3.5970258390E-02  2.6770035039E-05  5.9711235873E-01 -6.0271827048E-01  1.4816723856E-01
H14       3.5743711590E-02  2.1873103583E-05  5.9728013664E-01 -6.0288762355E-01  1.4813990924E-01
H15       5.6989357500E-02  3.4494613151E-05  5.8968507125E-01 -5.9522125288E-01  1.3766156546E-01
C16       4.3308927810E-01 -1.5343296206E-04  3.7424754837E+01 -3.7776112282E+01  6.2121154332E-01
H17       5.2738996670E-02  3.5164064618E-06  5.9599229808E-01 -6.0158769429E-01  1.4828595483E-01
H18       4.6106165860E-02  2.8799809407E-05  6.0157980694E-01 -6.0722766075E-01  1.4594995708E-01
H19       4.5186120560E-02  2.7676697921E-05  6.0222239553E-01 -6.0787628220E-01  1.4871158448E-01
--------------------------------------------------------------------------------------------------
Total    -4.7663331000E-04 -6.5100831996E-04  4.1919593505E+02 -4.2313150160E+02
 
1st Largest |L(A)| = 3.0659555186E-04, atom C4      
2nd Largest |L(A)| = 2.5083562757E-04, atom C6      
 
Molecular charge q(Mol) from the wfn file:   0.0000000000E+00
Molecular energy E(Mol) from the wfn file:  -4.2313170121E+02
Molecular virial ratio (-V(Mol)/T(Mol)) from the wfn file:   2.0093883700E+00
Note.  K_Scaled(A) = (1+V(Mol)/T(Mol))*K(A) = (E(Mol)/T(Mol))*K(A)
       Only use K_Scaled(A) data with caution.
 
N_AIMInt(SumA)     =         68.000477
N_Analytic(Mol)    =         67.999987
 
G_AIMInt(SumA)     =        419.196586
G_Analytic(Mol)    =        419.196103
 
K_AIMInt(SumA)     =        419.195935
K_Analytic(Mol)    =        419.196103
 
L_AIMInt(SumA)     =         -0.000651
L_Analytic(Mol)    =          0.000000
 
VenT_AIMInt(SumA)  =      -1852.955302
VenT_Analytic(Mol) =      -1852.948114
 
Some Information About the Atomic Calculations:
----------------------------------------------
  Time(sec) = "Elapsed User Time", in Seconds, for Atom A by AIMInt and, if used, by TWOe
  NProc = Number of Processors Used for AIMInt Job
  BIM = Basin Integration Method
  OAQ = Angular Quadrature Outside of Beta Sphere
  ORQ = Multiple of Default for Radial Quadrature Outside of Beta Sphere
  IAQ = Multiple of Default for Angular Quadrature Inside of Beta Sphere
  IRQ = Multiple of Default for Radial Quadrature Inside of Beta Sphere
  MIR = Maximum Integration Radius
------------------------------------------------------------------------------------------------------
Atom A     Time(sec)   NProc      BIM          OAQ                     ORQ      IAQ      IRQ      MIR
------------------------------------------------------------------------------------------------------
H1              5        8     Proaim(5)    1800(GS4)                  1.00     1.00     1.00    13.00
O2             22        8     Proaim(5)    4500(GS4)                  1.00     1.00     1.00    13.00
C3             43        8     Proaim(5)    5400(GS5)                  1.00     1.00     1.00    13.00
C4             28        8     Proaim(5)    4500(GS4)                  1.00     1.00     1.00    13.00
C5             21        8     Proaim(5)    4500(GS4)                  1.00     1.00     1.00    13.00
C6             34        8     Proaim(5)    4500(GS4)                  1.00     1.00     1.00    13.00
C7             21        8     Proaim(5)    4500(GS4)                  1.00     1.00     1.00    13.00
O8             19        8     Proaim(5)    4500(GS4)                  1.00     1.00     1.00    13.00
C9             29        8     Proaim(5)    4500(GS4)                  1.00     1.00     1.00    13.00
H10             5        8     Proaim(5)    1800(GS4)                  1.00     1.00     1.00    13.00
H11             6        8     Proaim(5)    1800(GS4)                  1.00     1.00     1.00    13.00
H12            16        8     Proaim(5)    4500(GS4)                  1.00     1.00     1.00    13.00
H13             4        8     Proaim(5)    1800(GS4)                  1.00     1.00     1.00    13.00
H14             5        8     Proaim(5)    1800(GS4)                  1.00     1.00     1.00    13.00
H15            16        8     Proaim(5)    4500(GS4)                  1.00     1.00     1.00    13.00
C16            24        8     Proaim(5)    4500(GS4)                  1.00     1.00     1.00    13.00
H17            13        8     Proaim(5)    4500(GS4)                  1.00     1.00     1.00    13.00
H18             7        8     Proaim(5)    1800(GS4)                  1.00     1.00     1.00    13.00
H19             6        8     Proaim(5)    1800(GS4)                  1.00     1.00     1.00    13.00
------------------------------------------------------------------------------------------------------
Total         324
Note:  Total wall clock time is less than total of atomic times if more than one atom
       was calculated at a time
 
Electron Density Critical Point Analysis of Molecular Structure:               
---------------------------------------------------------------                
  NACP = Nuclear Attractor Critical Point                                      
  NNACP = Non-Nuclear Attractor Critical Point                                 
  BCP = Bond Critical Point                                                    
  RCP = Ring Critical Point                                                    
  CCP = Cage Critical Point                                                    
  Rho = Electron Density                                                       
  GradRho = Gradient of Electron Density                                       
  HessRho_EigVals = Eigenvalues of the Hessian of Rho, Ascending Order         
  HessRho_EigVecs = Eigenvectors of the Hessian of Rho                         
  DelSqRho = Laplacian of Rho = Trace of Hessian of Rho                        
  Bond Ellipticity = (HessRho_EigVal(1) / HessRho_EigVal(2)) - 1               
  V = Virial Field = Potential Energy Density = Trace of Stress Tensor         
  G = Lagrangian Form of Kinetic Energy Density                                
  K = Hamiltonian Form of Kinetic Energy Density                               
  L = K - G = Lagrangian Density = (-1/4)DelSqRho                              
  Vnuc = Electrostatic Potential from Nuclei                                   
  Ven = Electron-nuclear attractive contribution to Virial Field V             
  Vrep = V - Ven = Repulsive contribution to Virial Field V                    
  DelSqV = Laplacian of V                                                      
  DelSqVen = Laplacian of Ven                                                  
  DelSqVrep = Laplacian of Vrep                                                
  DelSqG = Laplacian of G                                                      
  DelSqK = Laplacian of K                                                      
  Stress_EigVals = Eigenvalues of Stress Tensor, Ascending Order               
  Stress_EigVecs = Eigenvectors of Stress Tensor                               
  -DivStress = Ehrenfest Force Density = Minus Divergence of Stress Tensor     
  ESP = Total Electrostatic Potential                                          
  ESPe = Electrostatic Potential from Electrons                                
  ESPn = Electrostatic Potential from Nuclei                                   
  BP = Bond Path                                                               
  BPL = Bond Path Length                                                       
  GBL = Geometric Bond Length                                                  
  GBL_I = Distance Between Nuclear Attractors                                  
  GBL_II = Distance Between Nuclei                                             
  GBL_III = Sum of Distances Between BCP and Nuclear Attractors                
  GBL_IV = Sum of Distances Between BCP and Nuclei                             

CP# 1      Coords = -3.66697539052073E+00 -4.83084603754316E+00  1.39151361203497E+00
           Type = (3,-3) NACP H1
           Rho =  4.2387512471E-01     Rho at Nucleus =  4.2007882187E-01
           GradRho =  1.2756177863E-10  3.6552626984E-10 -1.2941331376E-10
           HessRho_EigVals = -6.4615361892E+00 -6.4560629820E+00 -5.8518964452E+00
           HessRho_EigVec1 =  1.5108353193E-01  2.8119621560E-01  9.4768267617E-01
           HessRho_EigVec2 =  9.3778029673E-01 -3.4397302706E-01 -4.7441244903E-02
           HessRho_EigVec3 =  3.1263698028E-01  8.9588573210E-01 -3.1566893032E-01
           DelSqRho = -1.8769495616E+01
           Bond Ellipticity = NA
           V = -4.7012654697E+00
           G =  4.4457828119E-03
           K =  4.6968196869E+00
           L =  4.6923739041E+00
           Vnuc =  4.0132884937E+01
           Ven = -1.7011331608E+01
           Vrep =  1.2310066138E+01
           DelSqV =  7.0640011881E+02
           DelSqVen =  7.5327400854E+02
           DelSqVrep = -4.6873889726E+01
           DelSqG =  6.9598533791E+01
           DelSqK = -7.7599865260E+02
           Stress_EigVals = -1.6184764403E+00 -1.6184024625E+00 -1.4643865669E+00
           Stress_EigVec1 =  1.1899344758E-01  2.9352654577E-01  9.4851606542E-01
           Stress_EigVec2 =  9.4241733162E-01 -3.3411000106E-01 -1.4835102266E-02
           Stress_EigVec3 =  3.1255420730E-01  8.9566325933E-01 -3.1638140492E-01
           -DivStress = -2.4997283055E+00 -7.1635211871E+00  2.5400947714E+00
           ESP =  -1.0951577593E+00     ESP at Nucleus =  -1.0977758206E+00
           ESPe = -1.3085151739E+01     ESPe at Nucleus = -1.2990027965E+01
           ESPn =  1.1989993980E+01     ESPn at Nucleus =  1.1892252145E+01

CP# 2      Coords = -1.99251555462172E+00  1.95253823471465E-01 -1.77967251877895E+00
           Type = (3,-3) NACP O2
           Rho =  2.8994748011E+02     Rho at Nucleus =  2.8994745208E+02
           GradRho = -5.4833179663E-11  7.6942167915E-12 -8.1200150770E-13
           HessRho_EigVals = -6.3931240894E+05 -6.3929662586E+05 -6.3929458168E+05
           HessRho_EigVec1 =  3.2834153630E-01  7.4597224050E-01  5.7941112515E-01
           HessRho_EigVec2 = -5.3554462670E-02 -5.9773060473E-01  7.9990627182E-01
           HessRho_EigVec3 =  9.4303963600E-01 -2.9367250566E-01 -1.5630964254E-01
           DelSqRho = -1.9179036165E+06
           Bond Ellipticity = NA
           V = -4.7956967727E+05
           G =  4.6886575256E+01
           K =  4.7952279069E+05
           L =  4.7947590412E+05
           Vnuc =  8.5424942577E+05
           Ven = -2.4768746839E+08
           Vrep =  2.4720789871E+08
           DelSqV =  1.9777603580E+10
           DelSqVen =  1.6383680650E+12
           DelSqVrep = -1.6185904620E+12
           DelSqG =  1.0574902399E+09
           DelSqK = -2.0835093819E+10
           Stress_EigVals = -1.5985815394E+05 -1.5985749805E+05 -1.5985402527E+05
           Stress_EigVec1 =  9.4137923538E-01 -3.0643223117E-01 -1.4108303546E-01
           Stress_EigVec2 = -7.4053932348E-02 -5.9571793378E-01  7.9977256672E-01
           Stress_EigVec3 =  3.2912178642E-01  7.4244153377E-01  5.8348900472E-01
           -DivStress =  7.9677272957E+03  3.2311289509E+04 -5.0259899815E+04
           ESP =  -2.2250822812E+01     ESP at Nucleus =  -2.2250823873E+01
           ESPe = -3.5908164661E+01     ESPe at Nucleus = -3.5908149437E+01
           ESPn =  1.3657341849E+01     ESPn at Nucleus =  1.3657325563E+01

CP# 3      Coords = -1.58102038975871E+00  9.18809717832194E-01  6.51936145439279E-01
           Type = (3,-3) NACP C3
           Rho =  1.1757337953E+02     Rho at Nucleus =  1.1757337493E+02
           GradRho =  5.6445022267E-12  3.6253378771E-12 -3.8983308769E-12
           HessRho_EigVals = -1.4484748591E+05 -1.4484592870E+05 -1.4484565478E+05
           HessRho_EigVec1 =  2.6261480631E-01  6.2457392585E-01  7.3548682834E-01
           HessRho_EigVec2 = -1.6077041175E-01  7.7990916782E-01 -6.0489219259E-01
           HessRho_EigVec3 =  9.5141281167E-01 -4.0609125768E-02 -3.0522870227E-01
           DelSqRho = -4.3453906939E+05
           Bond Ellipticity = NA
           V = -1.0864483195E+05
           G =  5.0323019115E+00
           K =  1.0863979965E+05
           L =  1.0863476735E+05
           Vnuc =  7.5276900254E+05
           Ven = -8.8505595637E+07
           Vrep =  8.8396950805E+07
           DelSqV =  2.4925178957E+09
           DelSqVen =  3.2710754240E+11
           DelSqVrep = -3.2461502450E+11
           DelSqG =  1.3385578955E+08
           DelSqK = -2.6263736852E+09
           Stress_EigVals = -3.6215217010E+04 -3.6214920132E+04 -3.6214694810E+04
           Stress_EigVec1 =  3.2004648948E-01  7.2698386951E-01 -6.0750695309E-01
           Stress_EigVec2 =  9.1158726755E-01 -4.1094510533E-01 -1.1522761945E-02
           Stress_EigVec3 =  2.5802887089E-01  5.5010778387E-01  7.9423077749E-01
           -DivStress = -9.4537077948E+02 -4.1851711857E+03  4.8227738543E+03
           ESP =  -1.4638423730E+01     ESP at Nucleus =  -1.4638424046E+01
           ESPe = -3.0751211720E+01     ESPe at Nucleus = -3.0751209268E+01
           ESPn =  1.6112787990E+01     ESPn at Nucleus =  1.6112785221E+01

CP# 4      Coords = -2.17968422228744E+00 -9.69543049187395E-01  2.30226081104251E+00
           Type = (3,-3) NACP C4
           Rho =  1.1757762057E+02     Rho at Nucleus =  1.1757762053E+02
           GradRho = -4.0727754502E-11  1.5891329919E-11 -9.7438564162E-11
           HessRho_EigVals = -1.4487781680E+05 -1.4487755593E+05 -1.4487747019E+05
           HessRho_EigVec1 =  1.8053889237E-01  9.5868845885E-01 -2.1982299062E-01
           HessRho_EigVec2 =  2.6864281672E-01  1.6693406212E-01  9.4866435367E-01
           HessRho_EigVec3 =  9.4616951196E-01 -2.3032467902E-01 -2.2740667727E-01
           DelSqRho = -4.3463284292E+05
           Bond Ellipticity = NA
           V = -1.0866872415E+05
           G =  5.2567112017E+00
           K =  1.0866346744E+05
           L =  1.0865821073E+05
           Vnuc =  7.7614547292E+06
           Ven = -9.1257337923E+08
           Vrep =  9.1246471051E+08
           DelSqV =  2.4930894777E+09
           DelSqVen =  3.3733827625E+12
           DelSqVrep = -3.3708896730E+12
           DelSqG =  1.3391130323E+08
           DelSqK = -2.6270007810E+09
           Stress_EigVals = -3.6223076118E+04 -3.6222914962E+04 -3.6222733072E+04
           Stress_EigVec1 =  4.4626864672E-02  1.3883241155E-03  9.9900276051E-01
           Stress_EigVec2 =  4.0420354912E-01  9.1446484395E-01 -1.9327184514E-02
           Stress_EigVec3 =  9.1357973589E-01 -4.0466297303E-01 -4.0248533303E-02
           -DivStress =  2.0905362839E+02 -3.6047225781E+01  5.9560356958E+02
           ESP =  -1.4751367127E+01     ESP at Nucleus =  -1.4751367125E+01
           ESPe = -2.8505084133E+01     ESPe at Nucleus = -2.8505082860E+01
           ESPn =  1.3753717006E+01     ESPn at Nucleus =  1.3753715735E+01

CP# 5      Coords = -3.03956824423100E+00 -3.03170317280760E+00  7.57090782119741E-01
           Type = (3,-3) NACP C5
           Rho =  1.1763129809E+02     Rho at Nucleus =  1.1763129807E+02
           GradRho =  6.2508834914E-12 -4.1784527227E-12  3.2005665642E-11
           HessRho_EigVals = -1.4494363976E+05 -1.4494313030E+05 -1.4494295998E+05
           HessRho_EigVec1 =  9.3940877911E-01 -3.3764929582E-01 -5.9195428484E-02
           HessRho_EigVec2 =  2.6741927521E-01  6.1379004058E-01  7.4279789803E-01
           HessRho_EigVec3 =  2.1447162276E-01  7.1362086510E-01 -6.6689368262E-01
           DelSqRho = -4.3482973005E+05
           Bond Ellipticity = NA
           V = -1.0871780863E+05
           G =  5.1880603474E+00
           K =  1.0871262057E+05
           L =  1.0870743251E+05
           Vnuc =  1.1057522875E+07
           Ven = -1.3007107695E+09
           Vrep =  1.3006020517E+09
           DelSqV =  2.4942115585E+09
           DelSqVen =  4.8081403904E+12
           DelSqVrep = -4.8056461788E+12
           DelSqG =  1.3397116635E+08
           DelSqK = -2.6281827249E+09
           Stress_EigVals = -3.6239498392E+04 -3.6239349006E+04 -3.6238961235E+04
           Stress_EigVec1 =  2.5565072335E-01  7.8593321051E-01 -5.6298463236E-01
           Stress_EigVec2 =  2.3634234043E-01  5.1385919086E-01  8.2467631837E-01
           Stress_EigVec3 =  9.3743533418E-01 -3.4388620296E-01 -5.4380820554E-02
           -DivStress = -1.1120372240E+02 -9.9922429752E+01 -4.1607942029E+02
           ESP =  -1.4743286245E+01     ESP at Nucleus =  -1.4743286247E+01
           ESPe = -2.7702336630E+01     ESPe at Nucleus = -2.7702336662E+01
           ESPn =  1.2959050385E+01     ESPn at Nucleus =  1.2959050416E+01

CP# 6      Coords = -2.88166906557123E+00 -2.25492543917576E+00 -1.68410190886942E+00
           Type = (3,-3) NACP C6
           Rho =  1.1760195043E+02     Rho at Nucleus =  1.1760194673E+02
           GradRho = -2.2035134134E-11 -7.4737282335E-12 -2.8823352125E-12
           HessRho_EigVals = -1.4489690571E+05 -1.4489486720E+05 -1.4489479876E+05
           HessRho_EigVec1 =  3.5094195568E-01  9.3619619735E-01 -1.9401644383E-02
           HessRho_EigVec2 =  9.2086316408E-01 -3.4880438202E-01 -1.7420257207E-01
           HessRho_EigVec3 =  1.6985516412E-01 -4.3268731691E-02  9.8451868447E-01
           DelSqRho = -4.3468657167E+05
           Bond Ellipticity = NA
           V = -1.0868189645E+05
           G =  5.1267666236E+00
           K =  1.0867676968E+05
           L =  1.0867164292E+05
           Vnuc =  8.3950835472E+05
           Ven = -9.8727819916E+07
           Vrep =  9.8619138020E+07
           DelSqV =  2.4933785957E+09
           DelSqVen =  3.6492300877E+11
           DelSqVrep = -3.6242963017E+11
           DelSqG =  1.3391558861E+08
           DelSqK = -2.6272941843E+09
           Stress_EigVals = -3.6227689727E+04 -3.6227267549E+04 -3.6226939175E+04
           Stress_EigVec1 =  6.5257041354E-02  2.8597007312E-02  9.9745863560E-01
           Stress_EigVec2 =  9.3278216028E-01 -3.5684353129E-01 -5.0795035630E-02
           Stress_EigVec3 =  3.5448407583E-01  9.3372635464E-01 -4.9961331336E-02
           -DivStress = -1.9903633432E+03 -5.3197086303E+03  1.1476988757E+03
           ESP =  -1.4699641992E+01     ESP at Nucleus =  -1.4699642224E+01
           ESPe = -2.8187744247E+01     ESPe at Nucleus = -2.8187735431E+01
           ESPn =  1.3488102255E+01     ESPn at Nucleus =  1.3488093208E+01

CP# 7      Coords =  4.75062861933482E+00 -2.37541923758962E+00 -9.97849766999814E-01
           Type = (3,-3) NACP C7
           Rho =  1.1768563166E+02     Rho at Nucleus =  1.1768563159E+02
           GradRho =  1.0182559114E-11 -4.7148792683E-11 -1.6301013957E-10
           HessRho_EigVals = -1.4501568443E+05 -1.4501456291E+05 -1.4501437509E+05
           HessRho_EigVec1 = -2.7793168710E-01  8.6205811357E-01 -4.2380394775E-01
           HessRho_EigVec2 = -8.4016369134E-01 -4.2600144718E-03  5.4231616612E-01
           HessRho_EigVec3 =  4.6570264017E-01  5.0679153614E-01  7.2545391986E-01
           DelSqRho = -4.3504462243E+05
           Bond Ellipticity = NA
           V = -1.0877133988E+05
           G =  5.0921350090E+00
           K =  1.0876624774E+05
           L =  1.0876115561E+05
           Vnuc =  6.5196984304E+06
           Ven = -7.6727482799E+08
           Vrep =  7.6716605665E+08
           DelSqV =  2.4954414397E+09
           DelSqVen =  2.8363605934E+12
           DelSqVrep = -2.8338651520E+12
           DelSqG =  1.3404213840E+08
           DelSqK = -2.6294835781E+09
           Stress_EigVals = -3.6257378965E+04 -3.6257266629E+04 -3.6256694283E+04
           Stress_EigVec1 =  3.8486791533E-01  5.0676162005E-01  7.7140738147E-01
           Stress_EigVec2 = -8.7988529470E-01 -5.0932734614E-02  4.7244864770E-01
           Stress_EigVec3 = -2.7870872954E-01  8.6058033732E-01 -4.2628972201E-01
           -DivStress =  3.2455539210E+01  2.9106206481E+02  6.8735283223E+02
           ESP =  -1.4747437581E+01     ESP at Nucleus =  -1.4747437594E+01
           ESPe = -2.5280624818E+01     ESPe at Nucleus = -2.5280625713E+01
           ESPn =  1.0533187237E+01     ESPn at Nucleus =  1.0533188119E+01

CP# 8      Coords = -7.86869340146870E-01  3.28300985322625E+00  1.08504192480975E+00
           Type = (3,-3) NACP O8
           Rho =  2.8984808650E+02     Rho at Nucleus =  2.8984805358E+02
           GradRho = -3.1002644896E-11 -9.3652918753E-11  3.1401686806E-11
           HessRho_EigVals = -6.3911136061E+05 -6.3909539581E+05 -6.3908377265E+05
           HessRho_EigVec1 =  5.0691012129E-01  8.0837192913E-01 -2.9929409139E-01
           HessRho_EigVec2 = -2.6568803818E-01  4.7682644830E-01  8.3788209467E-01
           HessRho_EigVec3 =  8.2003170384E-01 -3.4521205426E-01  4.5648290471E-01
           DelSqRho = -1.9172905291E+06
           Bond Ellipticity = NA
           V = -4.7941684568E+05
           G =  4.7106706959E+01
           K =  4.7936973898E+05
           L =  4.7932263227E+05
           Vnuc =  7.8811978893E+05
           Ven = -2.2843501276E+08
           Vrep =  2.2795559591E+08
           DelSqV =  1.9771347752E+10
           DelSqVen =  1.5110546053E+12
           DelSqVrep = -1.4912832576E+12
           DelSqG =  1.0571816033E+09
           DelSqK = -2.0828529355E+10
           Stress_EigVals = -1.5980882767E+05 -1.5980572329E+05 -1.5980229472E+05
           Stress_EigVec1 =  8.2064682494E-01 -3.4774656299E-01  4.5344362013E-01
           Stress_EigVec2 = -2.6480220984E-01  4.7175203588E-01  8.4102901633E-01
           Stress_EigVec3 =  5.0637790076E-01  8.1026066458E-01 -2.9505775206E-01
           -DivStress = -1.0894984969E+04  3.4407052219E+04  5.4398743641E+04
           ESP =  -2.2275496002E+01     ESP at Nucleus =  -2.2275497220E+01
           ESPe = -3.4987929471E+01     ESPe at Nucleus = -3.4987913001E+01
           ESPn =  1.2712433469E+01     ESPn at Nucleus =  1.2712415781E+01

CP# 9      Coords =  5.50850104498844E+00 -1.11528293155445E+00  1.04583894953745E+00
           Type = (3,-3) NACP C9
           Rho =  1.1768346731E+02     Rho at Nucleus =  1.1768346724E+02
           GradRho =  7.1574366226E-11  1.1979928334E-10  1.5539297453E-10
           HessRho_EigVals = -1.4501274060E+05 -1.4501167669E+05 -1.4501148088E+05
           HessRho_EigVec1 = -2.7693877630E-01  8.5776332117E-01 -4.3306696830E-01
           HessRho_EigVec2 = -9.4074421515E-01 -1.5023549030E-01  3.0402239903E-01
           HessRho_EigVec3 =  1.9571723439E-01  4.9160083636E-01  8.4854191520E-01
           DelSqRho = -4.3503589818E+05
           Bond Ellipticity = NA
           V = -1.0876916268E+05
           G =  5.0940667599E+00
           K =  1.0876406861E+05
           L =  1.0875897454E+05
           Vnuc =  6.0855204056E+06
           Ven = -7.1616514174E+08
           Vrep =  7.1605637257E+08
           DelSqV =  2.4953913876E+09
           DelSqVen =  2.6474203709E+12
           DelSqVrep = -2.6449249796E+12
           DelSqG =  1.3403920767E+08
           DelSqK = -2.6294305952E+09
           Stress_EigVals = -3.6256650564E+04 -3.6256534563E+04 -3.6255977551E+04
           Stress_EigVec1 =  2.5174316121E-01  4.9649994668E-01  8.3073051210E-01
           Stress_EigVec2 = -9.2738542955E-01 -1.2168893916E-01  3.5376272717E-01
           Stress_EigVec3 = -2.7673388993E-01  8.5946472006E-01 -4.2981245810E-01
           -DivStress = -3.5338631354E+02 -4.6906981873E+02 -5.4401461515E+02
           ESP =  -1.4747109611E+01     ESP at Nucleus =  -1.4747109625E+01
           ESPe = -2.5075815480E+01     ESPe at Nucleus = -2.5075816523E+01
           ESPn =  1.0328705869E+01     ESPn at Nucleus =  1.0328706898E+01

CP# 10     Coords = -3.27447307173651E+00 -3.09524750066032E+00 -3.45697221797193E+00
           Type = (3,-3) NACP H10
           Rho =  4.2539332401E-01     Rho at Nucleus =  4.2131960805E-01
           GradRho =  3.4964583952E-10  7.4881736779E-10  1.5559757755E-09
           HessRho_EigVals = -6.4792640322E+00 -6.4671173105E+00 -5.8327267048E+00
           HessRho_EigVec1 = -2.8978718487E-01 -8.3468253108E-01  4.6832516459E-01
           HessRho_EigVec2 =  9.3623251138E-01 -3.4881712674E-01 -4.2370941987E-02
           HessRho_EigVec3 =  1.9872612340E-01  4.2618268899E-01  8.8253965547E-01
           DelSqRho = -1.8779108047E+01
           Bond Ellipticity = NA
           V = -4.7033190461E+00
           G =  4.2710171328E-03
           K =  4.6990480290E+00
           L =  4.6947770119E+00
           Vnuc =  3.9622560871E+01
           Ven = -1.6855172875E+01
           Vrep =  1.2151853829E+01
           DelSqV =  7.0545472031E+02
           DelSqVen =  7.4407635430E+02
           DelSqVrep = -3.8621633990E+01
           DelSqG =  6.9431430683E+01
           DelSqK = -7.7488615100E+02
           Stress_EigVals = -1.6219813749E+00 -1.6219429923E+00 -1.4593946789E+00
           Stress_EigVec1 = -2.4168032330E-01  8.9369200287E-01 -3.7802807479E-01
           Stress_EigVec2 = -9.4971711661E-01 -1.3793047095E-01  2.8109177079E-01
           Stress_EigVec3 =  1.9906787724E-01  4.2695408323E-01  8.8208967291E-01
           -DivStress = -1.6457758818E+00 -3.5246228796E+00 -7.3271566980E+00
           ESP =  -1.0818892630E+00     ESP at Nucleus =  -1.0846518137E+00
           ESPe = -1.3552525153E+01     ESPe at Nucleus = -1.3451229653E+01
           ESPn =  1.2470635890E+01     ESPn at Nucleus =  1.2366577840E+01

CP# 11     Coords = -2.03040409682595E+00 -8.91041293226339E-01  4.29929898489429E+00
           Type = (3,-3) NACP H11
           Rho =  4.2199411336E-01     Rho at Nucleus =  4.1817857481E-01
           GradRho = -1.3266975409E-15 -8.1338879859E-17  1.6228609168E-15
           HessRho_EigVals = -6.4302516035E+00 -6.4237476625E+00 -5.8206339929E+00
           HessRho_EigVec1 =  3.3777506459E-01  9.3913133516E-01 -6.2772136058E-02
           HessRho_EigVec2 =  9.3826512099E-01 -3.4124909198E-01 -5.6635853942E-02
           HessRho_EigVec3 =  7.4609439562E-02  3.9766726610E-02  9.9641960989E-01
           DelSqRho = -1.8674633259E+01
           Bond Ellipticity = NA
           V = -4.6781688609E+00
           G =  4.7552730874E-03
           K =  4.6734135878E+00
           L =  4.6686583147E+00
           Vnuc =  4.0921122723E+01
           Ven = -1.7268472901E+01
           Vrep =  1.2590304040E+01
           DelSqV =  7.0273374254E+02
           DelSqVen =  7.6418695940E+02
           DelSqVrep = -6.1453216859E+01
           DelSqG =  6.9217554851E+01
           DelSqK = -7.7195129739E+02
           Stress_EigVals = -1.6110725828E+00 -1.6106039406E+00 -1.4564923375E+00
           Stress_EigVec1 = -9.4761149045E-01  3.1403651633E-01  5.8425418908E-02
           Stress_EigVec2 =  3.1061817488E-01  9.4859337778E-01 -6.0720285447E-02
           Stress_EigVec3 =  7.4490352383E-02  3.9391243206E-02  9.9644343410E-01
           -DivStress =  5.9518614721E-01  3.1787045248E-01  7.9741029547E+00
           ESP =  -1.0986376249E+00     ESP at Nucleus =  -1.1012763504E+00
           ESPe = -1.4019003144E+01     ESPe at Nucleus = -1.3922481165E+01
           ESPn =  1.2920365519E+01     ESPn at Nucleus =  1.2821204815E+01

CP# 12     Coords =  4.25492628614262E+00 -7.56281214922203E-01  2.58743896918916E+00
           Type = (3,-3) NACP H12
           Rho =  4.2476555753E-01     Rho at Nucleus =  4.2102593491E-01
           GradRho =  2.5438228997E-15 -4.4141936200E-16 -2.2269241572E-15
           HessRho_EigVals = -6.4643845508E+00 -6.4578039947E+00 -5.8603387894E+00
           HessRho_EigVec1 =  7.3228450492E-01  4.7197386104E-01  4.9091758813E-01
           HessRho_EigVec2 =  2.7296267770E-01 -8.6386268017E-01  4.2335876794E-01
           HessRho_EigVec3 = -6.2389965574E-01  1.7601688640E-01  7.6142450398E-01
           DelSqRho = -1.8782527335E+01
           Bond Ellipticity = NA
           V = -4.7046605211E+00
           G =  4.5143437085E-03
           K =  4.7001461774E+00
           L =  4.6956318337E+00
           Vnuc =  4.0725516321E+01
           Ven = -1.7298796646E+01
           Vrep =  1.2594136125E+01
           DelSqV =  7.0692378604E+02
           DelSqVen =  7.6492812352E+02
           DelSqVrep = -5.8004337481E+01
           DelSqG =  6.9550144818E+01
           DelSqK = -7.7647393086E+02
           Stress_EigVals = -1.6193470522E+00 -1.6186187828E+00 -1.4666946860E+00
           Stress_EigVec1 =  7.3228876265E-01  4.7497242611E-01  4.8801061724E-01
           Stress_EigVec2 =  2.7574754501E-01 -8.6205054408E-01  4.2524363708E-01
           Stress_EigVec3 = -6.2266882009E-01  1.7683340718E-01  7.6224240671E-01
           -DivStress = -4.9583354870E+00  1.3949141737E+00  6.0414804435E+00
           ESP =  -1.1138451955E+00     ESP at Nucleus =  -1.1163209736E+00
           ESPe = -1.3470084329E+01     ESPe at Nucleus = -1.3416648962E+01
           ESPn =  1.2356239133E+01     ESPn at Nucleus =  1.2300327989E+01

CP# 13     Coords =  7.39613456799323E+00 -4.18595729475094E-01  1.23458406520221E+00
           Type = (3,-3) NACP H13
           Rho =  4.2590391990E-01     Rho at Nucleus =  4.2224459131E-01
           GradRho = -1.0737818657E-09 -3.9529742161E-10 -1.0635470852E-10
           HessRho_EigVals = -6.4854287184E+00 -6.4790832461E+00 -5.8881352996E+00
           HessRho_EigVec1 = -2.2519177984E-01  3.6988755903E-01  9.0137220723E-01
           HessRho_EigVec2 = -2.7588494261E-01  8.6306444367E-01 -4.2309250114E-01
           HessRho_EigVec3 =  9.3443895506E-01  3.4395197303E-01  9.2308610193E-02
           DelSqRho = -1.8852647264E+01
           Bond Ellipticity = NA
           V = -4.7222071652E+00
           G =  4.5226745880E-03
           K =  4.7176844906E+00
           L =  4.7131618160E+00
           Vnuc =  3.9305915993E+01
           Ven = -1.6740543696E+01
           Vrep =  1.2018336531E+01
           DelSqV =  7.0999653323E+02
           DelSqVen =  7.4102057150E+02
           DelSqVrep = -3.1024038261E+01
           DelSqG =  6.9875903011E+01
           DelSqK = -7.7987243625E+02
           Stress_EigVals = -1.6246555964E+00 -1.6238993627E+00 -1.4736522061E+00
           Stress_EigVec1 = -2.2784663526E-01  3.7193078456E-01  8.9986299085E-01
           Stress_EigVec2 = -2.7522480982E-01  8.6188345362E-01 -4.2592043440E-01
           Stress_EigVec3 =  9.3398994366E-01  3.4470915839E-01  9.4012665443E-02
           -DivStress =  7.3494933485E+00  2.7080159854E+00  7.3188825293E-01
           ESP =  -1.1117271369E+00     ESP at Nucleus =  -1.1141622263E+00
           ESPe = -1.1680905542E+01     ESPe at Nucleus = -1.1601846623E+01
           ESPn =  1.0569178405E+01     ESPn at Nucleus =  1.0487684397E+01

CP# 14     Coords =  5.99862801883313E+00 -2.74494540102961E+00 -2.54397812493303E+00
           Type = (3,-3) NACP H14
           Rho =  4.2600408788E-01     Rho at Nucleus =  4.2234507252E-01
           GradRho = -1.3700503812E-16  1.4240317909E-16  3.0238635760E-15
           HessRho_EigVals = -6.4874194829E+00 -6.4811913623E+00 -5.8900949502E+00
           HessRho_EigVec1 =  7.3412061476E-01  4.8127108797E-01  4.7900424096E-01
           HessRho_EigVec2 =  2.8048480350E-01 -8.5737130294E-01  4.3155848260E-01
           HessRho_EigVec3 = -6.1838111063E-01  1.8246256815E-01  7.6440317454E-01
           DelSqRho = -1.8858705795E+01
           Bond Ellipticity = NA
           V = -4.7237163185E+00
           G =  4.5199347986E-03
           K =  4.7191963837E+00
           L =  4.7146764489E+00
           Vnuc =  3.9521783622E+01
           Ven = -1.6836441384E+01
           Vrep =  1.2112725065E+01
           DelSqV =  7.1023447632E+02
           DelSqVen =  7.4532968984E+02
           DelSqVrep = -3.5095213526E+01
           DelSqG =  6.9904222450E+01
           DelSqK = -7.8013869877E+02
           Stress_EigVals = -1.6251753048E+00 -1.6244020621E+00 -1.4741389515E+00
           Stress_EigVec1 =  7.3676155764E-01  4.7643521562E-01  4.7978317238E-01
           Stress_EigVec2 =  2.7667940515E-01 -8.5988304959E-01  4.2901007890E-01
           Stress_EigVec3 = -6.1695292686E-01  1.8333201124E-01  7.6534858705E-01
           -DivStress =  4.8596526856E+00 -1.4388471367E+00 -6.0176110235E+00
           ESP =  -1.1122455105E+00     ESP at Nucleus =  -1.1146795161E+00
           ESPe = -1.1891438691E+01     ESPe at Nucleus = -1.1812045320E+01
           ESPn =  1.0779193180E+01     ESPn at Nucleus =  1.0697365804E+01

CP# 15     Coords =  2.86572627983171E+00 -3.07850545064792E+00 -1.17114326961509E+00
           Type = (3,-3) NACP H15
           Rho =  4.2376612108E-01     Rho at Nucleus =  4.1998869421E-01
           GradRho =  2.7066592494E-09  1.0039249834E-09  2.3700611377E-10
           HessRho_EigVals = -6.4484185488E+00 -6.4419340785E+00 -5.8414283835E+00
           HessRho_EigVec1 = -2.2029630841E-01  3.7907289843E-01  8.9876207874E-01
           HessRho_EigVec2 = -2.8047332504E-01  8.5787040417E-01 -4.3057297126E-01
           HessRho_EigVec3 =  9.3423993194E-01  3.4693242472E-01  8.2665846875E-02
           DelSqRho = -1.8731781011E+01
           Bond Ellipticity = NA
           V = -4.6919960611E+00
           G =  4.5254042044E-03
           K =  4.6874706569E+00
           L =  4.6829452527E+00
           Vnuc =  4.1189488446E+01
           Ven = -1.7454709748E+01
           Vrep =  1.2762713687E+01
           DelSqV =  7.0482620944E+02
           DelSqVen =  7.7155248212E+02
           DelSqVrep = -6.6726272681E+01
           DelSqG =  6.9340074338E+01
           DelSqK = -7.7416628378E+02
           Stress_EigVals = -1.6153448655E+00 -1.6146155278E+00 -1.4620356679E+00
           Stress_EigVec1 = -2.1929638267E-01  3.7061985041E-01  9.0252425066E-01
           Stress_EigVec2 = -2.8258639027E-01  8.6126329357E-01 -4.2233928443E-01
           Stress_EigVec3 =  9.3383833107E-01  3.4765854746E-01  8.4139799116E-02
           -DivStress = -7.4464634248E+00 -2.7633041155E+00 -6.5361595558E-01
           ESP =  -1.1147626016E+00     ESP at Nucleus =  -1.1172649636E+00
           ESPe = -1.4117791049E+01     ESPe at Nucleus = -1.4075374427E+01
           ESPn =  1.3003028448E+01     ESPn at Nucleus =  1.2958109463E+01

CP# 16     Coords =  6.81485050254468E-01  4.44948711965455E+00 -8.73100177265646E-01
           Type = (3,-3) NACP C16
           Rho =  1.1751603033E+02     Rho at Nucleus =  1.1751602740E+02
           GradRho = -3.0772190351E-12 -1.4883020164E-11 -7.9972486966E-12
           HessRho_EigVals = -1.4479356451E+05 -1.4479117763E+05 -1.4479113136E+05
           HessRho_EigVec1 = -5.5702250338E-01 -4.7456122185E-01  6.8155526368E-01
           HessRho_EigVec2 =  7.9247822507E-01 -5.8261025050E-02  6.0711112307E-01
           HessRho_EigVec3 = -2.4840328807E-01  8.7829226325E-01  4.0853213680E-01
           DelSqRho = -4.3437587350E+05
           Bond Ellipticity = NA
           V = -1.0860425904E+05
           G =  5.1453339255E+00
           K =  1.0859911371E+05
           L =  1.0859396838E+05
           Vnuc =  9.4291817245E+05
           Ven = -1.1080800055E+08
           Vrep =  1.1069939629E+08
