AIMSum (Version 19.02.13, Professional)
Copyright (c) 1997-2019 by Todd A. Keith
AIMSum is a component of the AIMAll package ( http://aim.tkgristmill.com )

TP:  64-bit Linux

Much of the Quantum Theory of Atoms in Molecules (QTAIM) is described in the book:
  "Atoms in Molecules - A Quantum Theory"
  R.F.W. Bader, Oxford University Press, Oxford, 1990

For additional references see:  http://aim.tkgristmill.com/references.html

Wfn File:  /home/mhennefarth/Documents/ML_Diels/summary-pieniazek2006/r_1d-opt/r_1d-opt.wfn
Sum File:  /home/mhennefarth/Documents/ML_Diels/summary-pieniazek2006/r_1d-opt/r_1d-opt.sum

SumViz File:  /home/mhennefarth/Documents/ML_Diels/summary-pieniazek2006/r_1d-opt/r_1d-opt.sumviz

Wfn Title:   Title Card Required                                                           
 
Total memory allocated for AIMSum =        0.745 Megabytes

Atomic units (a.u.) used throughout, except where stated otherwise

Model:  Restricted SCF
 
Restricted, closed-shell, single-determinant wavefunction.
  Number of electrons (from MO Occs)                   =          60.0000000000
  Number of Alpha electrons (from MO Occs)             =          30.0000000000
  Number of Beta electrons (from MO Occs)              =          30.0000000000
  Number of electron pairs (N*(N-1)/2)                 =        1770.0000000000
  Number of electron pairs (from Muller 2EDM)          =        1770.0000000000
 
Nuclear Charges and Cartesian Coordinates:
-------------------------------------------------------------------------------
Atom      Charge                X                  Y                  Z
-------------------------------------------------------------------------------
O1         8.0           9.7543890000E-01  -1.1082896800E+00  -1.0297123500E+00
C2         6.0           4.7775064300E+00  -1.0394004000E+00   8.4246135000E-01
C3         6.0          -5.9189759700E+00  -1.8393150100E+00   1.9871740000E-01
C4         6.0           1.4928637600E+00   1.2705986100E+00  -2.9925978000E-01
C5         6.0          -6.3106430200E+00   6.0687509000E-01   6.3599043000E-01
C6         6.0           3.7675643700E+00   1.4882070300E+00   8.5725199000E-01
C7         6.0           3.0362618600E+00  -2.5330725500E+00  -3.0677348000E-01
H8         1.0          -4.1006460800E+00  -2.5306452100E+00  -4.6200544000E-01
H9         1.0          -4.8274167900E+00   1.9970631800E+00   3.4603742000E-01
H10        1.0          -8.1222317000E+00   1.3175384800E+00   1.2979958200E+00
H11        1.0           4.6044815200E+00   3.1897770600E+00   1.6073144700E+00
H12        1.0           2.9251367000E+00  -4.5158220300E+00  -7.6071380000E-01
H13        1.0           6.5769067200E+00  -1.6405398800E+00   1.6003900300E+00
H14        1.0          -7.3917745900E+00  -3.2449953500E+00   4.8224144000E-01
F15        9.0          -2.8171461000E-01   2.9522871700E+00  -8.2709873000E-01
 
Some Atomic Properties:
----------------------
  q(A) = Net Charge of Atom A
  L(A) = Lagrangian of Atom A = -(1/4) Times Atomic Integral of the Laplacian of the Electron Density
  K(A) = Electronic Kinetic Energy of Atom A (Hamiltonian Form)
  K_Scaled(A) = K(A) * E(Mol)/K(Mol) = Approximation to Virial-Based Total Energy of Atom A.
  |Mu_Intra(A)| = Magnitude of Intraatomic Dipole Moment of Atom A
--------------------------------------------------------------------------------------------------
Atom A          q(A)              L(A)              K(A)          K_Scaled(A)      |Mu_Intra(A)|
--------------------------------------------------------------------------------------------------
O1       -1.1067102831E+00  8.8322412386E-05  7.5301334996E+01 -7.5969956634E+01  2.2887967492E-01
C2       -8.5401278000E-03  6.3864209544E-05  3.7706362039E+01 -3.8041167386E+01  2.3503795320E-01
C3       -8.4472292400E-02 -9.0728500801E-05  3.7696480721E+01 -3.8031198328E+01  9.3825311343E-02
C4        1.0880908958E+00 -1.8080029836E-04  3.7035780287E+01 -3.7364631350E+01  9.7473114930E-01
C5       -8.3491100800E-02  3.8694115761E-06  3.7696903797E+01 -3.8031625161E+01  9.4150281651E-02
C6        2.4259608500E-02 -1.6191891691E-04  3.7677421954E+01 -3.8011970333E+01  3.5517354328E-01
C7        3.8702854050E-01 -7.3575196176E-05  3.7446181501E+01 -3.7778676631E+01  7.7742276617E-01
H8        5.1117393300E-02  3.1198385698E-05  5.9255377500E-01 -5.9781522588E-01  1.3663684329E-01
H9        5.3370825560E-02  2.7270003804E-05  5.9299507895E-01 -5.9826044829E-01  1.3128468295E-01
H10       3.4001648280E-02  1.6982884418E-05  5.9789119025E-01 -6.0320003354E-01  1.4861189990E-01
H11       8.4606736040E-02  2.4224643786E-05  5.7487730747E-01 -5.7998180405E-01  1.4379834005E-01
H12       1.0062339732E-01  3.0764523862E-05  5.7414601707E-01 -5.7924402032E-01  1.4105393970E-01
H13       7.2864816020E-02  2.6452214080E-05  5.8089735502E-01 -5.8605530529E-01  1.4343153219E-01
H14       3.3454731930E-02  1.6038762632E-05  5.9809451298E-01 -6.0340516162E-01  1.4875519067E-01
F15      -6.4626466560E-01  5.4431844695E-05  9.9577615009E+01 -1.0046179253E+02  3.4866697127E-01
--------------------------------------------------------------------------------------------------
Total    -5.9876450000E-05 -1.2360361577E-04  4.0424953554E+02 -4.0783898035E+02
 
1st Largest |L(A)| = 1.8080029836E-04, atom C4      
2nd Largest |L(A)| = 1.6191891691E-04, atom C6      
 
Molecular charge q(Mol) from the wfn file:   0.0000000000E+00
Molecular energy E(Mol) from the wfn file:  -4.0783901726E+02
Molecular virial ratio (-V(Mol)/T(Mol)) from the wfn file:   2.0088792800E+00
Note.  K_Scaled(A) = (1+V(Mol)/T(Mol))*K(A) = (E(Mol)/T(Mol))*K(A)
       Only use K_Scaled(A) data with caution.
 
N_AIMInt(SumA)     =         60.000060
N_Analytic(Mol)    =         59.999989
 
G_AIMInt(SumA)     =        404.249659
G_Analytic(Mol)    =        404.249547
 
K_AIMInt(SumA)     =        404.249536
K_Analytic(Mol)    =        404.249547
 
L_AIMInt(SumA)     =         -0.000124
L_Analytic(Mol)    =          0.000000
 
VenT_AIMInt(SumA)  =      -1631.103668
VenT_Analytic(Mol) =      -1631.102432
 
Some Information About the Atomic Calculations:
----------------------------------------------
  Time(sec) = "Elapsed User Time", in Seconds, for Atom A by AIMInt and, if used, by TWOe
  NProc = Number of Processors Used for AIMInt Job
  BIM = Basin Integration Method
  OAQ = Angular Quadrature Outside of Beta Sphere
  ORQ = Multiple of Default for Radial Quadrature Outside of Beta Sphere
  IAQ = Multiple of Default for Angular Quadrature Inside of Beta Sphere
  IRQ = Multiple of Default for Radial Quadrature Inside of Beta Sphere
  MIR = Maximum Integration Radius
------------------------------------------------------------------------------------------------------
Atom A     Time(sec)   NProc      BIM          OAQ                     ORQ      IAQ      IRQ      MIR
------------------------------------------------------------------------------------------------------
O1             17        8     Proaim(5)    4500(GS4)                  1.00     1.00     1.00    13.00
C2             17        8     Proaim(5)    4500(GS4)                  1.00     1.00     1.00    13.00
C3             17        8     Proaim(5)    4500(GS4)                  1.00     1.00     1.00    13.00
C4             19        8     Proaim(5)    4500(GS4)                  1.00     1.00     1.00    13.00
C5             17        8     Proaim(5)    4500(GS4)                  1.00     1.00     1.00    13.00
C6             18        8     Proaim(5)    4500(GS4)                  1.00     1.00     1.00    13.00
C7             16        8     Proaim(5)    4500(GS4)                  1.00     1.00     1.00    13.00
H8              9        8     Proaim(5)    4500(GS4)                  1.00     1.00     1.00    13.00
H9             10        8     Proaim(5)    4500(GS4)                  1.00     1.00     1.00    13.00
H10             4        8     Proaim(5)    1800(GS4)                  1.00     1.00     1.00    13.00
H11             4        8     Proaim(5)    1800(GS4)                  1.00     1.00     1.00    13.00
H12             4        8     Proaim(5)    1800(GS4)                  1.00     1.00     1.00    13.00
H13             4        8     Proaim(5)    1800(GS4)                  1.00     1.00     1.00    13.00
H14             4        8     Proaim(5)    1800(GS4)                  1.00     1.00     1.00    13.00
F15            11        8     Proaim(5)    4500(GS4)                  1.00     1.00     1.00    13.00
------------------------------------------------------------------------------------------------------
Total         171
Note:  Total wall clock time is less than total of atomic times if more than one atom
       was calculated at a time
 
Electron Density Critical Point Analysis of Molecular Structure:               
---------------------------------------------------------------                
  NACP = Nuclear Attractor Critical Point                                      
  NNACP = Non-Nuclear Attractor Critical Point                                 
  BCP = Bond Critical Point                                                    
  RCP = Ring Critical Point                                                    
  CCP = Cage Critical Point                                                    
  Rho = Electron Density                                                       
  GradRho = Gradient of Electron Density                                       
  HessRho_EigVals = Eigenvalues of the Hessian of Rho, Ascending Order         
  HessRho_EigVecs = Eigenvectors of the Hessian of Rho                         
  DelSqRho = Laplacian of Rho = Trace of Hessian of Rho                        
  Bond Ellipticity = (HessRho_EigVal(1) / HessRho_EigVal(2)) - 1               
  V = Virial Field = Potential Energy Density = Trace of Stress Tensor         
  G = Lagrangian Form of Kinetic Energy Density                                
  K = Hamiltonian Form of Kinetic Energy Density                               
  L = K - G = Lagrangian Density = (-1/4)DelSqRho                              
  Vnuc = Electrostatic Potential from Nuclei                                   
  Ven = Electron-nuclear attractive contribution to Virial Field V             
  Vrep = V - Ven = Repulsive contribution to Virial Field V                    
  DelSqV = Laplacian of V                                                      
  DelSqVen = Laplacian of Ven                                                  
  DelSqVrep = Laplacian of Vrep                                                
  DelSqG = Laplacian of G                                                      
  DelSqK = Laplacian of K                                                      
  Stress_EigVals = Eigenvalues of Stress Tensor, Ascending Order               
  Stress_EigVecs = Eigenvectors of Stress Tensor                               
  -DivStress = Ehrenfest Force Density = Minus Divergence of Stress Tensor     
  ESP = Total Electrostatic Potential                                          
  ESPe = Electrostatic Potential from Electrons                                
  ESPn = Electrostatic Potential from Nuclei                                   
  BP = Bond Path                                                               
  BPL = Bond Path Length                                                       
  GBL = Geometric Bond Length                                                  
  GBL_I = Distance Between Nuclear Attractors                                  
  GBL_II = Distance Between Nuclei                                             
  GBL_III = Sum of Distances Between BCP and Nuclear Attractors                
  GBL_IV = Sum of Distances Between BCP and Nuclei                             

CP# 1      Coords =  9.75446591681400E-01 -1.10828622041599E+00 -1.02970786461153E+00
           Type = (3,-3) NACP O1
           Rho =  2.8993301969E+02     Rho at Nucleus =  2.8993299052E+02
           GradRho =  1.0787386338E-12  6.0163873314E-11 -3.8636898314E-11
           HessRho_EigVals = -6.3926185816E+05 -6.3924620556E+05 -6.3924420181E+05
           HessRho_EigVec1 = -3.4260825531E-01  9.3926361306E-01  2.0086029090E-02
           HessRho_EigVec2 =  8.5073674891E-01  3.0110450146E-01  4.3079352741E-01
           HessRho_EigVec3 = -3.9858069127E-01 -1.6468134191E-01  9.0222696046E-01
           DelSqRho = -1.9177522655E+06
           Bond Ellipticity = NA
           V = -4.7953188803E+05
           G =  4.6910825269E+01
           K =  4.7948497721E+05
           L =  4.7943806638E+05
           Vnuc =  8.3749342428E+05
           Ven = -2.4281699747E+08
           Vrep =  2.4233746558E+08
           DelSqV =  1.9776013855E+10
           DelSqVen =  1.6061049138E+12
           DelSqVrep = -1.5863288999E+12
           DelSqG =  1.0573734028E+09
           DelSqK = -2.0833387258E+10
           Stress_EigVals = -1.5984554367E+05 -1.5984488602E+05 -1.5984145834E+05
           Stress_EigVec1 = -4.0881745528E-01 -1.6843980783E-01  8.9693718810E-01
           Stress_EigVec2 =  8.4815870802E-01  2.9268048548E-01  4.4154834326E-01
           Stress_EigVec3 = -3.3689032975E-01  9.4125775670E-01  2.3210798501E-02
           -DivStress = -4.9502629736E+04 -2.2229228405E+04 -2.8856352820E+04
           ESP =  -2.2229838284E+01     ESP at Nucleus =  -2.2229839397E+01
           ESPe = -3.4597392450E+01     ESPe at Nucleus = -3.4597377903E+01
           ESPn =  1.2367554166E+01     ESPn at Nucleus =  1.2367538507E+01

CP# 2      Coords =  4.77750635184543E+00 -1.03939960292057E+00  8.42461473559038E-01
           Type = (3,-3) NACP C2
           Rho =  1.1762457244E+02     Rho at Nucleus =  1.1762457240E+02
           GradRho = -5.0425363876E-11  1.2769223152E-10  1.2169858085E-11
           HessRho_EigVals = -1.4493405569E+05 -1.4493365903E+05 -1.4493340043E+05
           HessRho_EigVec1 = -4.3109533259E-01 -1.7817060059E-01  8.8454058771E-01
           HessRho_EigVec2 = -1.5325150890E-01  9.8052560306E-01  1.2281496961E-01
           HessRho_EigVec3 =  8.8919671009E-01  8.2612219577E-02  4.5000492435E-01
           DelSqRho = -4.3480111516E+05
           Bond Ellipticity = NA
           V = -1.0871066747E+05
           G =  5.1943413290E+00
           K =  1.0870547313E+05
           L =  1.0870027879E+05
           Vnuc =  7.4039746882E+06
           Ven = -8.7088935708E+08
           Vrep =  8.7078064641E+08
           DelSqV =  2.4940469344E+09
           DelSqVen =  3.2192557220E+12
           DelSqVrep = -3.2167616750E+12
           DelSqG =  1.3396113678E+08
           DelSqK = -2.6280080711E+09
           Stress_EigVals = -3.6237126194E+04 -3.6236949650E+04 -3.6236591628E+04
           Stress_EigVec1 =  8.9971763453E-01 -1.3769919812E-02  4.3625516320E-01
           Stress_EigVec2 = -6.5294017131E-02  9.8400904563E-01  1.6571930923E-01
           Stress_EigVec3 = -4.3156096839E-01 -1.7758543700E-01  8.8443119751E-01
           -DivStress =  6.6752678743E+01 -6.4968701191E+02 -9.9352979159E+01
           ESP =  -1.4727097060E+01     ESP at Nucleus =  -1.4727097063E+01
           ESPe = -2.6363122024E+01     ESPe at Nucleus = -2.6363121604E+01
           ESPn =  1.1636024963E+01     ESPn at Nucleus =  1.1636024541E+01

CP# 3      Coords = -5.91897600827421E+00 -1.83931603120405E+00  1.98717278522165E-01
           Type = (3,-3) NACP C3
           Rho =  1.1767919476E+02     Rho at Nucleus =  1.1767919468E+02
           GradRho = -9.2490240693E-12 -2.5159954535E-10 -2.8941522471E-11
           HessRho_EigVals = -1.4500692578E+05 -1.4500588584E+05 -1.4500568097E+05
           HessRho_EigVec1 =  2.9876965485E-01 -1.2043378932E-01  9.4669551374E-01
           HessRho_EigVec2 =  9.1274083129E-01  3.2570390175E-01 -2.4661943007E-01
           HessRho_EigVec3 = -2.7864111011E-01  9.3777005218E-01  2.0723527929E-01
           DelSqRho = -4.3501849259E+05
           Bond Ellipticity = NA
           V = -1.0876480982E+05
           G =  5.0933343832E+00
           K =  1.0875971648E+05
           L =  1.0875462315E+05
           Vnuc =  5.8302562839E+06
           Ven = -6.8609986474E+08
           Vrep =  6.8599109993E+08
           DelSqV =  2.4952913849E+09
           DelSqVen =  2.5362692833E+12
           DelSqVrep = -2.5337741230E+12
           DelSqG =  1.3403334572E+08
           DelSqK = -2.6293247306E+09
           Stress_EigVals = -3.6255199004E+04 -3.6255081481E+04 -3.6254529332E+04
           Stress_EigVec1 = -2.1363069490E-01  9.5831438452E-01  1.8972471272E-01
           Stress_EigVec2 =  9.3027540957E-01  2.5884861844E-01 -2.5997125820E-01
           Stress_EigVec3 =  2.9824417606E-01 -1.2095839429E-01  9.4679431678E-01
           -DivStress =  3.1358859051E+01  8.2916322207E+02  9.8811360574E+01
           ESP =  -1.4754324309E+01     ESP at Nucleus =  -1.4754324324E+01
           ESPe = -2.3781304618E+01     ESPe at Nucleus = -2.3781305643E+01
           ESPn =  9.0269803090E+00     ESPn at Nucleus =  9.0269813193E+00

CP# 4      Coords =  1.49285438821740E+00  1.27059874345415E+00 -2.99264300223512E-01
           Type = (3,-3) NACP C4
           Rho =  1.1755157278E+02     Rho at Nucleus =  1.1755156494E+02
           GradRho = -6.5811028502E-13  1.0318080591E-11  2.7075702791E-12
           HessRho_EigVals = -1.4482202904E+05 -1.4482023443E+05 -1.4481945576E+05
           HessRho_EigVec1 = -4.0846964606E-01  9.1267147180E-01 -1.3540044477E-02
           HessRho_EigVec2 =  8.0523108368E-01  3.6729043028E-01  4.6551116174E-01
           HessRho_EigVec3 = -4.2983188589E-01 -1.7924431479E-01  8.8493843034E-01
           DelSqRho = -4.3446171924E+05
           Bond Ellipticity = NA
           V = -1.0862543840E+05
           G =  5.0042979483E+00
           K =  1.0862043411E+05
           L =  1.0861542981E+05
           Vnuc =  5.7661643951E+05
           Ven = -6.7782169355E+07
           Vrep =  6.7673543917E+07
           DelSqV =  2.4920761278E+09
           DelSqVen =  2.5051776995E+11
           DelSqVrep = -2.4802569389E+11
           DelSqG =  1.3383294140E+08
           DelSqK = -2.6259090692E+09
           Stress_EigVals = -3.6208696500E+04 -3.6208577463E+04 -3.6208164441E+04
           Stress_EigVec1 =  8.2805836272E-01  3.0827799358E-01  4.6827772379E-01
           Stress_EigVec2 = -4.3219342086E-01 -1.8102648495E-01  8.8342416693E-01
           Stress_EigVec3 = -3.5711089998E-01  9.3391332061E-01  1.6664774119E-02
           -DivStress =  7.5847505273E+03 -1.0278123979E+02  3.6589124961E+03
           ESP =  -1.4598746530E+01     ESP at Nucleus =  -1.4598747037E+01
           ESPe = -2.9170928198E+01     ESPe at Nucleus = -2.9170926249E+01
           ESPn =  1.4572181668E+01     ESPn at Nucleus =  1.4572179212E+01

CP# 5      Coords = -6.31064337649957E+00  6.06876000984073E-01  6.35990657811674E-01
           Type = (3,-3) NACP C5
           Rho =  1.1768065606E+02     Rho at Nucleus =  1.1768065599E+02
           GradRho = -1.3710984236E-10  2.0388907760E-10  4.5342164973E-11
           HessRho_EigVals = -1.4500911990E+05 -1.4500806936E+05 -1.4500786604E+05
           HessRho_EigVec1 =  2.9994636230E-01 -1.2121360968E-01  9.4622377933E-01
           HessRho_EigVec2 =  9.5371492977E-01  6.0403669075E-02 -2.9458314532E-01
           HessRho_EigVec3 = -2.1447901644E-02  9.9078688808E-01  1.3372109005E-01
           DelSqRho = -4.3502505531E+05
           Bond Ellipticity = NA
           V = -1.0876645141E+05
           G =  5.0937894819E+00
           K =  1.0876135762E+05
           L =  1.0875626383E+05
           Vnuc =  5.9735389657E+06
           Ven = -7.0296998451E+08
           Vrep =  7.0286121806E+08
           DelSqV =  2.4953293126E+09
           DelSqVen =  2.5986390426E+12
           DelSqVrep = -2.5961437132E+12
           DelSqG =  1.3403575442E+08
           DelSqK = -2.6293650670E+09
           Stress_EigVals = -3.6255746547E+04 -3.6255630097E+04 -3.6255074762E+04
           Stress_EigVec1 = -9.1984913286E-02  9.8359959263E-01  1.5514708219E-01
           Stress_EigVec2 =  9.4981987666E-01  1.3344913586E-01 -2.8290197955E-01
           Stress_EigVec3 =  2.9896651589E-01 -1.2133906841E-01  9.4651775094E-01
           -DivStress =  2.8993729500E+02 -7.3954257066E+02 -1.8480371660E+02
           ESP =  -1.4754557323E+01     ESP at Nucleus =  -1.4754557338E+01
           ESPe = -2.3767096775E+01     ESPe at Nucleus = -2.3767097796E+01
           ESPn =  9.0125394519E+00     ESPn at Nucleus =  9.0125404581E+00

CP# 6      Coords =  3.76756378896808E+00  1.48820643608618E+00  8.57251541688969E-01
           Type = (3,-3) NACP C6
           Rho =  1.1758201365E+02     Rho at Nucleus =  1.1758201358E+02
           GradRho = -1.2159843792E-10 -1.0694108717E-10 -8.5265305233E-11
           HessRho_EigVals = -1.4488219826E+05 -1.4488198570E+05 -1.4488189030E+05
           HessRho_EigVec1 =  8.5549810839E-01 -3.4479179907E-01  3.8631800609E-01
           HessRho_EigVec2 = -4.5405871298E-01 -1.4089303256E-01  8.7976123951E-01
           HessRho_EigVec3 =  2.4890494511E-01  9.2804513289E-01  2.7708944338E-01
           DelSqRho = -4.3464607425E+05
           Bond Ellipticity = NA
           V = -1.0867202995E+05
           G =  5.2556930860E+00
           K =  1.0866677426E+05
           L =  1.0866151856E+05
           Vnuc =  6.3553079817E+06
           Ven = -7.4726990984E+08
           Vrep =  7.4716123781E+08
           DelSqV =  2.4931638929E+09
           DelSqVen =  2.7623098941E+12
           DelSqVrep = -2.7598167303E+12
           DelSqG =  1.3391440698E+08
           DelSqK = -2.6270782998E+09
           Stress_EigVals = -3.6224199370E+04 -3.6224020243E+04 -3.6223810336E+04
           Stress_EigVec1 =  4.2606260316E-01  8.2523774067E-01  3.7074698861E-01
           Stress_EigVec2 =  7.9875437765E-01 -5.3556078736E-01  2.7416434347E-01
           Stress_EigVec3 = -4.2480831251E-01 -1.7932460628E-01  8.8734468117E-01
           -DivStress =  4.6741072253E+02  4.8895551981E+02  3.6337927112E+02
           ESP =  -1.4728462939E+01     ESP at Nucleus =  -1.4728462938E+01
           ESPe = -2.6970276801E+01     ESPe at Nucleus = -2.6970275030E+01
           ESPn =  1.2241813862E+01     ESPn at Nucleus =  1.2241812093E+01

CP# 7      Coords =  3.03625570264766E+00 -2.53306943988108E+00 -3.06775877523992E-01
           Type = (3,-3) NACP C7
           Rho =  1.1760344025E+02     Rho at Nucleus =  1.1760343639E+02
           GradRho =  2.0614139952E-11 -9.1834380812E-12 -2.8421748462E-12
           HessRho_EigVals = -1.4489617251E+05 -1.4489420991E+05 -1.4489399698E+05
           HessRho_EigVec1 =  7.8552922235E-01 -5.5477818202E-01  2.7416237815E-01
           HessRho_EigVec2 =  4.3387612155E-01  1.7785531172E-01 -8.8324345412E-01
           HessRho_EigVec3 =  4.4124296253E-01  8.1276605297E-01  3.8041555064E-01
           DelSqRho = -4.3468437940E+05
           Bond Ellipticity = NA
           V = -1.0868133702E+05
           G =  5.1210860870E+00
           K =  1.0867621594E+05
           L =  1.0867109485E+05
           Vnuc =  8.2159137057E+05
           Ven = -9.6621971662E+07
           Vrep =  9.6513290325E+07
           DelSqV =  2.4933630537E+09
           DelSqVen =  3.5713293542E+11
           DelSqVrep = -3.5463957237E+11
           DelSqG =  1.3391241764E+08
           DelSqK = -2.6272754714E+09
           Stress_EigVals = -3.6227523656E+04 -3.6227062509E+04 -3.6226750857E+04
           Stress_EigVec1 =  4.2007332766E-01  8.2786665855E-01  3.7171924223E-01
           Stress_EigVec2 = -4.3431036557E-01 -1.7625573297E-01  8.8335067949E-01
           Stress_EigVec3 =  7.9681422285E-01 -5.3251357941E-01  2.8551073885E-01
           -DivStress =  4.9911281833E+03 -2.5232217491E+03  1.9426780628E+03
           ESP =  -1.4682035115E+01     ESP at Nucleus =  -1.4682035359E+01
           ESPe = -2.6957224297E+01     ESPe at Nucleus = -2.6957215283E+01
           ESPn =  1.2275189183E+01     ESPn at Nucleus =  1.2275179924E+01

CP# 8      Coords = -4.13191255284908E+00 -2.51896939137511E+00 -4.50672588010545E-01
           Type = (3,-3) NACP H8
           Rho =  4.2478096853E-01     Rho at Nucleus =  4.2104159469E-01
           GradRho = -8.9702367207E-11  3.3496758495E-11  3.2515117362E-11
           HessRho_EigVals = -6.4646541767E+00 -6.4580793490E+00 -5.8607828064E+00
           HessRho_EigVec1 =  3.5390889618E-01  9.3523751905E-01  8.9037167468E-03
           HessRho_EigVec2 =  2.9777896336E-01 -1.2169857341E-01  9.4684589359E-01
           HessRho_EigVec3 =  8.8660937407E-01 -3.3244584551E-01 -3.2156426670E-01
           DelSqRho = -1.8783516332E+01
           Bond Ellipticity = NA
           V = -4.7049507731E+00
           G =  4.5358450681E-03
           K =  4.7004149281E+00
           L =  4.6958790830E+00
           Vnuc =  3.9747978392E+01
           Ven = -1.6884184759E+01
           Vrep =  1.2179233985E+01
           DelSqV =  7.0696760076E+02
           DelSqVen =  7.4660680146E+02
           DelSqVrep = -3.9639200702E+01
           DelSqG =  6.9556154692E+01
           DelSqK = -7.7652375545E+02
           Stress_EigVals = -1.6194139220E+00 -1.6187118325E+00 -1.4668250187E+00
           Stress_EigVec1 =  3.5602577469E-01  9.3441830542E-01  1.0396068662E-02
           Stress_EigVec2 =  2.9700500749E-01 -1.2369700705E-01  9.4683001430E-01
           Stress_EigVec3 =  8.8602126006E-01 -3.3400820489E-01 -3.2156623856E-01
           -DivStress =  7.0422652604E+00 -2.6309648438E+00 -2.5526647039E+00
           ESP =  -1.1205113782E+00     ESP at Nucleus =  -1.1229918018E+00
           ESPe = -1.2497276194E+01     ESPe at Nucleus = -1.2453677750E+01
           ESPn =  1.1376764816E+01     ESPn at Nucleus =  1.1330685948E+01

CP# 9      Coords = -4.85302477571484E+00  1.97329126303194E+00  3.51080265712898E-01
           Type = (3,-3) NACP H9
           Rho =  4.2526768097E-01     Rho at Nucleus =  4.2151214613E-01
           GradRho =  5.4264657546E-16 -6.1436316104E-16  2.5819851221E-16
           HessRho_EigVals = -6.4724799161E+00 -6.4659040107E+00 -5.8669525967E+00
           HessRho_EigVec1 = -6.2063725411E-01  7.2854031313E-01  2.8989379253E-01
           HessRho_EigVec2 = -2.9924245324E-01  1.2165630246E-01 -9.4638982362E-01
           HessRho_EigVec3 =  7.2475054535E-01  6.7411331111E-01 -1.4250575708E-01
           DelSqRho = -1.8805336524E+01
           Bond Ellipticity = NA
           V = -4.7104541420E+00
           G =  4.5600055630E-03
           K =  4.7058941365E+00
           L =  4.7013341309E+00
           Vnuc =  3.9710770756E+01
           Ven = -1.6887707389E+01
           Vrep =  1.2177253247E+01
           DelSqV =  7.0773505813E+02
           DelSqVen =  7.4677440767E+02
           DelSqVrep = -3.9039349538E+01
           DelSqG =  6.9642166241E+01
           DelSqK = -7.7737722438E+02
           Stress_EigVals = -1.6213813294E+00 -1.6206741701E+00 -1.4683986425E+00
           Stress_EigVec1 = -6.2217718991E-01  7.2752636070E-01  2.8913826942E-01
           Stress_EigVec2 =  2.9858457093E-01 -1.2089366625E-01  9.4669529177E-01
           Stress_EigVec3 =  7.2370076576E-01  6.7534444245E-01 -1.4201086471E-01
           -DivStress =  5.7741331122E+00  5.3615579826E+00 -1.1368781090E+00
           ESP =  -1.1205905847E+00     ESP at Nucleus =  -1.1230703791E+00
           ESPe = -1.2505173276E+01     ESPe at Nucleus = -1.2462531062E+01
           ESPn =  1.1384582691E+01     ESPn at Nucleus =  1.1339460683E+01

CP# 10     Coords = -8.09159689256969E+00  1.30555503087562E+00  1.28680682076799E+00
           Type = (3,-3) NACP H10
           Rho =  4.2608675097E-01     Rho at Nucleus =  4.2243638054E-01
           GradRho =  5.7436927461E-12 -2.2445294541E-12 -2.0982456529E-12
           HessRho_EigVals = -6.4884422426E+00 -6.4821198582E+00 -5.8920027524E+00
           HessRho_EigVec1 =  3.6485040586E-01  9.3105878658E-01  3.7036844825E-03
           HessRho_EigVec2 =  2.9852955183E-01 -1.2074964843E-01  9.4673102257E-01
           HessRho_EigVec3 =  8.8190945568E-01 -3.4430953856E-01 -3.2200412052E-01
           DelSqRho = -1.8862564853E+01
           Bond Ellipticity = NA
           V = -4.7247285991E+00
           G =  4.5436928726E-03
           K =  4.7201849062E+00
           L =  4.7156412133E+00
           Vnuc =  3.8162170714E+01
           Ven = -1.6260395330E+01
           Vrep =  1.1535666731E+01
           DelSqV =  7.1041975684E+02
           DelSqVen =  7.1983642005E+02
           DelSqVrep = -9.4166632107E+00
           DelSqG =  6.9919693126E+01
           DelSqK = -7.8033944996E+02
           Stress_EigVals = -1.6254241328E+00 -1.6246915469E+00 -1.4746129193E+00
           Stress_EigVec1 =  3.6698085514E-01  9.3021819035E-01  4.3783899998E-03
           Stress_EigVec2 =  2.9803351726E-01 -1.2203342978E-01  9.4672269678E-01
           Stress_EigVec3 =  8.8119298372E-01 -3.4612419787E-01 -3.2202013151E-01
           -DivStress = -6.9283994615E+00  2.7119883361E+00  2.5307691730E+00
           ESP =  -1.1187580302E+00     ESP at Nucleus =  -1.1211865140E+00
           ESPe = -1.0500681197E+01     ESPe at Nucleus = -1.0424359451E+01
           ESPn =  9.3819231665E+00     ESPn at Nucleus =  9.3031729367E+00

CP# 11     Coords =  4.58960224897011E+00  3.15964227970723E+00  1.59399869803106E+00
           Type = (3,-3) NACP H11
           Rho =  4.2042017009E-01     Rho at Nucleus =  4.1653053966E-01
           GradRho = -9.3948547113E-15 -2.4122932732E-14 -1.0170706186E-14
           HessRho_EigVals = -6.4030853866E+00 -6.3970339145E+00 -5.7871751705E+00
           HessRho_EigVec1 =  8.0154151916E-01 -5.2284557880E-01  2.9010979611E-01
           HessRho_EigVec2 = -4.3442377466E-01 -1.7582921089E-01  8.8337991409E-01
           HessRho_EigVec3 =  4.1086150596E-01  8.3409627102E-01  3.6807096271E-01
           DelSqRho = -1.8587294472E+01
           Bond Ellipticity = NA
           V = -4.6560919046E+00
           G =  4.6341433817E-03
           K =  4.6514577613E+00
           L =  4.6468236179E+00
           Vnuc =  3.9156254580E+01
           Ven = -1.6462079211E+01
           Vrep =  1.1805987306E+01
           DelSqV =  6.9903393692E+02
           DelSqVen =  7.2780883428E+02
           DelSqVrep = -2.8774897360E+01
           DelSqG =  6.8828786756E+01
           DelSqK = -7.6786272368E+02
           Stress_EigVals = -1.6042134449E+00 -1.6038056840E+00 -1.4480727758E+00
           Stress_EigVec1 = -4.3926991918E-01 -1.7265528075E-01  8.8160767473E-01
           Stress_EigVec2 =  7.9866477326E-01 -5.2436834838E-01  2.9524975049E-01
           Stress_EigVec3 =  4.1131073176E-01  8.3380332768E-01  3.6823293266E-01
           -DivStress =  3.3188213967E+00  6.7212481417E+00  2.9699714518E+00
           ESP =  -1.0770997706E+00     ESP at Nucleus =  -1.0797946963E+00
           ESPe = -1.2570678014E+01     ESPe at Nucleus = -1.2475454376E+01
           ESPn =  1.1493578244E+01     ESPn at Nucleus =  1.1395659679E+01

CP# 12     Coords =  2.92697053337895E+00 -4.47955758861769E+00 -7.52509492326594E-01
           Type = (3,-3) NACP H12
           Rho =  4.2447084929E-01     Rho at Nucleus =  4.2032312656E-01
           GradRho =  1.2843611401E-15  1.0391120676E-15  7.2539901603E-18
           HessRho_EigVals = -6.4624221346E+00 -6.4505015351E+00 -5.8090789436E+00
           HessRho_EigVec1 =  9.0021924454E-01 -1.3735591879E-01  4.1320535250E-01
           HessRho_EigVec2 = -4.3280487347E-01 -1.7807260450E-01  8.8372512074E-01
           HessRho_EigVec3 =  4.7804322606E-02  9.7438365088E-01  2.1975269655E-01
           DelSqRho = -1.8722002613E+01
           Bond Ellipticity = NA
           V = -4.6888082092E+00
           G =  4.1537779258E-03
           K =  4.6846544312E+00
           L =  4.6805006533E+00
           Vnuc =  3.8352126550E+01
           Ven = -1.6279359729E+01
           Vrep =  1.1590551520E+01
           DelSqV =  7.0291017673E+02
           DelSqVen =  7.1802861349E+02
           DelSqVrep = -1.5118436765E+01
           DelSqG =  6.9159915638E+01
           DelSqK = -7.7207009237E+02
           Stress_EigVals = -1.6177222093E+00 -1.6176455310E+00 -1.4534404690E+00
           Stress_EigVec1 =  9.0328320027E-01 -1.3513940625E-01  4.0720609154E-01
           Stress_EigVec2 = -4.2647121651E-01 -1.7900789803E-01  8.8661066649E-01
           Stress_EigVec3 =  4.6922932535E-02  9.7452219745E-01  2.1932789399E-01
           -DivStress = -4.1072138044E-01 -8.1438446913E+00 -1.8418540397E+00
           ESP =  -1.0676070853E+00     ESP at Nucleus =  -1.0704211423E+00
           ESPe = -1.2556868267E+01     ESPe at Nucleus = -1.2458492645E+01
           ESPn =  1.1489261181E+01     ESPn at Nucleus =  1.1388071503E+01

CP# 13     Coords =  6.54534721257768E+00 -1.63001794136385E+00  1.58709020635813E+00
           Type = (3,-3) NACP H13
           Rho =  4.2289669577E-01     Rho at Nucleus =  4.1904987469E-01
           GradRho = -2.1748398085E-10  7.2601484991E-11 -9.1634086719E-11
           HessRho_EigVals = -6.4438382716E+00 -6.4382328806E+00 -5.8299859694E+00
           HessRho_EigVec1 =  1.9527137991E-01  9.3887083379E-01  2.8353244197E-01
           HessRho_EigVec2 = -4.3179094846E-01 -1.7727100983E-01  8.8438202487E-01
           HessRho_EigVec3 =  8.8058257138E-01 -2.9512124040E-01  3.7077997309E-01
           DelSqRho = -1.8712057122E+01
           Bond Ellipticity = NA
           V = -4.6868245127E+00
           G =  4.4051161605E-03
           K =  4.6824193965E+00
           L =  4.6780142804E+00
           Vnuc =  3.8744359769E+01
           Ven = -1.6384861726E+01
           Vrep =  1.1698037213E+01
           DelSqV =  7.0395327583E+02
           DelSqVen =  7.2498667351E+02
           DelSqVrep = -2.1033397685E+01
           DelSqG =  6.9334571899E+01
           DelSqK = -7.7328784773E+02
           Stress_EigVals = -1.6139927556E+00 -1.6139548625E+00 -1.4588768946E+00
           Stress_EigVec1 =  1.9160212854E-01  9.3783882550E-01  2.8939067317E-01
           Stress_EigVec2 = -4.3313245767E-01 -1.8379182613E-01  8.8239267832E-01
           Stress_EigVec3 =  8.8072975336E-01 -2.9441280887E-01  3.7099353030E-01
           -DivStress =  7.0849085999E+00 -2.3617800915E+00  2.9857962721E+00
           ESP =  -1.0807360825E+00     ESP at Nucleus =  -1.0833896668E+00
           ESPe = -1.1913458537E+01     ESPe at Nucleus = -1.1820507840E+01
           ESPn =  1.0832722455E+01     ESPn at Nucleus =  1.0737118174E+01

CP# 14     Coords = -7.36686606402651E+00 -3.22128148946394E+00  4.77442125683767E-01
           Type = (3,-3) NACP H14
           Rho =  4.2614186362E-01     Rho at Nucleus =  4.2249518761E-01
           GradRho = -2.1816379642E-15 -2.2427738377E-17  7.4613014741E-17
           HessRho_EigVals = -6.4895679271E+00 -6.4832208448E+00 -5.8934215739E+00
           HessRho_EigVec1 = -6.2926677569E-01  7.2058749054E-01  2.9116489055E-01
           HessRho_EigVec2 =  2.9843847283E-01 -1.2187789066E-01  9.4661515818E-01
           HessRho_EigVec3 =  7.1760560404E-01  6.8256827368E-01 -1.3835732294E-01
           DelSqRho = -1.8866210346E+01
           Bond Ellipticity = NA
           V = -4.7256454207E+00
           G =  4.5464171042E-03
           K =  4.7210990036E+00
           L =  4.7165525864E+00
           Vnuc =  3.8213682079E+01
           Ven = -1.6284449697E+01
           Vrep =  1.1558804276E+01
           DelSqV =  7.1057856418E+02
           DelSqVen =  7.2094736418E+02
           DelSqVrep = -1.0368800007E+01
           DelSqG =  6.9937598678E+01
           DelSqK = -7.8051616285E+02
           Stress_EigVals = -1.6257019021E+00 -1.6249727239E+00 -1.4749707946E+00
           Stress_EigVec1 = -6.3115112807E-01  7.1946108349E-01  2.8986894087E-01
           Stress_EigVec2 =  2.9739623727E-01 -1.2068969143E-01  9.4709528372E-01
           Stress_EigVec3 =  7.1638239202E-01  6.8396618903E-01 -1.3779158420E-01
           -DivStress = -5.6338806771E+00 -5.3658683684E+00  1.0852502595E+00
           ESP =  -1.1185231510E+00     ESP at Nucleus =  -1.1209491156E+00
           ESPe = -1.0534385342E+01     ESPe at Nucleus = -1.0458343759E+01
           ESPn =  9.4158621912E+00     ESPn at Nucleus =  9.3373946437E+00

CP# 15     Coords = -2.81709337388368E-01  2.95228193702162E+00 -8.27097125106688E-01
           Type = (3,-3) NACP F15
           Rho =  4.1854887096E+02     Rho at Nucleus =  4.1854883708E+02
           GradRho =  2.7558819810E-11 -1.4081980547E-10 -5.0939114038E-13
           HessRho_EigVals = -1.1731349125E+06 -1.1730910845E+06 -1.1730890500E+06
           HessRho_EigVec1 =  7.1236031676E-01 -6.7063175561E-01  2.0687152406E-01
           HessRho_EigVec2 =  5.0822014283E-01  2.8965428750E-01 -8.1105652093E-01
           HessRho_EigVec3 =  4.8399903463E-01  6.8290075567E-01  5.4716678662E-01
           DelSqRho = -3.5193150470E+06
           Bond Ellipticity = NA
           V = -8.8006179675E+05
           G =  1.1651749788E+02
           K =  8.7994527925E+05
           L =  8.7982876175E+05
           Vnuc =  1.1842188189E+06
           Ven = -4.9565344961E+08
           Vrep =  4.9477338781E+08
           DelSqV =  4.6313493533E+10
           DelSqVen =  4.1676391076E+12
           DelSqVrep = -4.1213256161E+12
           DelSqG =  2.4668287306E+09
           DelSqK = -4.8780322264E+10
           Stress_EigVals = -2.9335795544E+05 -2.9335744719E+05 -2.9334639412E+05
           Stress_EigVec1 =  4.8338797662E-01  6.8252198907E-01  5.4817861915E-01
           Stress_EigVec2 =  5.0912294849E-01  2.9021653535E-01 -8.1028895212E-01
           Stress_EigVec3 =  7.1213052693E-01 -6.7077425193E-01  2.0720042367E-01
           -DivStress = -7.9466133440E+04  7.8905876150E+04 -2.4162253446E+04
           ESP =  -2.6509787488E+01     ESP at Nucleus =  -2.6509788486E+01
           ESPe = -3.6634501013E+01     ESPe at Nucleus = -3.6634488053E+01
           ESPn =  1.0124713525E+01     ESPn at Nucleus =  1.0124699567E+01

CP# 16     Coords =  1.31755405493293E+00  4.89128591286589E-01 -5.41376459957626E-01
           Type = (3,-1) BCP C4 O1
           Rho =  3.0389529558E-01
           GradRho = -3.2370211112E-17 -1.5753050990E-15  2.6001878602E-16
           HessRho_EigVals = -7.2766362850E-01 -5.2562761734E-01  9.9166877901E-01
           HessRho_EigVec1 =  8.8374492696E-01 -2.8188602919E-01  3.7354406785E-01
           HessRho_EigVec2 = -4.3070730408E-01 -1.7781314547E-01  8.8480150515E-01
           HessRho_EigVec3 =  1.8299213724E-01  9.4282699996E-01  2.7855183694E-01
           DelSqRho = -2.6162246683E-01
           Bond Ellipticity =  3.8437099668E-01
           V = -8.9431980565E-01
           G =  4.1445709447E-01
           K =  4.7986271118E-01
           L =  6.5405616708E-02
           Vnuc =  2.2783310112E+01
           Ven = -6.9237407608E+00
           Vrep =  6.0294209551E+00
           DelSqV = -6.8600793259E+00
           DelSqVen =  5.9606257942E+00
           DelSqVrep = -1.2820705120E+01
           DelSqG =  1.6197809428E+01
           DelSqK = -9.3377301025E+00
           Stress_EigVals = -4.0816565366E-01 -3.7029944204E-01 -1.1585470995E-01
           Stress_EigVec1 = -4.3048985097E-01 -1.7787514611E-01  8.8489486416E-01
           Stress_EigVec2 = -8.8536807184E-01  2.7384889660E-01 -3.7567294180E-01
           Stress_EigVec3 =  1.7550460274E-01  9.4518104839E-01  2.7537414582E-01
           -DivStress =  2.2850572525E-01  1.0369166276E+00  3.1909420125E-01
           ESP =   1.9997569492E+00
           ESPe = -2.0783553163E+01
           ESPn =  2.2783310112E+01
           BPL =  2.5426139008E+00 =  8.3677804633E-01 +  1.7058358545E+00                
           GBL_I =  2.5417223098E+00                                                      
           GBL_II =  2.5417314845E+00                                                     
           GBL_III =  2.5417491847E+00 =  8.3668638298E-01 +  1.7050628017E+00            
           GBL_IV =  2.5417584008E+00 =  8.3668952996E-01 +  1.7050688708E+00             

