AIMSum (Version 19.02.13, Professional)
Copyright (c) 1997-2019 by Todd A. Keith
AIMSum is a component of the AIMAll package ( http://aim.tkgristmill.com )

TP:  64-bit Linux

Much of the Quantum Theory of Atoms in Molecules (QTAIM) is described in the book:
  "Atoms in Molecules - A Quantum Theory"
  R.F.W. Bader, Oxford University Press, Oxford, 1990

For additional references see:  http://aim.tkgristmill.com/references.html

Wfn File:  /home/mhennefarth/Documents/ML_Diels/summary-pieniazek2006/r_8b-opt/r_8b-opt.wfn
Sum File:  /home/mhennefarth/Documents/ML_Diels/summary-pieniazek2006/r_8b-opt/r_8b-opt.sum

SumViz File:  /home/mhennefarth/Documents/ML_Diels/summary-pieniazek2006/r_8b-opt/r_8b-opt.sumviz

Wfn Title:   Title Card Required                                                           
 
Total memory allocated for AIMSum =        0.878 Megabytes

Atomic units (a.u.) used throughout, except where stated otherwise

Model:  Restricted SCF
 
Restricted, closed-shell, single-determinant wavefunction.
  Number of electrons (from MO Occs)                   =          86.0000000000
  Number of Alpha electrons (from MO Occs)             =          43.0000000000
  Number of Beta electrons (from MO Occs)              =          43.0000000000
  Number of electron pairs (N*(N-1)/2)                 =        3655.0000000000
  Number of electron pairs (from Muller 2EDM)          =        3655.0000000000
 
Nuclear Charges and Cartesian Coordinates:
-------------------------------------------------------------------------------
Atom      Charge                X                  Y                  Z
-------------------------------------------------------------------------------
H1         1.0          -6.1126977700E+00  -3.4213026000E+00   1.1527909900E+00
C2         6.0          -4.0346160400E+00  -3.3395608000E+00   1.1899384600E+00
C3         6.0          -2.9139870900E+00  -3.7729501100E+00  -1.3948636700E+00
C4         6.0           5.6184167000E+00  -3.7996319500E+00   1.1607952000E-01
C5         6.0           6.0937264200E+00  -1.3884993100E+00   6.5492132000E-01
C6         6.0          -3.0859844700E+00  -7.5376470000E-01   1.9131452500E+00
H7         1.0          -3.4267089700E+00  -4.7917396700E+00   2.5492838700E+00
C8         6.0          -1.5301208800E+00  -1.7446382800E+00  -2.0683327000E+00
H9         1.0           7.0793685100E+00  -5.2432082100E+00   2.0278104000E-01
H10        1.0           3.7413356500E+00  -4.4297264500E+00  -4.3593696000E-01
H11        1.0           4.6305970000E+00   5.1001970000E-02   5.6435606000E-01
H12        1.0           7.9700448400E+00  -7.5499270000E-01   1.2070647400E+00
C13        6.0          -1.6519338400E+00   1.0161185000E-01  -2.9463700000E-03
H14        1.0          -4.8660277000E-01  -1.4509862700E+00  -3.8047688800E+00
H15        1.0          -3.2175831400E+00  -5.4691235500E+00  -2.5020309800E+00
Br16      35.0           6.7085370000E-02   3.2427113600E+00  -1.4442817000E-01
H17        1.0          -3.4987462400E+00   1.9977954000E-01   3.6737951100E+00
 
Some Atomic Properties:
----------------------
  q(A) = Net Charge of Atom A
  L(A) = Lagrangian of Atom A = -(1/4) Times Atomic Integral of the Laplacian of the Electron Density
  K(A) = Electronic Kinetic Energy of Atom A (Hamiltonian Form)
  K_Scaled(A) = K(A) * E(Mol)/K(Mol) = Approximation to Virial-Based Total Energy of Atom A.
  |Mu_Intra(A)| = Magnitude of Intraatomic Dipole Moment of Atom A
--------------------------------------------------------------------------------------------------
Atom A          q(A)              L(A)              K(A)          K_Scaled(A)      |Mu_Intra(A)|
--------------------------------------------------------------------------------------------------
H1        5.2171202590E-02  2.0146766849E-05  5.8676432547E-01 -5.9060067278E-01  1.4994168004E-01
C2       -3.0130952000E-03 -1.2777956539E-04  3.7697808160E+01 -3.7944281708E+01  1.5989175766E-01
C3       -5.8976282200E-02  4.0509398713E-05  3.7725995620E+01 -3.7972653461E+01  1.8059582846E-01
C4       -8.7475229500E-02 -1.0688373582E-04  3.7696271952E+01 -3.7942735456E+01  8.6021411162E-02
C5       -8.3393972400E-02 -3.4902981172E-05  3.7698264477E+01 -3.7944741008E+01  1.0116594658E-01
C6       -2.7777786400E-02  6.6993303646E-05  3.7720868510E+01 -3.7967492830E+01  2.2904392989E-01
H7        5.3352965930E-02  2.4564851517E-05  5.8633564610E-01 -5.9016919064E-01  1.4957687023E-01
C8       -3.3022892400E-02  9.2255870947E-05  3.7729225647E+01 -3.7975904606E+01  1.9643580623E-01
H9        3.3427966110E-02  2.4462919570E-05  5.9811230194E-01 -6.0202284390E-01  1.4876838289E-01
H10       3.9462912070E-02  1.9821605478E-05  5.9542769358E-01 -5.9932068320E-01  1.4561507318E-01
H11       5.4250144540E-02  3.5876643307E-05  5.9109437519E-01 -5.9495903297E-01  1.3662336446E-01
H12       3.4084695720E-02  2.9094143117E-05  5.9788351212E-01 -6.0179255822E-01  1.4835399045E-01
C13      -9.6003623100E-02 -2.0697400673E-04  3.7722155952E+01 -3.7968788688E+01  6.0076042904E-02
H14       7.0834829960E-02  2.1269957924E-05  5.8314302979E-01 -5.8695570056E-01  1.4528219090E-01
H15       5.9863031080E-02  2.2722157989E-05  5.8669735469E-01 -5.9053326414E-01  1.4750084372E-01
Br16     -8.1094913000E-02 -2.3643189834E-05  2.5560276544E+03 -2.5727393211E+03  3.3310639426E-01
H17       7.3113117480E-02  2.3792131336E-05  5.8134345126E-01 -5.8514435613E-01  1.4600537956E-01
--------------------------------------------------------------------------------------------------
Total    -1.9692872000E-04 -7.8673728553E-05  2.8253250464E+03 -2.8437974172E+03
 
1st Largest |L(A)| = 2.0697400673E-04, atom C13     
2nd Largest |L(A)| = 1.2777956539E-04, atom C2      
 
Molecular charge q(Mol) from the wfn file:   0.0000000000E+00
Molecular energy E(Mol) from the wfn file:  -2.8437974427E+03
Molecular virial ratio (-V(Mol)/T(Mol)) from the wfn file:   2.0065381400E+00
Note.  K_Scaled(A) = (1+V(Mol)/T(Mol))*K(A) = (E(Mol)/T(Mol))*K(A)
       Only use K_Scaled(A) data with caution.
 
N_AIMInt(SumA)     =         86.000197
N_Analytic(Mol)    =         85.999991
 
G_AIMInt(SumA)     =       2825.325125
G_Analytic(Mol)    =       2825.325075
 
K_AIMInt(SumA)     =       2825.325046
K_Analytic(Mol)    =       2825.325075
 
L_AIMInt(SumA)     =         -0.000079
L_Analytic(Mol)    =          0.000000
 
VenT_AIMInt(SumA)  =      -7810.249464
VenT_Analytic(Mol) =      -7810.246967
 
Some Information About the Atomic Calculations:
----------------------------------------------
  Time(sec) = "Elapsed User Time", in Seconds, for Atom A by AIMInt and, if used, by TWOe
  NProc = Number of Processors Used for AIMInt Job
  BIM = Basin Integration Method
  OAQ = Angular Quadrature Outside of Beta Sphere
  ORQ = Multiple of Default for Radial Quadrature Outside of Beta Sphere
  IAQ = Multiple of Default for Angular Quadrature Inside of Beta Sphere
  IRQ = Multiple of Default for Radial Quadrature Inside of Beta Sphere
  MIR = Maximum Integration Radius
------------------------------------------------------------------------------------------------------
Atom A     Time(sec)   NProc      BIM          OAQ                     ORQ      IAQ      IRQ      MIR
------------------------------------------------------------------------------------------------------
H1              5        8     Proaim(5)    1800(GS4)                  1.00     1.00     1.00    13.00
C2             23        8     Proaim(5)    4500(GS4)                  1.00     1.00     1.00    13.00
C3             23        8     Proaim(5)    4500(GS4)                  1.00     1.00     1.00    13.00
C4             21        8     Proaim(5)    4500(GS4)                  1.00     1.00     1.00    13.00
C5             21        8     Proaim(5)    4500(GS4)                  1.00     1.00     1.00    13.00
C6             22        8     Proaim(5)    4500(GS4)                  1.00     1.00     1.00    13.00
H7              6        8     Proaim(5)    1800(GS4)                  1.00     1.00     1.00    13.00
C8             31        8     Proaim(5)    4500(GS4)                  1.00     1.00     1.00    13.00
H9              5        8     Proaim(5)    1800(GS4)                  1.00     1.00     1.00    13.00
H10            13        8     Proaim(5)    4500(GS4)                  1.00     1.00     1.00    13.00
H11            11        8     Proaim(5)    4500(GS4)                  1.00     1.00     1.00    13.00
H12             5        8     Proaim(5)    1800(GS4)                  1.00     1.00     1.00    13.00
C13            28        8     Proaim(5)    4500(GS4)                  1.00     1.00     1.00    13.00
H14             6        8     Proaim(5)    1800(GS4)                  1.00     1.00     1.00    13.00
H15             6        8     Proaim(5)    1800(GS4)                  1.00     1.00     1.00    13.00
Br16           22        8     Proaim(5)    4500(GS4)                  1.00     1.00     1.00    13.00
H17             6        8     Proaim(5)    1800(GS4)                  1.00     1.00     1.00    13.00
------------------------------------------------------------------------------------------------------
Total         254
Note:  Total wall clock time is less than total of atomic times if more than one atom
       was calculated at a time
 
Electron Density Critical Point Analysis of Molecular Structure:               
---------------------------------------------------------------                
  NACP = Nuclear Attractor Critical Point                                      
  NNACP = Non-Nuclear Attractor Critical Point                                 
  BCP = Bond Critical Point                                                    
  RCP = Ring Critical Point                                                    
  CCP = Cage Critical Point                                                    
  Rho = Electron Density                                                       
  GradRho = Gradient of Electron Density                                       
  HessRho_EigVals = Eigenvalues of the Hessian of Rho, Ascending Order         
  HessRho_EigVecs = Eigenvectors of the Hessian of Rho                         
  DelSqRho = Laplacian of Rho = Trace of Hessian of Rho                        
  Bond Ellipticity = (HessRho_EigVal(1) / HessRho_EigVal(2)) - 1               
  V = Virial Field = Potential Energy Density = Trace of Stress Tensor         
  G = Lagrangian Form of Kinetic Energy Density                                
  K = Hamiltonian Form of Kinetic Energy Density                               
  L = K - G = Lagrangian Density = (-1/4)DelSqRho                              
  Vnuc = Electrostatic Potential from Nuclei                                   
  Ven = Electron-nuclear attractive contribution to Virial Field V             
  Vrep = V - Ven = Repulsive contribution to Virial Field V                    
  DelSqV = Laplacian of V                                                      
  DelSqVen = Laplacian of Ven                                                  
  DelSqVrep = Laplacian of Vrep                                                
  DelSqG = Laplacian of G                                                      
  DelSqK = Laplacian of K                                                      
  Stress_EigVals = Eigenvalues of Stress Tensor, Ascending Order               
  Stress_EigVecs = Eigenvectors of Stress Tensor                               
  -DivStress = Ehrenfest Force Density = Minus Divergence of Stress Tensor     
  ESP = Total Electrostatic Potential                                          
  ESPe = Electrostatic Potential from Electrons                                
  ESPn = Electrostatic Potential from Nuclei                                   
  BP = Bond Path                                                               
  BPL = Bond Path Length                                                       
  GBL = Geometric Bond Length                                                  
  GBL_I = Distance Between Nuclear Attractors                                  
  GBL_II = Distance Between Nuclei                                             
  GBL_III = Sum of Distances Between BCP and Nuclear Attractors                
  GBL_IV = Sum of Distances Between BCP and Nuclei                             

CP# 1      Coords = -6.07911025978691E+00 -3.42003387949425E+00  1.15343742391599E+00
           Type = (3,-3) NACP H1
           Rho =  4.1554459927E-01     Rho at Nucleus =  4.1219579520E-01
           GradRho =  3.0453918762E-09  1.1583714370E-10  5.7987065670E-11
           HessRho_EigVals = -6.3399199993E+00 -6.3386973623E+00 -5.7839839079E+00
           HessRho_EigVec1 = -4.1268067074E-02  7.4717083037E-01  6.6334960381E-01
           HessRho_EigVec2 =  1.2364015204E-02 -6.6348246564E-01  7.4808966636E-01
           HessRho_EigVec3 =  9.9907160793E-01  3.9073879116E-02  1.8142607388E-02
           DelSqRho = -1.8462601269E+01
           Bond Ellipticity = NA
           V = -4.6253954390E+00
           G =  4.8725607935E-03
           K =  4.6205228782E+00
           L =  4.6156503174E+00
           Vnuc =  4.3667715417E+01
           Ven = -1.8145883304E+01
           Vrep =  1.3520487865E+01
           DelSqV =  6.9656629496E+02
           DelSqVen =  8.0621962347E+02
           DelSqVrep = -1.0965332850E+02
           DelSqG =  6.8702024567E+01
           DelSqK = -7.6526831953E+02
           Stress_EigVals = -1.5886768948E+00 -1.5886078711E+00 -1.4481106730E+00
           Stress_EigVec1 = -4.2563856858E-02  8.4006273994E-01  5.4081689235E-01
           Stress_EigVec2 =  5.5909123921E-03 -5.4109870427E-01  8.4094050559E-01
           Stress_EigVec3 =  9.9907810495E-01  3.8817331171E-02  1.8334530612E-02
           -DivStress = -7.4362672138E+00 -2.8076342783E-01 -1.4309868524E-01
           ESP =  -1.0852516875E+00     ESP at Nucleus =  -1.0874963993E+00
           ESPe = -1.5006714041E+01     ESPe at Nucleus = -1.4916161986E+01
           ESPn =  1.3921462353E+01     ESPn at Nucleus =  1.3828665587E+01

CP# 2      Coords = -4.03461584825670E+00 -3.33956050124308E+00  1.18993835595222E+00
           Type = (3,-3) NACP C2
           Rho =  1.1753619997E+02     Rho at Nucleus =  1.1753619996E+02
           GradRho = -6.2729821337E-12  2.6557644972E-11  2.4414359423E-12
           HessRho_EigVals = -1.4483109302E+05 -1.4483085658E+05 -1.4483073140E+05
           HessRho_EigVec1 =  5.3361050952E-03  7.2877471700E-01  6.8473274922E-01
           HessRho_EigVec2 = -8.1567438537E-01  3.9929214445E-01 -4.1861806033E-01
           HessRho_EigVec3 =  5.7848666625E-01  5.5628517439E-01 -5.9657353421E-01
           DelSqRho = -4.3449268101E+05
           Bond Ellipticity = NA
           V = -1.0863362808E+05
           G =  5.2289129449E+00
           K =  1.0862839916E+05
           L =  1.0862317025E+05
           Vnuc =  1.6219362846E+07
           Ven = -1.9063622748E+09
           Vrep =  1.9062536412E+09
           DelSqV =  2.4922936827E+09
           DelSqVen =  7.0471940833E+12
           DelSqVrep = -7.0447017896E+12
           DelSqG =  1.3387181753E+08
           DelSqK = -2.6261655002E+09
           Stress_EigVals = -3.6211272062E+04 -3.6211236746E+04 -3.6211119269E+04
           Stress_EigVec1 =  5.7921171820E-01  5.8224956344E-01 -5.7052539941E-01
           Stress_EigVec2 = -8.1505049137E-01  4.0130721397E-01 -4.1790575078E-01
           Stress_EigVec3 = -1.4369482409E-02  7.0706291508E-01  7.0700463371E-01
           -DivStress = -1.5628390700E+02 -2.4271929794E+02  8.5385380750E+01
           ESP =  -1.4716879283E+01     ESP at Nucleus =  -1.4716879283E+01
           ESPe = -2.9293174799E+01     ESPe at Nucleus = -2.9293174109E+01
           ESPn =  1.4576295516E+01     ESPn at Nucleus =  1.4576294827E+01

CP# 3      Coords = -2.91398791103285E+00 -3.77295066074362E+00 -1.39486259473832E+00
           Type = (3,-3) NACP C3
           Rho =  1.1767286838E+02     Rho at Nucleus =  1.1767286823E+02
           GradRho = -3.7254566099E-10 -2.5878366117E-10  5.1083921815E-10
           HessRho_EigVals = -1.4499685878E+05 -1.4499618540E+05 -1.4499581646E+05
           HessRho_EigVec1 =  8.1241285236E-01 -4.1418789505E-01  4.1040680417E-01
           HessRho_EigVec2 = -3.2071454359E-01  2.7040253550E-01  9.0775803512E-01
           HessRho_EigVec3 =  4.8695743022E-01  8.6909772545E-01 -8.6842413430E-02
           DelSqRho = -4.3498886064E+05
           Bond Ellipticity = NA
           V = -1.0875746339E+05
           G =  5.1241159044E+00
           K =  1.0875233927E+05
           L =  1.0874721516E+05
           Vnuc =  4.1076762025E+06
           Ven = -4.8336204114E+08
           Vrep =  4.8325328367E+08
           DelSqV =  2.4951203328E+09
           DelSqVen =  1.7867934269E+12
           DelSqVrep = -1.7842983066E+12
           DelSqG =  1.3402185512E+08
           DelSqK = -2.6291421879E+09
           Stress_EigVals = -3.6252762687E+04 -3.6252553088E+04 -3.6252147617E+04
           Stress_EigVec1 =  4.1477415484E-01  9.0505905718E-01  9.3970758720E-02
           Stress_EigVec2 = -4.1409007671E-01  9.5787380334E-02  9.0518185252E-01
           Stress_EigVec3 =  8.1024182121E-01 -4.1435839654E-01  4.1450610414E-01
           -DivStress =  6.6774284851E+02  4.4405078699E+02 -8.7737106622E+02
           ESP =  -1.4729361315E+01     ESP at Nucleus =  -1.4729361329E+01
           ESPe = -2.9594424388E+01     ESPe at Nucleus = -2.9594425002E+01
           ESPn =  1.4865063073E+01     ESPn at Nucleus =  1.4865063673E+01

CP# 4      Coords =  5.61841659553081E+00 -3.79963301904504E+00  1.16079310990616E-01
           Type = (3,-3) NACP C4
           Rho =  1.1767724329E+02     Rho at Nucleus =  1.1767724320E+02
           GradRho = -7.7310546853E-11 -2.6791746599E-10 -5.5793980547E-11
           HessRho_EigVals = -1.4500437498E+05 -1.4500338916E+05 -1.4500316655E+05
           HessRho_EigVec1 = -2.2357180604E-01 -1.7037758950E-01  9.5968074094E-01
           HessRho_EigVec2 =  9.4360992877E-01 -2.8448258804E-01  1.6932205830E-01
           HessRho_EigVec3 =  2.4416377673E-01  9.4341991398E-01  2.2437227109E-01
           DelSqRho = -4.3501093068E+05
           Bond Ellipticity = NA
           V = -1.0876291684E+05
           G =  5.0920863485E+00
           K =  1.0875782476E+05
           L =  1.0875273267E+05
           Vnuc =  5.4830523519E+06
           Ven = -6.4523048557E+08
           Vrep =  6.4512172266E+08
           DelSqV =  2.4952480311E+09
           DelSqVen =  2.3851879629E+12
           DelSqVrep = -2.3826927148E+12
           DelSqG =  1.3403090629E+08
           DelSqK = -2.6292789374E+09
           Stress_EigVals = -3.6254567833E+04 -3.6254442980E+04 -3.6253906031E+04
           Stress_EigVec1 =  2.1464846625E-01  9.5181239998E-01  2.1904152843E-01
           Stress_EigVec2 =  9.5051971197E-01 -2.5514492454E-01  1.7723810154E-01
           Stress_EigVec3 = -2.2458475703E-01 -1.7015940385E-01  9.5948291501E-01
           -DivStress =  8.4675215206E+01  8.6815059649E+02  1.6945699103E+02
           ESP =  -1.4753098969E+01     ESP at Nucleus =  -1.4753098985E+01
           ESPe = -2.6485061903E+01     ESPe at Nucleus = -2.6485063193E+01
           ESPn =  1.1731962935E+01     ESPn at Nucleus =  1.1731964208E+01

CP# 5      Coords =  6.09372687381954E+00 -1.38849856204031E+00  6.54921561069754E-01
           Type = (3,-3) NACP C5
           Rho =  1.1768695404E+02     Rho at Nucleus =  1.1768695398E+02
           GradRho =  2.6913415940E-11  1.2351786260E-10  4.1606551537E-11
           HessRho_EigVals = -1.4501811790E+05 -1.4501701637E+05 -1.4501681498E+05
           HessRho_EigVec1 = -2.2406208229E-01 -1.6955874490E-01  9.5971142293E-01
           HessRho_EigVec2 =  9.7403213827E-01 -6.1012207333E-03  2.2632756951E-01
           HessRho_EigVec3 = -3.2520407392E-02  9.8550119591E-01  1.6652271908E-01
           DelSqRho = -4.3505194925E+05
           Bond Ellipticity = NA
           V = -1.0877317167E+05
           G =  5.0921792011E+00
           K =  1.0876807949E+05
           L =  1.0876298731E+05
           Vnuc =  6.6117662113E+06
           Ven = -7.7811862620E+08
           Vrep =  7.7800985302E+08
           DelSqV =  2.4954841825E+09
           DelSqVen =  2.8764612854E+12
           DelSqVrep = -2.8739659323E+12
           DelSqG =  1.3404518861E+08
           DelSqK = -2.6295293711E+09
           Stress_EigVals = -3.6257989981E+04 -3.6257875303E+04 -3.6257306387E+04
           Stress_EigVec1 =  7.6266620167E-02  9.7867366480E-01  1.9073872307E-01
           Stress_EigVec2 =  9.7137326163E-01 -1.1609167428E-01  2.0726000518E-01
           Stress_EigVec3 = -2.2498308655E-01 -1.6947147546E-01  9.5951134948E-01
           -DivStress = -3.6906661170E+02 -6.0695356331E+02 -1.9603753209E+02
           ESP =  -1.4754711377E+01     ESP at Nucleus =  -1.4754711390E+01
           ESPe = -2.7042507758E+01     ESPe at Nucleus = -2.7042508630E+01
           ESPn =  1.2287796381E+01     ESPn at Nucleus =  1.2287797241E+01

CP# 6      Coords = -3.08598502622264E+00 -7.53765712670411E-01  1.91314529989853E+00
           Type = (3,-3) NACP C6
           Rho =  1.1766378156E+02     Rho at Nucleus =  1.1766378146E+02
           GradRho = -1.8507195776E-10 -2.8889179937E-10  2.8981483879E-11
           HessRho_EigVals = -1.4498624352E+05 -1.4498583199E+05 -1.4498555682E+05
           HessRho_EigVec1 =  7.9694528681E-01 -4.3111447339E-01  4.2310580316E-01
           HessRho_EigVec2 =  4.2660602932E-01  8.9759456832E-01  1.1104632671E-01
           HessRho_EigVec3 = -4.2765114940E-01  9.2001639980E-02  8.9924979436E-01
           DelSqRho = -4.3495763233E+05
           Bond Ellipticity = NA
           V = -1.0874972945E+05
           G =  5.1606856868E+00
           K =  1.0874456877E+05
           L =  1.0873940808E+05
           Vnuc =  5.1883117001E+06
           Ven = -6.1047637453E+08
           Vrep =  6.1036762481E+08
           DelSqV =  2.4949437940E+09
           DelSqVen =  2.2566963773E+12
           DelSqVrep = -2.2542014335E+12
           DelSqG =  1.3401311341E+08
           DelSqK = -2.6289569074E+09
           Stress_EigVals = -3.6250156701E+04 -3.6249954702E+04 -3.6249618051E+04
           Stress_EigVec1 = -4.0053373788E-01  1.3637148801E-01  9.0607700671E-01
           Stress_EigVec2 =  4.3813487672E-01  8.9699226922E-01  5.8674515510E-02
           Stress_EigVec3 =  8.0474253934E-01 -4.2048506064E-01  4.1902477152E-01
           -DivStress =  4.5320122699E+02  8.2840068764E+02 -3.8063174029E+01
           ESP =  -1.4731452735E+01     ESP at Nucleus =  -1.4731452741E+01
           ESPe = -3.1283499541E+01     ESPe at Nucleus = -3.1283500450E+01
           ESPn =  1.6552046806E+01     ESPn at Nucleus =  1.6552047709E+01

CP# 7      Coords = -3.43662152011951E+00 -4.76826269254289E+00  2.52730069918997E+00
           Type = (3,-3) NACP H7
           Rho =  4.1541503161E-01     Rho at Nucleus =  4.1206013147E-01
           GradRho =  1.2004286454E-15  3.1051550220E-16 -7.1817551905E-16
           HessRho_EigVals = -6.3376137069E+00 -6.3364148584E+00 -5.7812033443E+00
           HessRho_EigVec1 =  6.1349214579E-02  6.9564534263E-01  7.1576101539E-01
           HessRho_EigVec2 =  9.5421073585E-01  1.6947280198E-01 -2.4649714191E-01
           HessRho_EigVec3 = -2.9277661357E-01  6.9810925124E-01 -6.5339523099E-01
           DelSqRho = -1.8455231910E+01
           Bond Ellipticity = NA
           V = -4.6235435432E+00
           G =  4.8677828831E-03
           K =  4.6186757603E+00
           L =  4.6138079774E+00
           Vnuc =  4.3939632923E+01
           Ven = -1.8253184000E+01
           Vrep =  1.3629640457E+01
           DelSqV =  6.9625367656E+02
           DelSqVen =  8.1091611563E+02
           DelSqVrep = -1.1466243907E+02
           DelSqG =  6.8668747215E+01
           DelSqK = -7.6492242377E+02
           Stress_EigVals = -1.5881016675E+00 -1.5880317675E+00 -1.4474101081E+00
           Stress_EigVec1 =  1.9324687949E-01  7.1253038509E-01  6.7450433201E-01
           Stress_EigVec2 = -9.3634915797E-01 -7.1432950290E-02  3.4372603624E-01
           Stress_EigVec3 = -2.9309707939E-01  6.9799554722E-01 -6.5337303136E-01
           -DivStress =  2.1938555692E+00 -5.1956517986E+00  4.8651760813E+00
           ESP =  -1.0853364965E+00     ESP at Nucleus =  -1.0875843448E+00
           ESPe = -1.5312068317E+01     ESPe at Nucleus = -1.5225053208E+01
           ESPn =  1.4226731821E+01     ESPn at Nucleus =  1.4137468863E+01

CP# 8      Coords = -1.53012037708614E+00 -1.74463679243324E+00 -2.06833198219918E+00
           Type = (3,-3) NACP C8
           Rho =  1.1768301418E+02     Rho at Nucleus =  1.1768301397E+02
           GradRho =  3.4664641990E-10  9.9626817907E-10  5.0447646061E-10
           HessRho_EigVals = -1.4500813624E+05 -1.4500755177E+05 -1.4500700595E+05
           HessRho_EigVec1 =  8.0684839319E-01 -4.1899535295E-01  4.1645955939E-01
           HessRho_EigVec2 = -4.0955335024E-02  6.6358850158E-01  7.4697587719E-01
           HessRho_EigVec3 =  5.8933719629E-01  6.1975252704E-01 -5.1825522119E-01
           DelSqRho = -4.3502269396E+05
           Bond Ellipticity = NA
           V = -1.0876596967E+05
           G =  5.1480912882E+00
           K =  1.0876082158E+05
           L =  1.0875567349E+05
           Vnuc =  3.4751315475E+06
           Ven = -4.0896395520E+08
           Vrep =  4.0885518923E+08
           DelSqV =  2.4953129326E+09
           DelSqVen =  1.5117612155E+12
           DelSqVrep = -1.5092658780E+12
           DelSqG =  1.3403100414E+08
           DelSqK = -2.6293439367E+09
           Stress_EigVals = -3.6255621227E+04 -3.6255369754E+04 -3.6254978691E+04
           Stress_EigVec1 =  5.8855723901E-01  5.5152377876E-01 -5.9111919092E-01
           Stress_EigVec2 =  1.6118556213E-02  7.2302048705E-01  6.9063852156E-01
           Stress_EigVec3 =  8.0829485248E-01 -4.1600828931E-01  4.1664917458E-01
           -DivStress = -4.0455723787E+02 -1.2052283912E+03 -5.8776829111E+02
           ESP =  -1.4728697952E+01     ESP at Nucleus =  -1.4728697971E+01
           ESPe = -3.1506562768E+01     ESPe at Nucleus = -3.1506560691E+01
           ESPn =  1.6777864816E+01     ESPn at Nucleus =  1.6777862720E+01

CP# 9      Coords =  7.05464571559669E+00 -5.21887074422889E+00  2.01299301999569E-01
           Type = (3,-3) NACP H9
           Rho =  4.2607049098E-01     Rho at Nucleus =  4.2242498580E-01
           GradRho = -1.3739009930E-15 -1.4259426973E-15 -7.7195194681E-17
           HessRho_EigVals = -6.4879625306E+00 -6.4814703024E+00 -5.8919866271E+00
           HessRho_EigVec1 =  6.6517193323E-01  6.9286559384E-01  2.7835870403E-01
           HessRho_EigVec2 = -2.2468255303E-01 -1.6978742075E-01  9.5952591529E-01
           HessRho_EigVec3 =  7.1208429951E-01 -7.0079205234E-01  4.2736983635E-02
           DelSqRho = -1.8861419460E+01
           Bond Ellipticity = NA
           V = -4.7244678866E+00
           G =  4.5565107917E-03
           K =  4.7199113758E+00
           L =  4.7153548650E+00
           Vnuc =  4.0462285525E+01
           Ven = -1.7239785860E+01
           Vrep =  1.2515317973E+01
           DelSqV =  7.1039383459E+02
           DelSqVen =  7.6317613959E+02
           DelSqVrep = -5.2782305004E+01
           DelSqG =  6.9913755091E+01
           DelSqK = -7.8030758968E+02
           Stress_EigVals = -1.6252829539E+00 -1.6245701098E+00 -1.4746148229E+00
           Stress_EigVec1 =  6.6605248697E-01  6.9120691239E-01  2.8036955768E-01
           Stress_EigVec2 = -2.2602230019E-01 -1.7118095325E-01  9.5896350351E-01
           Stress_EigVec3 =  7.1083613050E-01 -7.0208979875E-01  4.2212676614E-02
           -DivStress =  5.5904589517E+00 -5.5054226102E+00  3.3467911182E-01
           ESP =  -1.1176246221E+00     ESP at Nucleus =  -1.1200482432E+00
           ESPe = -1.2781004563E+01     ESPe at Nucleus = -1.2698428203E+01
           ESPn =  1.1663379941E+01     ESPn at Nucleus =  1.1578379960E+01

CP# 10     Coords =  3.77332391586673E+00 -4.41914811517755E+00 -4.26562931233505E-01
           Type = (3,-3) NACP H10
           Rho =  4.2531519718E-01     Rho at Nucleus =  4.2162622197E-01
           GradRho =  4.6730853627E-10  1.5448116050E-10  1.3693585718E-10
           HessRho_EigVals = -6.4751263431E+00 -6.4684917270E+00 -5.8756817834E+00
           HessRho_EigVec1 = -3.3657244165E-01  9.3755819549E-01  8.7770277367E-02
           HessRho_EigVec2 = -2.2478384929E-01 -1.7050740572E-01  9.5937450753E-01
           HessRho_EigVec3 =  9.1443491437E-01  3.0316967965E-01  2.6813603398E-01
           DelSqRho = -1.8819299853E+01
           Bond Ellipticity = NA
           V = -4.7139535846E+00
           G =  4.5643105925E-03
           K =  4.7093892740E+00
           L =  4.7048249634E+00
           Vnuc =  4.2681635103E+01
           Ven = -1.8153148050E+01
           Vrep =  1.3439194465E+01
           DelSqV =  7.0858230775E+02
           DelSqVen =  8.0323849007E+02
           DelSqVrep = -9.4656182324E+01
           DelSqG =  6.9730379435E+01
           DelSqK = -7.7831268718E+02
           Stress_EigVals = -1.6220335881E+00 -1.6213352229E+00 -1.4705847735E+00
           Stress_EigVec1 = -3.3749804443E-01  9.3754317104E-01  8.4308199087E-02
           Stress_EigVec2 = -2.2583794860E-01 -1.6759273965E-01  9.5964050279E-01
           Stress_EigVec3 =  9.1383384211E-01  3.0483680232E-01  2.6829504836E-01
           -DivStress = -7.2185904486E+00 -2.3884639660E+00 -2.1155887192E+00
           ESP =  -1.1186587151E+00     ESP at Nucleus =  -1.1211013726E+00
           ESPe = -1.5205778824E+01     ESPe at Nucleus = -1.5160982527E+01
           ESPn =  1.4087120109E+01     ESPn at Nucleus =  1.4039881154E+01

CP# 11     Coords =  4.65594676411501E+00  2.61871336634959E-02  5.65950568562867E-01
           Type = (3,-3) NACP H11
           Rho =  4.2384684826E-01     Rho at Nucleus =  4.2006271987E-01
           GradRho = -2.0150981578E-15 -7.4246164772E-16  1.6219664500E-16
           HessRho_EigVals = -6.4487349987E+00 -6.4422574590E+00 -5.8411217508E+00
           HessRho_EigVec1 =  6.6313983406E-01  6.9512598511E-01  2.7757057717E-01
           HessRho_EigVec2 = -2.2518262055E-01 -1.6837943855E-01  9.5965678869E-01
           HessRho_EigVec3 =  7.1381954855E-01 -6.9889071355E-01  4.4871177999E-02
           DelSqRho = -1.8732114208E+01
           Bond Ellipticity = NA
           V = -4.6924069374E+00
           G =  4.6891926259E-03
           K =  4.6877177447E+00
           L =  4.6830285521E+00
           Vnuc =  4.3969092068E+01
           Ven = -1.8636161094E+01
           Vrep =  1.3943754156E+01
           DelSqV =  7.0481546150E+02
           DelSqVen =  8.2363405426E+02
           DelSqVrep = -1.1881859276E+02
           DelSqG =  6.9332468173E+01
           DelSqK = -7.7414792967E+02
           Stress_EigVals = -1.6154263851E+00 -1.6147049738E+00 -1.4622755784E+00
           Stress_EigVec1 =  6.6394191556E-01  6.9340829112E-01  2.7993941230E-01
           Stress_EigVec2 = -2.2674147215E-01 -1.7005435196E-01  9.5899417214E-01
           Stress_EigVec3 =  7.1257942544E-01 -7.0019030212E-01  4.4318204538E-02
           -DivStress = -5.6938113322E+00  5.5754765940E+00 -3.5786396453E-01
           ESP =  -1.1208863338E+00     ESP at Nucleus =  -1.1233698655E+00
           ESPe = -1.6928550855E+01     ESPe at Nucleus = -1.6913479034E+01
           ESPn =  1.5807664521E+01     ESPn at Nucleus =  1.5790109169E+01

CP# 12     Coords =  7.93833601401026E+00 -7.65675209998362E-01  1.19773779795310E+00
           Type = (3,-3) NACP H12
           Rho =  4.2607574294E-01     Rho at Nucleus =  4.2242742718E-01
           GradRho = -2.5571440560E-10 -8.6047041020E-11 -7.5199533666E-11
           HessRho_EigVals = -6.4885038208E+00 -6.4822444281E+00 -5.8923536728E+00
           HessRho_EigVec1 = -3.4007687091E-01  9.3649109118E-01  8.5628021238E-02
           HessRho_EigVec2 = -2.2513165514E-01 -1.6948368216E-01  9.5947434532E-01
           HessRho_EigVec3 =  9.1305172894E-01  3.0701745493E-01  2.6847126968E-01
           DelSqRho = -1.8863101922E+01
           Bond Ellipticity = NA
           V = -4.7248319323E+00
           G =  4.5282259467E-03
           K =  4.7203037064E+00
           L =  4.7157754804E+00
           Vnuc =  4.1046647043E+01
           Ven = -1.7488980634E+01
           Vrep =  1.2764148701E+01
           DelSqV =  7.1044749603E+02
           DelSqVen =  7.7426708717E+02
           DelSqVrep = -6.3819591139E+01
           DelSqG =  6.9924336620E+01
           DelSqK = -7.8037183265E+02
           Stress_EigVals = -1.6254433704E+00 -1.6246886509E+00 -1.4746999111E+00
           Stress_EigVec1 = -3.4167760477E-01  9.3601613377E-01  8.4440580976E-02
           Stress_EigVec2 = -2.2537921076E-01 -1.6883296553E-01  9.5953094849E-01
           Stress_EigVec3 =  9.1239280234E-01  3.0881908469E-01  2.6864502075E-01
           -DivStress =  7.1716285351E+00  2.4177196937E+00  2.1097698199E+00
           ESP =  -1.1188772682E+00     ESP at Nucleus =  -1.1213015278E+00
           ESPe = -1.3376563681E+01     ESPe at Nucleus = -1.3293254893E+01
           ESPn =  1.2257686413E+01     ESPn at Nucleus =  1.2171953365E+01

CP# 13     Coords = -1.65193062599779E+00  1.01616692475323E-01 -2.94772042052251E-03
           Type = (3,-3) NACP C13
           Rho =  1.1768666489E+02     Rho at Nucleus =  1.1768666231E+02
           GradRho =  1.4506174040E-12  5.5467783144E-14  2.4313884239E-14
           HessRho_EigVals = -1.4500133761E+05 -1.4500033486E+05 -1.4499957043E+05
           HessRho_EigVec1 =  4.4339298446E-01  8.9457633368E-01  5.5998612091E-02
           HessRho_EigVec2 =  8.0557314194E-01 -4.2511376290E-01  4.1271079654E-01
           HessRho_EigVec3 = -3.9300709194E-01  1.3788209391E-01  9.0913912789E-01
           DelSqRho = -4.3500124289E+05
           Bond Ellipticity = NA
           V = -1.0876036364E+05
           G =  5.0264561513E+00
           K =  1.0875533718E+05
           L =  1.0875031072E+05
           Vnuc =  1.0055797622E+06
           Ven = -1.1834332850E+08
           Vrep =  1.1823456813E+08
           DelSqV =  2.4951734505E+09
           DelSqVen =  4.3742844621E+11
           DelSqVrep = -4.3493327276E+11
           DelSqG =  1.3401247690E+08
           DelSqK = -2.6291859274E+09
           Stress_EigVals = -3.6253798559E+04 -3.6253302000E+04 -3.6253263076E+04
           Stress_EigVec1 = -4.2045766664E-01  8.8223289685E-02  9.0301273619E-01
           Stress_EigVec2 =  7.9077965716E-01 -4.5232774390E-01  4.1239198091E-01
           Stress_EigVec3 =  4.4484029087E-01  8.8747747197E-01  1.2041948499E-01
           -DivStress = -2.6057706401E+03 -3.9241763365E+03  1.0965687887E+03
           ESP =  -1.4687372455E+01     ESP at Nucleus =  -1.4687372660E+01
           ESPe = -3.4717352968E+01     ESPe at Nucleus = -3.4717346723E+01
           ESPn =  2.0029980513E+01     ESPn at Nucleus =  2.0029974063E+01

CP# 14     Coords = -5.04839229004286E-01 -1.45606193711916E+00 -3.77439281910481E+00
           Type = (3,-3) NACP H14
           Rho =  4.2423640344E-01     Rho at Nucleus =  4.2038207050E-01
           GradRho = -5.2870728628E-13 -1.4646964197E-13  8.8005817911E-13
           HessRho_EigVals = -6.4711460735E+00 -6.4653702199E+00 -5.8533203519E+00
           HessRho_EigVec1 =  2.9133818057E-01  9.0040552373E-01  3.2309744255E-01
           HessRho_EigVec2 =  8.1003289984E-01 -4.1186946383E-01  4.1738500924E-01
           HessRho_EigVec3 = -5.0888973827E-01 -1.4011936913E-01  8.4935139764E-01
           DelSqRho = -1.8789836645E+01
           Bond Ellipticity = NA
           V = -4.7061936429E+00
           G =  4.3672407553E-03
           K =  4.7018264021E+00
           L =  4.6974591613E+00
           Vnuc =  4.4202076722E+01
           Ven = -1.8752130053E+01
           Vrep =  1.4045936410E+01
           DelSqV =  7.0697010007E+02
           DelSqVen =  8.3054980099E+02
           DelSqVrep = -1.2357970091E+02
           DelSqG =  6.9698584692E+01
           DelSqK = -7.7666868477E+02
           Stress_EigVals = -1.6208639593E+00 -1.6204122296E+00 -1.4649174540E+00
           Stress_EigVec1 =  2.9164031215E-01  8.9971809123E-01  3.2473571507E-01
           Stress_EigVec2 =  8.0969809951E-01 -4.1295493078E-01  4.1696188411E-01
           Stress_EigVec3 = -5.0924936522E-01 -1.4133499729E-01  8.4893433348E-01
           -DivStress =  4.1102083624E+00  1.1446534987E+00 -6.8458356148E+00
           ESP =  -1.0886465516E+00     ESP at Nucleus =  -1.0912840619E+00
           ESPe = -1.7351177062E+01     ESPe at Nucleus = -1.7254463100E+01
           ESPn =  1.6262530511E+01     ESPn at Nucleus =  1.6163179038E+01

CP# 15     Coords = -3.21243990322188E+00 -5.43985465811336E+00 -2.48274665330842E+00
           Type = (3,-3) NACP H15
           Rho =  4.2387162371E-01     Rho at Nucleus =  4.2009941415E-01
           GradRho =  3.1537272793E-15  1.0371911663E-14  8.7698945328E-15
           HessRho_EigVals = -6.4590641393E+00 -6.4529794724E+00 -5.8508459748E+00
           HessRho_EigVec1 = -5.7292895513E-01 -3.7842429582E-01  7.2701269914E-01
           HessRho_EigVec2 =  8.0664741276E-01 -4.1745280555E-01  4.1839348300E-01
           HessRho_EigVec3 =  1.4516323174E-01  8.2615265386E-01  5.4442577885E-01
           DelSqRho = -1.8762889586E+01
           Bond Ellipticity = NA
           V = -4.6999349257E+00
           G =  4.6062645565E-03
           K =  4.6953286612E+00
           L =  4.6907223966E+00
           Vnuc =  4.1947711510E+01
           Ven = -1.7780444589E+01
           Vrep =  1.3080509663E+01
           DelSqV =  7.0622606629E+02
           DelSqVen =  7.8706027947E+02
           DelSqVrep = -8.0834213178E+01
           DelSqG =  6.9555068011E+01
           DelSqK = -7.7578113430E+02
           Stress_EigVals = -1.6180225130E+00 -1.6176205882E+00 -1.4642918245E+00
           Stress_EigVec1 = -5.7348344175E-01 -3.7674525104E-01  7.2744742618E-01
           Stress_EigVec2 =  8.0609926890E-01 -4.1778510795E-01  4.1911761149E-01
           Stress_EigVec3 =  1.4601613172E-01  8.2675184874E-01  5.4328691304E-01
           -DivStress = -1.1580033195E+00 -6.5876508442E+00 -4.3393436805E+00
           ESP =  -1.0887047345E+00     ESP at Nucleus =  -1.0912807986E+00
           ESPe = -1.4808613818E+01     ESPe at Nucleus = -1.4710262073E+01
           ESPn =  1.3719909083E+01     ESPn at Nucleus =  1.3618981274E+01

CP# 16     Coords =  6.70853502589532E-02  3.24271133991166E+00 -1.44428169456233E-01
           Type = (3,-3) NACP Br16
           Rho =  2.8284363510E+04     Rho at Nucleus =  2.8284363509E+04
           GradRho = -1.5195084302E-08  1.3727003534E-07  2.0330620298E-08
           HessRho_EigVals = -2.7949250748E+09 -2.7949207444E+09 -2.7949204525E+09
           HessRho_EigVec1 =  4.7690648117E-01  8.7797542948E-01 -4.1465087128E-02
           HessRho_EigVec2 =  8.5442071788E-01 -4.5201078976E-01  2.5622545307E-01
           HessRho_EigVec3 = -2.0621698542E-01  1.5762420872E-01  9.6572727193E-01
           DelSqRho = -8.3847662717E+09
           Bond Ellipticity = NA
           V = -2.0981374840E+09
           G =  9.7295802590E+05
           K =  2.0971645259E+09
           L =  2.0961915679E+09
           Vnuc =  1.2424587552E+09
           Ven = -3.5142155077E+13
           Vrep =  3.5140056940E+13
           DelSqV =  8.5636757569E+15
           DelSqVen =  1.0417714344E+19
           DelSqVrep = -1.0409150668E+19
           DelSqG =  2.0802836708E+14
           DelSqK = -8.7717041240E+15
           Stress_EigVals = -6.9937957097E+08 -6.9937950345E+08 -6.9937840955E+08
           Stress_EigVec1 = -2.2993636464E-01  1.7019414663E-01  9.5820833886E-01
           Stress_EigVec2 =  8.4750114981E-01 -4.4898351175E-01  2.8311765620E-01
           Stress_EigVec3 =  4.7840471287E-01  8.7718171357E-01 -4.1002098483E-02
