AIMSum (Version 19.02.13, Professional)
Copyright (c) 1997-2019 by Todd A. Keith
AIMSum is a component of the AIMAll package ( http://aim.tkgristmill.com )

TP:  64-bit Linux

Much of the Quantum Theory of Atoms in Molecules (QTAIM) is described in the book:
  "Atoms in Molecules - A Quantum Theory"
  R.F.W. Bader, Oxford University Press, Oxford, 1990

For additional references see:  http://aim.tkgristmill.com/references.html

Wfn File:  /home/mhennefarth/Documents/ML_Diels/summary-pieniazek2006/r_5d-opt/r_5d-opt.wfn
Sum File:  /home/mhennefarth/Documents/ML_Diels/summary-pieniazek2006/r_5d-opt/r_5d-opt.sum

SumViz File:  /home/mhennefarth/Documents/ML_Diels/summary-pieniazek2006/r_5d-opt/r_5d-opt.sumviz

Wfn Title:   Title Card Required                                                           
 
Total memory allocated for AIMSum =        0.747 Megabytes

Atomic units (a.u.) used throughout, except where stated otherwise

Model:  Restricted SCF
 
Restricted, closed-shell, single-determinant wavefunction.
  Number of electrons (from MO Occs)                   =          54.0000000000
  Number of Alpha electrons (from MO Occs)             =          27.0000000000
  Number of Beta electrons (from MO Occs)              =          27.0000000000
  Number of electron pairs (N*(N-1)/2)                 =        1431.0000000000
  Number of electron pairs (from Muller 2EDM)          =        1431.0000000000
 
Nuclear Charges and Cartesian Coordinates:
-------------------------------------------------------------------------------
Atom      Charge                X                  Y                  Z
-------------------------------------------------------------------------------
C1         6.0          -5.8628730600E+00  -2.1917961000E-01   7.3835622000E-01
C2         6.0          -6.1316670500E+00  -2.1008286900E+00  -9.1234769000E-01
H3         1.0          -6.9495108900E+00  -1.5178398000E-01   2.4821373400E+00
H4         1.0          -7.4463238500E+00  -3.6487326800E+00  -5.9573860000E-01
C5         6.0           1.6437491100E+00   2.1617365500E+00   1.8371460000E-02
C6         6.0           6.0875714000E+00  -1.4892692700E+00  -5.6952159000E-01
C7         6.0           1.6180858600E+00  -3.2356194000E-01   4.2988536000E-01
C8         6.0           3.9183522700E+00  -1.8502646600E+00   6.8412693000E-01
H9         1.0           3.3130369700E+00   3.3470007700E+00  -1.0870509000E-01
H10        1.0           6.2877454500E+00  -2.5351120000E-02  -1.9971245000E+00
H11        1.0           3.7930172800E+00  -3.4208294500E+00   2.0114371000E+00
H12        1.0          -2.0362192000E-01  -1.2523739500E+00   6.5062168000E-01
H13        1.0          -5.0525917200E+00  -2.1673278200E+00  -2.6604915000E+00
H14        1.0          -4.5419356300E+00   1.3198796800E+00   4.1945640000E-01
F15        9.0          -5.0773103000E-01   3.5106993200E+00  -2.5711826000E-01
H16        1.0           7.7304523700E+00  -2.6685696900E+00  -2.2075268000E-01
 
Some Atomic Properties:
----------------------
  q(A) = Net Charge of Atom A
  L(A) = Lagrangian of Atom A = -(1/4) Times Atomic Integral of the Laplacian of the Electron Density
  K(A) = Electronic Kinetic Energy of Atom A (Hamiltonian Form)
  K_Scaled(A) = K(A) * E(Mol)/K(Mol) = Approximation to Virial-Based Total Energy of Atom A.
  |Mu_Intra(A)| = Magnitude of Intraatomic Dipole Moment of Atom A
--------------------------------------------------------------------------------------------------
Atom A          q(A)              L(A)              K(A)          K_Scaled(A)      |Mu_Intra(A)|
--------------------------------------------------------------------------------------------------
C1       -8.7302104700E-02 -3.3029848676E-04  3.7699171286E+01 -3.8045055151E+01  1.0544504598E-01
C2       -8.7666278000E-02  5.5419948684E-05  3.7695307766E+01 -3.8041156184E+01  8.4143730105E-02
H3        3.7065391100E-02  2.1722741036E-05  5.9680018883E-01 -6.0227573507E-01  1.4751739509E-01
H4        3.7646006620E-02  1.6973344506E-05  5.9658886689E-01 -6.0206247429E-01  1.4769011921E-01
C5        4.5725350000E-01  3.8104907402E-05  3.7400457650E+01 -3.7743600865E+01  7.6818826841E-01
C6       -8.5259786300E-02 -1.5261034445E-04  3.7700689948E+01 -3.8046587746E+01  1.1804333242E-01
C7        1.0681992500E-02 -1.3672117417E-04  3.7701065560E+01 -3.8046966804E+01  2.0928761922E-01
C8       -2.2186830900E-02 -1.9549978293E-04  3.7691799379E+01 -3.8037615608E+01  9.6810465299E-02
H9        8.3189676420E-02  3.1576975924E-05  5.8455884129E-01 -5.8992207513E-01  1.4775623092E-01
H10       3.8389524650E-02  2.3921385890E-05  5.9550394000E-01 -6.0096759336E-01  1.4933885512E-01
H11       3.9972276410E-02  2.3813840999E-05  5.9978838835E-01 -6.0529135085E-01  1.4987292251E-01
H12       7.4306251330E-02  2.9195092447E-05  5.8183030144E-01 -5.8716850136E-01  1.4207141970E-01
H13       3.9811863480E-02  2.0451260671E-05  5.9548119891E-01 -6.0094464363E-01  1.4730346974E-01
H14       6.6425021290E-02  2.2292725589E-05  5.8805005002E-01 -5.9344531515E-01  1.2543779358E-01
F15      -6.4733172010E-01  4.0581480529E-05  9.9552422810E+01 -1.0046580036E+02  2.9925109652E-01
H16       4.4574854230E-02  2.8894235198E-05  5.9395711152E-01 -5.9940657299E-01  1.4767364349E-01
--------------------------------------------------------------------------------------------------
Total    -4.3036197000E-04 -4.6218184944E-04  3.3077347329E+02 -3.3380826698E+02
 
1st Largest |L(A)| = 3.3029848676E-04, atom C1      
2nd Largest |L(A)| = 1.9549978293E-04, atom C8      
 
Molecular charge q(Mol) from the wfn file:   0.0000000000E+00
Molecular energy E(Mol) from the wfn file:  -3.3380839653E+02
Molecular virial ratio (-V(Mol)/T(Mol)) from the wfn file:   2.0091748400E+00
Note.  K_Scaled(A) = (1+V(Mol)/T(Mol))*K(A) = (E(Mol)/T(Mol))*K(A)
       Only use K_Scaled(A) data with caution.
 
N_AIMInt(SumA)     =         54.000430
N_Analytic(Mol)    =         53.999991
 
G_AIMInt(SumA)     =        330.773935
G_Analytic(Mol)    =        330.773580
 
K_AIMInt(SumA)     =        330.773473
K_Analytic(Mol)    =        330.773580
 
L_AIMInt(SumA)     =         -0.000462
L_Analytic(Mol)    =          0.000000
 
VenT_AIMInt(SumA)  =      -1289.809694
VenT_Analytic(Mol) =      -1289.805889
 
Some Information About the Atomic Calculations:
----------------------------------------------
  Time(sec) = "Elapsed User Time", in Seconds, for Atom A by AIMInt and, if used, by TWOe
  NProc = Number of Processors Used for AIMInt Job
  BIM = Basin Integration Method
  OAQ = Angular Quadrature Outside of Beta Sphere
  ORQ = Multiple of Default for Radial Quadrature Outside of Beta Sphere
  IAQ = Multiple of Default for Angular Quadrature Inside of Beta Sphere
  IRQ = Multiple of Default for Radial Quadrature Inside of Beta Sphere
  MIR = Maximum Integration Radius
------------------------------------------------------------------------------------------------------
Atom A     Time(sec)   NProc      BIM          OAQ                     ORQ      IAQ      IRQ      MIR
------------------------------------------------------------------------------------------------------
C1             23        8     Proaim(5)    4500(GS4)                  1.00     1.00     1.00    13.00
C2             18        8     Proaim(5)    4500(GS4)                  1.00     1.00     1.00    13.00
H3              4        8     Proaim(5)    1800(GS4)                  1.00     1.00     1.00    13.00
H4              4        8     Proaim(5)    1800(GS4)                  1.00     1.00     1.00    13.00
C5             20        8     Proaim(5)    4500(GS4)                  1.00     1.00     1.00    13.00
C6             17        8     Proaim(5)    4500(GS4)                  1.00     1.00     1.00    13.00
C7             22        8     Proaim(5)    4500(GS4)                  1.00     1.00     1.00    13.00
C8             18        8     Proaim(5)    4500(GS4)                  1.00     1.00     1.00    13.00
H9              5        8     Proaim(5)    1800(GS4)                  1.00     1.00     1.00    13.00
H10             5        8     Proaim(5)    1800(GS4)                  1.00     1.00     1.00    13.00
H11             4        8     Proaim(5)    1800(GS4)                  1.00     1.00     1.00    13.00
H12            12        8     Proaim(5)    4500(GS4)                  1.00     1.00     1.00    13.00
H13             5        8     Proaim(5)    1800(GS4)                  1.00     1.00     1.00    13.00
H14             8        8     Proaim(5)    4500(GS4)                  1.00     1.00     1.00    13.00
F15            11        8     Proaim(5)    4500(GS4)                  1.00     1.00     1.00    13.00
H16             4        8     Proaim(5)    1800(GS4)                  1.00     1.00     1.00    13.00
------------------------------------------------------------------------------------------------------
Total         180
Note:  Total wall clock time is less than total of atomic times if more than one atom
       was calculated at a time
 
Electron Density Critical Point Analysis of Molecular Structure:               
---------------------------------------------------------------                
  NACP = Nuclear Attractor Critical Point                                      
  NNACP = Non-Nuclear Attractor Critical Point                                 
  BCP = Bond Critical Point                                                    
  RCP = Ring Critical Point                                                    
  CCP = Cage Critical Point                                                    
  Rho = Electron Density                                                       
  GradRho = Gradient of Electron Density                                       
  HessRho_EigVals = Eigenvalues of the Hessian of Rho, Ascending Order         
  HessRho_EigVecs = Eigenvectors of the Hessian of Rho                         
  DelSqRho = Laplacian of Rho = Trace of Hessian of Rho                        
  Bond Ellipticity = (HessRho_EigVal(1) / HessRho_EigVal(2)) - 1               
  V = Virial Field = Potential Energy Density = Trace of Stress Tensor         
  G = Lagrangian Form of Kinetic Energy Density                                
  K = Hamiltonian Form of Kinetic Energy Density                               
  L = K - G = Lagrangian Density = (-1/4)DelSqRho                              
  Vnuc = Electrostatic Potential from Nuclei                                   
  Ven = Electron-nuclear attractive contribution to Virial Field V             
  Vrep = V - Ven = Repulsive contribution to Virial Field V                    
  DelSqV = Laplacian of V                                                      
  DelSqVen = Laplacian of Ven                                                  
  DelSqVrep = Laplacian of Vrep                                                
  DelSqG = Laplacian of G                                                      
  DelSqK = Laplacian of K                                                      
  Stress_EigVals = Eigenvalues of Stress Tensor, Ascending Order               
  Stress_EigVecs = Eigenvectors of Stress Tensor                               
  -DivStress = Ehrenfest Force Density = Minus Divergence of Stress Tensor     
  ESP = Total Electrostatic Potential                                          
  ESPe = Electrostatic Potential from Electrons                                
  ESPn = Electrostatic Potential from Nuclei                                   
  BP = Bond Path                                                               
  BPL = Bond Path Length                                                       
  GBL = Geometric Bond Length                                                  
  GBL_I = Distance Between Nuclear Attractors                                  
  GBL_II = Distance Between Nuclei                                             
  GBL_III = Sum of Distances Between BCP and Nuclear Attractors                
  GBL_IV = Sum of Distances Between BCP and Nuclei                             

CP# 1      Coords = -5.86287315123118E+00 -2.19179205558610E-01  7.38356933609081E-01
           Type = (3,-3) NACP C1
           Rho =  1.1768906102E+02     Rho at Nucleus =  1.1768906097E+02
           GradRho =  1.5920808183E-11  6.1646139013E-11  1.0785261811E-10
           HessRho_EigVals = -1.4502126757E+05 -1.4502013268E+05 -1.4501994816E+05
           HessRho_EigVec1 =  7.1648201925E-01 -5.1919562312E-01  4.6592855785E-01
           HessRho_EigVec2 = -6.3891791429E-01 -2.2024441347E-01  7.3707278958E-01
           HessRho_EigVec3 = -2.8006680433E-01 -8.2578950300E-01 -4.8952454672E-01
           DelSqRho = -4.3506134841E+05
           Bond Ellipticity = NA
           V = -1.0877553049E+05
           G =  5.0966956547E+00
           K =  1.0877043380E+05
           L =  1.0876533710E+05
           Vnuc =  7.2700183816E+06
           Ven = -8.5560163690E+08
           Vrep =  8.5549286137E+08
           DelSqV =  2.4955385669E+09
           DelSqVen =  3.1629036749E+12
           DelSqVrep = -3.1604081363E+12
           DelSqG =  1.3404864312E+08
           DelSqK = -2.6295872100E+09
           Stress_EigVals = -3.6258775328E+04 -3.6258666432E+04 -3.6258088733E+04
           Stress_EigVec1 =  1.9761677239E-01  7.9326642071E-01  5.7591318534E-01
           Stress_EigVec2 =  6.6942638981E-01  3.1997272913E-01 -6.7043699274E-01
           Stress_EigVec3 =  7.1611166719E-01 -5.1802107910E-01  4.6780149819E-01
           -DivStress =  7.5708182776E+01 -3.2811380347E+02 -5.7938826047E+02
           ESP =  -1.4748492964E+01     ESP at Nucleus =  -1.4748492975E+01
           ESPe = -2.3154691955E+01     ESPe at Nucleus = -2.3154692616E+01
           ESPn =  8.4061989906E+00     ESPn at Nucleus =  8.4061996406E+00

CP# 2      Coords = -6.13166715029146E+00 -2.10082949306744E+00 -9.12348347217398E-01
           Type = (3,-3) NACP C2
           Rho =  1.1767854477E+02     Rho at Nucleus =  1.1767854469E+02
           GradRho =  7.5582071526E-12 -2.0586733815E-10 -1.5976822401E-10
           HessRho_EigVals = -1.4500567702E+05 -1.4500465190E+05 -1.4500443294E+05
           HessRho_EigVec1 =  7.2189076976E-01 -5.1073206591E-01  4.6693305022E-01
           HessRho_EigVec2 =  6.8544420704E-01  4.3502688430E-01 -5.8388170803E-01
           HessRho_EigVec3 =  9.5078680978E-02  7.4155537001E-01  6.6412022830E-01
           DelSqRho = -4.3501476186E+05
           Bond Ellipticity = NA
           V = -1.0876387345E+05
           G =  5.0914940753E+00
           K =  1.0875878196E+05
           L =  1.0875369046E+05
           Vnuc =  5.7551278952E+06
           Ven = -6.7725507568E+08
           Vrep =  6.7714631181E+08
           DelSqV =  2.4952695336E+09
           DelSqVen =  2.5035656069E+12
           DelSqVrep = -2.5010703374E+12
           DelSqG =  1.3403175295E+08
           DelSqK = -2.6293012865E+09
           Stress_EigVals = -3.6254889552E+04 -3.6254764971E+04 -3.6254218929E+04
           Stress_EigVec1 =  1.0238930327E-01  7.4459026561E-01  6.5962244271E-01
           Stress_EigVec2 =  6.8580352670E-01  4.2748712366E-01 -5.8900618152E-01
           Stress_EigVec3 =  7.2054836988E-01 -5.1267933005E-01  4.6687252136E-01
           -DivStress =  8.2359733365E+01  6.5157926759E+02  5.3421406626E+02
           ESP =  -1.4746098573E+01     ESP at Nucleus =  -1.4746098589E+01
           ESPe = -2.2728295539E+01     ESPe at Nucleus = -2.2728296608E+01
           ESPn =  7.9821969662E+00     ESPn at Nucleus =  7.9821980198E+00

CP# 3      Coords = -6.93109215088614E+00 -1.52930180976961E-01  2.45259202722900E+00
           Type = (3,-3) NACP H3
           Rho =  4.2586525195E-01     Rho at Nucleus =  4.2219871966E-01
           GradRho =  9.3519230581E-15 -3.2178739315E-16 -9.9028885559E-15
           HessRho_EigVals = -6.4847846965E+00 -6.4786883394E+00 -5.8870410793E+00
           HessRho_EigVec1 =  4.4954957314E-01  8.5815480724E-01  2.4794255001E-01
           HessRho_EigVec2 =  7.1969153487E-01 -5.1238147286E-01  4.6851821833E-01
           HessRho_EigVec3 = -5.2910233030E-01  3.2180010676E-02  8.4794762279E-01
           DelSqRho = -1.8850514115E+01
           Bond Ellipticity = NA
           V = -4.7216423451E+00
           G =  4.5069081538E-03
           K =  4.7171354370E+00
           L =  4.7126285288E+00
           Vnuc =  3.7784121411E+01
           Ven = -1.6090944384E+01
           Vrep =  1.1369302039E+01
           DelSqV =  7.0988162886E+02
           DelSqVen =  7.1225011399E+02
           DelSqVrep = -2.3684851268E+00
           DelSqG =  6.9865890505E+01
           DelSqK = -7.7974751936E+02
           Stress_EigVals = -1.6245338868E+00 -1.6237456080E+00 -1.4733628503E+00
           Stress_EigVec1 =  4.5800744048E-01  8.5272624459E-01  2.5117152756E-01
           Stress_EigVec2 =  7.1501258053E-01 -5.2126442725E-01  4.6587595620E-01
           Stress_EigVec3 = -5.2819143703E-01  3.3783852203E-02  8.4845297877E-01
           -DivStress = -4.1624265803E+00  2.6030724439E-01  6.6788431988E+00
           ESP =  -1.1129248819E+00     ESP at Nucleus =  -1.1153617854E+00
           ESPe = -1.0190427895E+01     ESPe at Nucleus = -1.0116976829E+01
           ESPn =  9.0775030135E+00     ESPn at Nucleus =  9.0016150439E+00

CP# 4      Coords = -7.42400091183052E+00 -3.62249609360619E+00 -6.01161382111099E-01
           Type = (3,-3) NACP H4
           Rho =  4.2578117673E-01     Rho at Nucleus =  4.2210869745E-01
           GradRho =  8.6114536319E-16  5.6661294919E-16 -5.3364356814E-16
           HessRho_EigVals = -6.4821686344E+00 -6.4756491534E+00 -5.8836937791E+00
           HessRho_EigVec1 = -2.7001497444E-01  4.1000815826E-01  8.7119758019E-01
           HessRho_EigVec2 =  7.1915395422E-01 -5.1576409818E-01  4.6562322231E-01
           HessRho_EigVec3 =  6.4024175411E-01  7.5225042717E-01 -1.5559495849E-01
           DelSqRho = -1.8841511567E+01
           Bond Ellipticity = NA
           V = -4.7194161172E+00
           G =  4.5191127223E-03
           K =  4.7148970045E+00
           L =  4.7103778917E+00
           Vnuc =  3.7300468402E+01
           Ven = -1.5881837329E+01
           Vrep =  1.1162421212E+01
           DelSqV =  7.0949473948E+02
           DelSqVen =  7.0279720685E+02
           DelSqVrep =  6.6975326294E+00
           DelSqG =  6.9813672062E+01
           DelSqK = -7.7930841155E+02
           Stress_EigVals = -1.6238128729E+00 -1.6230784739E+00 -1.4725247704E+00
           Stress_EigVec1 = -2.7181692593E-01  4.0910108786E-01  8.7106363642E-01
           Stress_EigVec2 =  7.1898410484E-01 -5.1531540344E-01  4.6638170200E-01
           Stress_EigVec3 =  6.3966977087E-01  7.5305134944E-01 -1.5406573060E-01
           -DivStress = -5.0428087293E+00 -5.9283191022E+00  1.2239644748E+00
           ESP =  -1.1117746446E+00     ESP at Nucleus =  -1.1142151475E+00
           ESPe = -9.7362030806E+00     ESPe at Nucleus = -9.6632394174E+00
           ESPn =  8.6244284360E+00     ESPn at Nucleus =  8.5490242699E+00

CP# 5      Coords =  1.64374167093671E+00  2.16174190567086E+00  1.83702314365670E-02
           Type = (3,-3) NACP C5
           Rho =  1.1765078015E+02     Rho at Nucleus =  1.1765077395E+02
           GradRho =  6.2675283800E-12  6.2139252077E-12 -2.0741741658E-13
           HessRho_EigVals = -1.4495216790E+05 -1.4495053439E+05 -1.4494954179E+05
           HessRho_EigVec1 =  8.9196682910E-01 -4.4575550818E-01  7.5479816568E-02
           HessRho_EigVec2 = -3.7237685611E-02  9.3949712861E-02  9.9488029743E-01
           HessRho_EigVec3 =  4.5056467965E-01  8.9021091792E-01 -6.7201124003E-02
           DelSqRho = -4.3485224408E+05
           Bond Ellipticity = NA
           V = -1.0872297835E+05
           G =  4.9586654518E+00
           K =  1.0871801969E+05
           L =  1.0871306102E+05
           Vnuc =  6.4877472750E+05
           Ven = -7.6328852834E+07
           Vrep =  7.6220129855E+07
           DelSqV =  2.4943144009E+09
           DelSqVen =  2.8212114573E+11
           DelSqVrep = -2.7962683133E+11
           DelSqG =  1.3396146450E+08
           DelSqK = -2.6282758654E+09
           Stress_EigVals = -3.6241491854E+04 -3.6240862370E+04 -3.6240624126E+04
           Stress_EigVec1 =  4.3198147149E-01  8.9579767779E-01 -1.0458742165E-01
           Stress_EigVec2 = -9.9455650530E-03  1.2069019876E-01  9.9264039897E-01
           Stress_EigVec3 =  9.0182764098E-01 -4.2776207920E-01  6.1045143732E-02
           -DivStress =  6.0333125871E+03 -4.3399763477E+03  9.9444888425E+02
           ESP =  -1.4657091106E+01     ESP at Nucleus =  -1.4657091487E+01
           ESPe = -2.6009255145E+01     ESPe at Nucleus = -2.6009252099E+01
           ESPn =  1.1352164039E+01     ESPn at Nucleus =  1.1352160612E+01

CP# 6      Coords =  6.08757222059359E+00 -1.48926898727890E+00 -5.69521753751457E-01
           Type = (3,-3) NACP C6
           Rho =  1.1767280402E+02     Rho at Nucleus =  1.1767280397E+02
           GradRho =  1.8828433257E-10  6.5890987111E-11 -2.4025559320E-11
           HessRho_EigVals = -1.4499944300E+05 -1.4499856558E+05 -1.4499842304E+05
           HessRho_EigVec1 =  2.9279981676E-01  6.8623070679E-01  6.6584959590E-01
           HessRho_EigVec2 =  3.0701834165E-01 -7.2696829901E-01  6.1421236565E-01
           HessRho_EigVec3 =  9.0554293393E-01  2.4586770607E-02 -4.2354159833E-01
           DelSqRho = -4.3499643163E+05
           Bond Ellipticity = NA
           V = -1.0875934705E+05
           G =  5.1195737473E+00
           K =  1.0875422748E+05
           L =  1.0874910791E+05
           Vnuc =  6.7931500606E+06
           Ven = -7.9936901577E+08
           Vrep =  7.9926025642E+08
           DelSqV =  2.4951665775E+09
           DelSqVen =  2.9549968753E+12
           DelSqVrep = -2.9525017087E+12
           DelSqG =  1.3402714925E+08
           DelSqK = -2.6291937268E+09
           Stress_EigVals = -3.6253351384E+04 -3.6253253885E+04 -3.6252741784E+04
           Stress_EigVec1 =  8.9086998717E-01  6.0606346817E-02 -4.5019721976E-01
           Stress_EigVec2 =  3.3801106328E-01 -7.5054367714E-01  5.6783158578E-01
           Stress_EigVec3 =  3.0347847874E-01  6.5803575847E-01  6.8912245176E-01
           -DivStress = -6.6756727627E+02 -2.2757731889E+02  1.3481607877E+02
           ESP =  -1.4741295442E+01     ESP at Nucleus =  -1.4741295453E+01
           ESPe = -2.3379628597E+01     ESPe at Nucleus = -2.3379629683E+01
           ESPn =  8.6383331552E+00     ESPn at Nucleus =  8.6383342293E+00

CP# 7      Coords =  1.61808685733876E+00 -3.23562563201371E-01  4.29885514512162E-01
           Type = (3,-3) NACP C7
           Rho =  1.1764189347E+02     Rho at Nucleus =  1.1764189336E+02
           GradRho =  3.1344420429E-10 -1.9087131962E-10  4.9612900593E-11
           HessRho_EigVals = -1.4495884344E+05 -1.4495832511E+05 -1.4495812280E+05
           HessRho_EigVec1 =  1.0419398819E-01  1.3498104105E-01  9.8535462214E-01
           HessRho_EigVec2 = -6.9621677091E-01  7.1740803638E-01 -2.4655977715E-02
           HessRho_EigVec3 =  7.1022941415E-01  6.8345140858E-01 -1.6872566900E-01
           DelSqRho = -4.3487529134E+05
           Bond Ellipticity = NA
           V = -1.0872923557E+05
           G =  5.2063650561E+00
           K =  1.0872402920E+05
           L =  1.0871882284E+05
           Vnuc =  5.0584172034E+06
           Ven = -5.9508177776E+08
           Vrep =  5.9497304852E+08
           DelSqV =  2.4944743083E+09
           DelSqVen =  2.1997805896E+12
           DelSqVrep = -2.1972861153E+12
           DelSqG =  1.3398753810E+08
           DelSqK = -2.6284618464E+09
           Stress_EigVals = -3.6243276744E+04 -3.6243189375E+04 -3.6242769447E+04
           Stress_EigVec1 =  3.7997370424E-01  9.0959016493E-01 -1.6812410875E-01
           Stress_EigVec2 =  9.2351623365E-01 -3.8332770290E-01  1.3328104689E-02
           Stress_EigVec3 =  5.2323515468E-02  1.6032967301E-01  9.8567573049E-01
           -DivStress = -8.1493088848E+02  5.0926127186E+02 -1.2580562853E+02
           ESP =  -1.4733368424E+01     ESP at Nucleus =  -1.4733368429E+01
           ESPe = -2.5944382914E+01     ESPe at Nucleus = -2.5944383058E+01
           ESPn =  1.1211014491E+01     ESPn at Nucleus =  1.1211014628E+01

CP# 8      Coords =  3.91835033722559E+00 -1.85026403773161E+00  6.84127243297280E-01
           Type = (3,-3) NACP C8
           Rho =  1.1764655058E+02     Rho at Nucleus =  1.1764655027E+02
           GradRho = -1.8316608976E-09  5.9269189903E-10  3.1248981180E-10
           HessRho_EigVals = -1.4495881987E+05 -1.4495802473E+05 -1.4495758605E+05
           HessRho_EigVec1 =  3.3049366379E-01  5.7220449646E-01  7.5057041803E-01
           HessRho_EigVec2 = -6.8040112015E-01  6.9558399303E-01 -2.3068858734E-01
           HessRho_EigVec3 =  6.5408581539E-01  4.3444783676E-01 -6.1921468268E-01
           DelSqRho = -4.3487443066E+05
           Bond Ellipticity = NA
           V = -1.0872881695E+05
           G =  5.1046437241E+00
           K =  1.0872371231E+05
           L =  1.0871860766E+05
           Vnuc =  2.9204218470E+06
           Ven = -3.4357755653E+08
           Vrep =  3.4346882771E+08
           DelSqV =  2.4944601964E+09
           DelSqVen =  1.2700167700E+12
           DelSqVrep = -1.2675222935E+12
           DelSqG =  1.3398097776E+08
           DelSqK = -2.6284411741E+09
           Stress_EigVals = -3.6243217352E+04 -3.6243030551E+04 -3.6242569048E+04
           Stress_EigVec1 =  7.1673413453E-01  3.5829679733E-01 -5.9826046620E-01
           Stress_EigVec2 = -6.1472196175E-01  7.2969144197E-01 -2.9944500207E-01
           Stress_EigVec3 =  3.2925535703E-01  5.8238630182E-01  7.4324767428E-01
           -DivStress =  1.5683671005E+03 -5.0602645922E+02 -2.5145764677E+02
           ESP =  -1.4726295268E+01     ESP at Nucleus =  -1.4726295294E+01
           ESPe = -2.4830132826E+01     ESPe at Nucleus = -2.4830132055E+01
           ESPn =  1.0103837558E+01     ESPn at Nucleus =  1.0103836761E+01

CP# 9      Coords =  3.28335067912025E+00  3.32614741859233E+00 -1.06518197108742E-01
           Type = (3,-3) NACP H9
           Rho =  4.2932598374E-01     Rho at Nucleus =  4.2530466505E-01
           GradRho = -2.2134566722E-14 -1.3983002852E-14  1.5337123932E-15
           HessRho_EigVals = -6.5684033555E+00 -6.5553169542E+00 -5.9168844490E+00
           HessRho_EigVec1 = -5.7265875877E-01  8.0416902640E-01 -1.5929257043E-01
           HessRho_EigVec2 = -4.2579474818E-02  1.6486924458E-01  9.8539592069E-01
           HessRho_EigVec3 =  8.1868732391E-01  5.7107819883E-01 -6.0172722151E-02
           DelSqRho = -1.9040604759E+01
           Bond Ellipticity = NA
           V = -4.7683323458E+00
           G =  4.0905780424E-03
           K =  4.7642417677E+00
           L =  4.7601511897E+00
           Vnuc =  3.8755388601E+01
           Ven = -1.6638695337E+01
           Vrep =  1.1870362991E+01
           DelSqV =  7.1598828246E+02
           DelSqVen =  7.3792603663E+02
           DelSqVrep = -2.1937754173E+01
           DelSqG =  7.0738261588E+01
           DelSqK = -7.8672654404E+02
           Stress_EigVals = -1.6441215554E+00 -1.6430152861E+00 -1.4811955042E+00
           Stress_EigVec1 = -5.7364517466E-01  8.0979052272E-01 -1.2316867662E-01
           Stress_EigVec2 = -2.2443191104E-02  1.3477458653E-01  9.9062208435E-01
           Stress_EigVec3 =  8.1879638297E-01  5.7102987674E-01 -5.9138507775E-02
           -DivStress =  6.7764559176E+00  4.7595129800E+00 -4.9928041220E-01
           ESP =  -1.0774147652E+00     ESP at Nucleus =  -1.0800965050E+00
           ESPe = -1.2318302536E+01     ESPe at Nucleus = -1.2228331893E+01
           ESPn =  1.1240887771E+01     ESPn at Nucleus =  1.1148235388E+01

CP# 10     Coords =  6.28437189454188E+00 -5.01836472924657E-02 -1.97281161690753E+00
           Type = (3,-3) NACP H10
           Rho =  4.2505838284E-01     Rho at Nucleus =  4.2138241194E-01
           GradRho = -1.2818522285E-15 -1.6450057462E-16 -3.0880788378E-16
           HessRho_EigVals = -6.4717860714E+00 -6.4651735830E+00 -5.8740531982E+00
           HessRho_EigVec1 =  9.5942653864E-01 -2.5255282692E-01 -1.2537059691E-01
           HessRho_EigVec2 =  2.6494583568E-01  6.5539986423E-01  7.0728687399E-01
           HessRho_EigVec3 =  9.6459427274E-02  7.1180621491E-01 -6.9572084294E-01
           DelSqRho = -1.8811012853E+01
           Bond Ellipticity = NA
           V = -4.7121418865E+00
           G =  4.6943366727E-03
           K =  4.7074475498E+00
           L =  4.7027532131E+00
           Vnuc =  3.8572707490E+01
           Ven = -1.6395652668E+01
           Vrep =  1.1683510781E+01
           DelSqV =  7.0836405388E+02
           DelSqVen =  7.2559169636E+02
           DelSqVrep = -1.7227642484E+01
           DelSqG =  6.9715009702E+01
           DelSqK = -7.7807906358E+02
           Stress_EigVals = -1.6212403975E+00 -1.6207252828E+00 -1.4701762062E+00
           Stress_EigVec1 =  9.2744503141E-01 -3.1885631288E-01 -1.9538773108E-01
           Stress_EigVec2 =  3.6103163741E-01  6.2725537508E-01  6.9007742408E-01
           Stress_EigVec3 =  9.7477538495E-02  7.1055003073E-01 -6.9686209778E-01
           -DivStress =  7.6198422538E-01  5.6019196471E+00 -5.4846793420E+00
           ESP =  -1.1039210193E+00     ESP at Nucleus =  -1.1063671516E+00
           ESPe = -1.1036751512E+01     ESPe at Nucleus = -1.0969988219E+01
           ESPn =  9.9328304930E+00     ESPn at Nucleus =  9.8636210678E+00

CP# 11     Coords =  3.79495007080498E+00 -3.39449911637776E+00  1.98923211088447E+00
           Type = (3,-3) NACP H11
           Rho =  4.2830786401E-01     Rho at Nucleus =  4.2467817495E-01
           GradRho =  1.5202682863E-15  3.3740371608E-16 -1.4649739755E-15
           HessRho_EigVals = -6.5461634482E+00 -6.5383191012E+00 -5.9454359755E+00
           HessRho_EigVec1 =  9.5072839090E-01 -2.3709455022E-01 -1.9975410133E-01
           HessRho_EigVec2 =  3.0508315136E-01  6.0090445034E-01  7.3880857624E-01
           HessRho_EigVec3 =  5.5134358620E-02  7.6334789960E-01 -6.4363047370E-01
           DelSqRho = -1.9029918525E+01
           Bond Ellipticity = NA
           V = -4.7665052299E+00
           G =  4.5127993099E-03
           K =  4.7619924305E+00
           L =  4.7574796312E+00
           Vnuc =  3.9255672486E+01
           Ven = -1.6813513233E+01
           Vrep =  1.2047008003E+01
           DelSqV =  7.1715519841E+02
           DelSqVen =  7.4703224905E+02
           DelSqVrep = -2.9877050649E+01
           DelSqG =  7.0804408717E+01
           DelSqK = -7.8795960712E+02
           Stress_EigVals = -1.6396436669E+00 -1.6385839641E+00 -1.4882775988E+00
           Stress_EigVec1 =  9.1158300373E-01 -3.0225711382E-01 -2.7867017146E-01
           Stress_EigVec2 =  4.0724505674E-01  5.7109566754E-01  7.1274203066E-01
           Stress_EigVec3 =  5.6284021492E-02  7.6321057098E-01 -6.4369381950E-01
           -DivStress = -4.4124555198E-01 -6.0071171390E+00  5.0660969421E+00
           ESP =  -1.1034160356E+00     ESP at Nucleus =  -1.1058491356E+00
           ESPe = -1.1371556042E+01     ESPe at Nucleus = -1.1291392689E+01
           ESPn =  1.0268140006E+01     ESPn at Nucleus =  1.0185543553E+01

CP# 12     Coords = -1.72132919389765E-01 -1.23649528485260E+00  6.46870485473295E-01
           Type = (3,-3) NACP H12
           Rho =  4.2099630900E-01     Rho at Nucleus =  4.1723517109E-01
           GradRho =  1.7137769047E-10  8.6383941450E-11 -2.0397700889E-11
           HessRho_EigVals = -6.4257110480E+00 -6.4192488752E+00 -5.8205707032E+00
           HessRho_EigVec1 = -4.5964389077E-01  8.6900212734E-01 -1.8320151843E-01
           HessRho_EigVec2 =  9.7301824627E-03  2.1119924543E-01  9.7739459906E-01
           HessRho_EigVec3 =  8.8805000829E-01  4.4747087213E-01 -1.0553199216E-01
           DelSqRho = -1.8665530626E+01
           Bond Ellipticity = NA
           V = -4.6757756333E+00
           G =  4.6964883425E-03
           K =  4.6710791449E+00
           L =  4.6663826566E+00
           Vnuc =  4.0236269060E+01
           Ven = -1.6939320762E+01
           Vrep =  1.2263545129E+01
           DelSqV =  7.0266546529E+02
           DelSqVen =  7.5103131274E+02
           DelSqVrep = -4.8365847451E+01
           DelSqG =  6.9321002251E+01
           DelSqK = -7.7198646754E+02
           Stress_EigVals = -1.6095199449E+00 -1.6092122058E+00 -1.4570434826E+00
           Stress_EigVec1 = -4.3462018499E-01  8.9120663688E-01  1.2983075594E-01
           Stress_EigVec2 =  1.5257020346E-01 -6.9215844728E-02  9.8586586301E-01
           Stress_EigVec3 =  8.8759654563E-01  4.4828550860E-01 -1.0588897468E-01
           -DivStress = -7.0503681247E+00 -3.5555209853E+00  8.4005899504E-01
           ESP =  -1.0934991635E+00     ESP at Nucleus =  -1.0960438452E+00
           ESPe = -1.3132891711E+01     ESPe at Nucleus = -1.3062626374E+01
           ESPn =  1.2039392548E+01     ESPn at Nucleus =  1.1966582529E+01

CP# 13     Coords = -5.07096002835292E+00 -2.16628263053507E+00 -2.63079039426585E+00
           Type = (3,-3) NACP H13
           Rho =  4.2541914741E-01     Rho at Nucleus =  4.2173664490E-01
           GradRho = -9.4798758551E-15  1.2904326723E-15  1.1643633377E-14
           HessRho_EigVals = -6.4761735290E+00 -6.4695608773E+00 -5.8771004540E+00
           HessRho_EigVec1 =  4.5310929406E-01  8.5568580098E-01  2.4998755498E-01
           HessRho_EigVec2 =  7.1990364402E-01 -5.1662232245E-01  4.6350848889E-01
           HessRho_EigVec3 = -5.2576678381E-01  3.0053052396E-02  8.5009770208E-01
           DelSqRho = -1.8822834860E+01
           Bond Ellipticity = NA
           V = -4.7147538143E+00
           G =  4.5225496188E-03
           K =  4.7102312647E+00
           L =  4.7057087151E+00
           Vnuc =  3.8138315799E+01
           Ven = -1.6224769791E+01
           Vrep =  1.1510015977E+01
           DelSqV =  7.0873213612E+02
           DelSqVen =  7.1787122014E+02
           DelSqVrep = -9.1390840198E+00
           DelSqG =  6.9735892286E+01
           DelSqK = -7.7846802841E+02
           Stress_EigVals = -1.6223018350E+00 -1.6215804205E+00 -1.4708715588E+00
           Stress_EigVec1 =  4.5165185752E-01  8.5733197639E-01  2.4696656023E-01
           Stress_EigVec2 =  7.2140024301E-01 -5.1379612723E-01  4.6432233312E-01
           Stress_EigVec3 = -5.2496884573E-01  3.1550307677E-02  8.5053647135E-01
           -DivStress =  4.1451413919E+00 -2.3701764326E-01 -6.7040974748E+00
           ESP =  -1.1121183423E+00     ESP at Nucleus =  -1.1145629897E+00
           ESPe = -1.0628057427E+01     ESPe at Nucleus = -1.0566877204E+01
           ESPn =  9.5159390851E+00     ESPn at Nucleus =  9.4523142140E+00

CP# 14     Coords = -4.56499895383030E+00  1.29310381656865E+00  4.25077988304719E-01
           Type = (3,-3) NACP H14
           Rho =  4.2356791404E-01     Rho at Nucleus =  4.1973138292E-01
           GradRho = -2.7432597718E-15 -2.8049792510E-15  6.5022060680E-16
           HessRho_EigVals = -6.4407200039E+00 -6.4341668487E+00 -5.8291716883E+00
           HessRho_EigVec1 = -2.6921592223E-01  4.1432369801E-01  8.6940132303E-01
           HessRho_EigVec2 =  7.1577005026E-01 -5.1790218119E-01  4.6845551108E-01
           HessRho_EigVec3 =  6.4435706123E-01  7.4840711112E-01 -1.5713298081E-01
           DelSqRho = -1.8704058541E+01
           Bond Ellipticity = NA
           V = -4.6851702820E+00
           G =  4.5778233930E-03
           K =  4.6805924586E+00
           L =  4.6760146352E+00
           Vnuc =  3.8721504289E+01
           Ven = -1.6401186800E+01
           Vrep =  1.1716016518E+01
           DelSqV =  7.0345258913E+02
           DelSqVen =  7.2424928302E+02
           DelSqVrep = -2.0796693891E+01
           DelSqG =  6.9177146977E+01
           DelSqK = -7.7262973610E+02
           Stress_EigVals = -1.6134397553E+00 -1.6127112858E+00 -1.4590192410E+00
           Stress_EigVec1 = -2.7036256774E-01  4.1307355518E-01  8.6964033944E-01
           Stress_EigVec2 =  7.1574630160E-01 -5.1788519985E-01  4.6851056713E-01
           Stress_EigVec3 =  6.4390318659E-01  7.4910957662E-01 -1.5563909698E-01
           -DivStress =  5.1723958265E+00  6.0067831896E+00 -1.2601491368E+00
           ESP =  -1.1148611880E+00     ESP at Nucleus =  -1.1173964933E+00
           ESPe = -1.1890602556E+01     ESPe at Nucleus = -1.1848507584E+01
           ESPn =  1.0775741368E+01     ESPn at Nucleus =  1.0731111091E+01

CP# 15     Coords = -5.07724820076249E-01  3.51069536152351E+00 -2.57117405892963E-01
           Type = (3,-3) NACP F15
           Rho =  4.1856132167E+02     Rho at Nucleus =  4.1856128943E+02
           GradRho = -9.2513996680E-12  7.1522511871E-11  2.3931925885E-11
           HessRho_EigVals = -1.1731962051E+06 -1.1731556904E+06 -1.1731510936E+06
           HessRho_EigVec1 =  8.4179451981E-01 -5.2892583492E-01  1.0779354140E-01
           HessRho_EigVec2 = -7.7053681859E-02  7.9905328572E-02  9.9381983708E-01
           HessRho_EigVec3 =  5.3427026544E-01  8.4489798178E-01 -2.6508184684E-02
           DelSqRho = -3.5195029891E+06
           Bond Ellipticity = NA
           V = -8.8010857816E+05
           G =  1.1641544934E+02
           K =  8.7999216271E+05
           L =  8.7987574726E+05
           Vnuc =  1.2139854491E+06
           Ven = -5.0812735407E+08
           Vrep =  5.0724724549E+08
           DelSqV =  4.6316029303E+10
           DelSqVen =  4.2726254203E+12
           DelSqVrep = -4.2263093910E+12
           DelSqG =  2.4670249233E+09
           DelSqK = -4.8783054226E+10
           Stress_EigVals = -2.9337369812E+05 -2.9337255626E+05 -2.9336232378E+05
           Stress_EigVec1 =  5.3413849101E-01  8.4498042236E-01 -2.6535980492E-02
           Stress_EigVec2 = -7.7255110224E-02  8.0044693868E-02  9.9379298394E-01
           Stress_EigVec3 =  8.4185967974E-01 -5.2877304472E-01  1.0803400766E-01
           -DivStress = -9.3910920541E+04  5.9706952319E+04 -1.2902126164E+04
           ESP =  -2.6539602015E+01     ESP at Nucleus =  -2.6539602907E+01
           ESPe = -3.4864416940E+01     ESPe at Nucleus = -3.4864407389E+01
           ESPn =  8.3248149243E+00     ESPn at Nucleus =  8.3248044825E+00

CP# 16     Coords =  7.70240299396959E+00 -2.64838328518316E+00 -2.26764187828464E-01
           Type = (3,-3) NACP H16
           Rho =  4.2529371478E-01     Rho at Nucleus =  4.2158313051E-01
           GradRho = -4.2834659431E-15  3.5556410247E-15 -1.1143429929E-15
           HessRho_EigVals = -6.4754054072E+00 -6.4689461579E+00 -5.8736764078E+00
           HessRho_EigVec1 = -5.2324498709E-01 -5.3033758859E-01  6.6705076690E-01
           HessRho_EigVec2 =  2.9323440848E-01  6.2290705911E-01  7.2525883475E-01
           HessRho_EigVec3 =  8.0014265301E-01 -5.7509028668E-01  1.7041976702E-01
           DelSqRho = -1.8818027973E+01
           Bond Ellipticity = NA
           V = -4.7137958108E+00
           G =  4.6444087962E-03
           K =  4.7091514020E+00
           L =  4.7045069932E+00
           Vnuc =  3.7481462108E+01
           Ven = -1.5940630255E+01
           Vrep =  1.1226834445E+01
           DelSqV =  7.0848161332E+02
           DelSqVen =  7.0532720242E+02
           DelSqVrep =  3.1544108996E+00
           DelSqG =  6.9726486326E+01
           DelSqK = -7.7820809964E+02
           Stress_EigVals = -1.6221153116E+00 -1.6216942210E+00 -1.4699862782E+00
           Stress_EigVec1 = -4.7983271384E-01 -4.4648720661E-01  7.5525475243E-01
           Stress_EigVec2 =  3.5829507990E-01  6.8605290330E-01  6.3321090451E-01
           Stress_EigVec3 =  8.0086528358E-01 -5.7443936861E-01  1.6921645707E-01
           -DivStress =  6.3306178874E+00 -4.5547368205E+00  1.3558320122E+00
           ESP =  -1.1044305611E+00     ESP at Nucleus =  -1.1069126749E+00
           ESPe = -1.0077191745E+01     ESPe at Nucleus = -9.9999652714E+00
           ESPn =  8.9727611835E+00     ESPn at Nucleus =  8.8930525965E+00

