AIMSum (Version 19.02.13, Professional)
Copyright (c) 1997-2019 by Todd A. Keith
AIMSum is a component of the AIMAll package ( http://aim.tkgristmill.com )

TP:  64-bit Linux

Much of the Quantum Theory of Atoms in Molecules (QTAIM) is described in the book:
  "Atoms in Molecules - A Quantum Theory"
  R.F.W. Bader, Oxford University Press, Oxford, 1990

For additional references see:  http://aim.tkgristmill.com/references.html

Wfn File:  /home/mhennefarth/Documents/ML_Diels/summary-pieniazek2006/r_7c-opt/r_7c-opt.wfn
Sum File:  /home/mhennefarth/Documents/ML_Diels/summary-pieniazek2006/r_7c-opt/r_7c-opt.sum

SumViz File:  /home/mhennefarth/Documents/ML_Diels/summary-pieniazek2006/r_7c-opt/r_7c-opt.sumviz

Wfn Title:   Title Card Required                                                           
 
Total memory allocated for AIMSum =        0.763 Megabytes

Atomic units (a.u.) used throughout, except where stated otherwise

Model:  Restricted SCF
 
Restricted, closed-shell, single-determinant wavefunction.
  Number of electrons (from MO Occs)                   =          62.0000000000
  Number of Alpha electrons (from MO Occs)             =          31.0000000000
  Number of Beta electrons (from MO Occs)              =          31.0000000000
  Number of electron pairs (N*(N-1)/2)                 =        1891.0000000000
  Number of electron pairs (from Muller 2EDM)          =        1891.0000000000
 
Nuclear Charges and Cartesian Coordinates:
-------------------------------------------------------------------------------
Atom      Charge                X                  Y                  Z
-------------------------------------------------------------------------------
C1         6.0           7.2654747200E+00  -8.5742410000E-02  -1.3607747300E+00
C2         6.0           6.3365914600E+00  -1.8491169100E+00   1.7725614000E-01
H3         1.0           8.9539725000E+00   9.8655799000E-01  -8.8870453000E-01
H4         1.0           7.2263520000E+00  -2.2959999600E+00   1.9754148100E+00
C5         6.0           6.3011951000E-01   3.6492588900E+00   4.2261557000E-01
C6         6.0          -9.9650048000E-01  -1.6908436600E+00   2.1742418000E+00
C7         6.0          -1.6936808200E+00   2.6539805700E+00   4.0407686000E-01
C8         6.0          -2.2264178000E+00  -5.5690420000E-02   6.9683887000E-01
H9         1.0           2.3176401700E+00   2.4880968300E+00   5.7043836000E-01
H10        1.0           5.2728298000E-01  -1.0229078400E+00   3.3731759800E+00
H11        1.0           9.0452521000E-01   5.6773307200E+00   2.6329523000E-01
H12        1.0          -3.3340901300E+00   3.8656313300E+00   1.3941257000E-01
H13        1.0           4.6522112400E+00  -2.9241291600E+00  -3.0134621000E-01
H14        1.0           6.3823100100E+00   3.5093366000E-01  -3.1640747300E+00
Cl15      17.0          -4.8258711800E+00  -1.1280939600E+00  -1.1352426100E+00
H16        1.0          -1.4839133700E+00  -3.6789925200E+00   2.2459858200E+00
 
Some Atomic Properties:
----------------------
  q(A) = Net Charge of Atom A
  L(A) = Lagrangian of Atom A = -(1/4) Times Atomic Integral of the Laplacian of the Electron Density
  K(A) = Electronic Kinetic Energy of Atom A (Hamiltonian Form)
  K_Scaled(A) = K(A) * E(Mol)/K(Mol) = Approximation to Virial-Based Total Energy of Atom A.
  |Mu_Intra(A)| = Magnitude of Intraatomic Dipole Moment of Atom A
--------------------------------------------------------------------------------------------------
Atom A          q(A)              L(A)              K(A)          K_Scaled(A)      |Mu_Intra(A)|
--------------------------------------------------------------------------------------------------
C1       -8.2949783600E-02  2.9490243015E-05  3.7694312028E+01 -3.7901821101E+01  9.2734450522E-02
C2       -8.5116241100E-02  2.4390937339E-05  3.7695209517E+01 -3.7902723530E+01  9.5986211056E-02
H3        4.1523720160E-02  2.8370573547E-05  5.9510800190E-01 -5.9838410121E-01  1.4669189783E-01
H4        4.0212802750E-02  2.0632609226E-05  5.9554378522E-01 -5.9882228353E-01  1.4700113982E-01
C5       -7.3997425900E-02 -4.8568729116E-05  3.7703915870E+01 -3.7911477812E+01  1.4094423682E-01
C6       -3.0966629900E-02 -1.3412333864E-04  3.7688286418E+01 -3.7895762319E+01  2.4561868995E-01
C7       -6.5869691000E-03 -4.6946836298E-05  3.7702781227E+01 -3.7910336923E+01  1.5242537674E-01
C8        2.6400735400E-02 -1.7110505741E-04  3.7655857646E+01 -3.7863155026E+01  2.3488624784E-01
H9        6.6423824660E-02  5.1739202174E-06  5.8383341245E-01 -5.8704744457E-01  1.4172266834E-01
H10       6.6501995070E-02  2.8431495187E-05  5.8412398597E-01 -5.8733961772E-01  1.4375823249E-01
H11       5.1054899840E-02  2.1415330823E-05  5.9145296063E-01 -5.9470893875E-01  1.4601383693E-01
H12       5.8567367860E-02  1.5526414261E-05  5.9236000530E-01 -5.9562097675E-01  1.4729840041E-01
H13       4.7149085720E-02  3.3971746553E-05  5.9265657095E-01 -5.9591917501E-01  1.4429539334E-01
H14       4.5103225240E-02  2.0981074050E-05  5.9360737945E-01 -5.9687521775E-01  1.4599506924E-01
Cl15     -2.3455318600E-01  9.8611876461E-06  4.5892030632E+02 -4.6144668555E+02  1.7544249711E-01
H16       7.1187021490E-02  2.3146201141E-05  5.8301090551E-01 -5.8622040970E-01  1.4332856039E-01
--------------------------------------------------------------------------------------------------
Total    -4.5557409999E-05 -1.3935222846E-04  6.9037236603E+02 -6.9417290043E+02
 
1st Largest |L(A)| = 1.7110505741E-04, atom C8      
2nd Largest |L(A)| = 1.3412333864E-04, atom C6      
 
Molecular charge q(Mol) from the wfn file:   0.0000000000E+00
Molecular energy E(Mol) from the wfn file:  -6.9417294896E+02
Molecular virial ratio (-V(Mol)/T(Mol)) from the wfn file:   2.0055050500E+00
Note.  K_Scaled(A) = (1+V(Mol)/T(Mol))*K(A) = (E(Mol)/T(Mol))*K(A)
       Only use K_Scaled(A) data with caution.
 
N_AIMInt(SumA)     =         62.000046
N_Analytic(Mol)    =         61.999992
 
G_AIMInt(SumA)     =        690.372505
G_Analytic(Mol)    =        690.372405
 
K_AIMInt(SumA)     =        690.372366
K_Analytic(Mol)    =        690.372405
 
L_AIMInt(SumA)     =         -0.000139
L_Analytic(Mol)    =          0.000000
 
VenT_AIMInt(SumA)  =      -2242.937084
VenT_Analytic(Mol) =      -2242.935656
 
Some Information About the Atomic Calculations:
----------------------------------------------
  Time(sec) = "Elapsed User Time", in Seconds, for Atom A by AIMInt and, if used, by TWOe
  NProc = Number of Processors Used for AIMInt Job
  BIM = Basin Integration Method
  OAQ = Angular Quadrature Outside of Beta Sphere
  ORQ = Multiple of Default for Radial Quadrature Outside of Beta Sphere
  IAQ = Multiple of Default for Angular Quadrature Inside of Beta Sphere
  IRQ = Multiple of Default for Radial Quadrature Inside of Beta Sphere
  MIR = Maximum Integration Radius
------------------------------------------------------------------------------------------------------
Atom A     Time(sec)   NProc      BIM          OAQ                     ORQ      IAQ      IRQ      MIR
------------------------------------------------------------------------------------------------------
C1             27        8     Proaim(5)    4500(GS4)                  1.00     1.00     1.00    13.00
C2             21        8     Proaim(5)    4500(GS4)                  1.00     1.00     1.00    13.00
H3              7        8     Proaim(5)    1800(GS4)                  1.00     1.00     1.00    13.00
H4              4        8     Proaim(5)    1800(GS4)                  1.00     1.00     1.00    13.00
C5             20        8     Proaim(5)    4500(GS4)                  1.00     1.00     1.00    13.00
C6             30        8     Proaim(5)    4500(GS4)                  1.00     1.00     1.00    13.00
C7             22        8     Proaim(5)    4500(GS4)                  1.00     1.00     1.00    13.00
C8             26        8     Proaim(5)    4500(GS4)                  1.00     1.00     1.00    13.00
H9             13        8     Proaim(5)    4500(GS4)                  1.00     1.00     1.00    13.00
H10             7        8     Proaim(5)    1800(GS4)                  1.00     1.00     1.00    13.00
H11             4        8     Proaim(5)    1800(GS4)                  1.00     1.00     1.00    13.00
H12             5        8     Proaim(5)    1800(GS4)                  1.00     1.00     1.00    13.00
H13            14        8     Proaim(5)    4500(GS4)                  1.00     1.00     1.00    13.00
H14             5        8     Proaim(5)    1800(GS4)                  1.00     1.00     1.00    13.00
Cl15           11        8     Proaim(5)    3150(GS4)                  1.00     1.00     1.00    13.00
H16             5        8     Proaim(5)    1800(GS4)                  1.00     1.00     1.00    13.00
------------------------------------------------------------------------------------------------------
Total         221
Note:  Total wall clock time is less than total of atomic times if more than one atom
       was calculated at a time
 
Electron Density Critical Point Analysis of Molecular Structure:               
---------------------------------------------------------------                
  NACP = Nuclear Attractor Critical Point                                      
  NNACP = Non-Nuclear Attractor Critical Point                                 
  BCP = Bond Critical Point                                                    
  RCP = Ring Critical Point                                                    
  CCP = Cage Critical Point                                                    
  Rho = Electron Density                                                       
  GradRho = Gradient of Electron Density                                       
  HessRho_EigVals = Eigenvalues of the Hessian of Rho, Ascending Order         
  HessRho_EigVecs = Eigenvectors of the Hessian of Rho                         
  DelSqRho = Laplacian of Rho = Trace of Hessian of Rho                        
  Bond Ellipticity = (HessRho_EigVal(1) / HessRho_EigVal(2)) - 1               
  V = Virial Field = Potential Energy Density = Trace of Stress Tensor         
  G = Lagrangian Form of Kinetic Energy Density                                
  K = Hamiltonian Form of Kinetic Energy Density                               
  L = K - G = Lagrangian Density = (-1/4)DelSqRho                              
  Vnuc = Electrostatic Potential from Nuclei                                   
  Ven = Electron-nuclear attractive contribution to Virial Field V             
  Vrep = V - Ven = Repulsive contribution to Virial Field V                    
  DelSqV = Laplacian of V                                                      
  DelSqVen = Laplacian of Ven                                                  
  DelSqVrep = Laplacian of Vrep                                                
  DelSqG = Laplacian of G                                                      
  DelSqK = Laplacian of K                                                      
  Stress_EigVals = Eigenvalues of Stress Tensor, Ascending Order               
  Stress_EigVecs = Eigenvectors of Stress Tensor                               
  -DivStress = Ehrenfest Force Density = Minus Divergence of Stress Tensor     
  ESP = Total Electrostatic Potential                                          
  ESPe = Electrostatic Potential from Electrons                                
  ESPn = Electrostatic Potential from Nuclei                                   
  BP = Bond Path                                                               
  BPL = Bond Path Length                                                       
  GBL = Geometric Bond Length                                                  
  GBL_I = Distance Between Nuclear Attractors                                  
  GBL_II = Distance Between Nuclei                                             
  GBL_III = Sum of Distances Between BCP and Nuclear Attractors                
  GBL_IV = Sum of Distances Between BCP and Nuclei                             

CP# 1      Coords =  7.26547502351835E+00 -8.57416794515696E-02 -1.36077522330050E+00
           Type = (3,-3) NACP C1
           Rho =  1.1768211576E+02     Rho at Nucleus =  1.1768211569E+02
           GradRho =  1.0382095119E-10  1.4358510626E-10 -8.9745681047E-11
           HessRho_EigVals = -1.4501055850E+05 -1.4500948339E+05 -1.4500928980E+05
           HessRho_EigVec1 = -5.6819621841E-01  6.8770550492E-01  4.5190064825E-01
           HessRho_EigVec2 =  7.4730670039E-01  2.0132517327E-01  6.3324629502E-01
           HessRho_EigVec3 = -3.4450798675E-01 -6.9751653250E-01  6.2831913384E-01
           DelSqRho = -4.3502933169E+05
           Bond Ellipticity = NA
           V = -1.0876752213E+05
           G =  5.0946018466E+00
           K =  1.0876242752E+05
           L =  1.0875733292E+05
           Vnuc =  6.4357552112E+06
           Ven = -7.5737328974E+08
           Vrep =  7.5726452222E+08
           DelSqV =  2.4953533376E+09
           DelSqVen =  2.7997423862E+12
           DelSqVrep = -2.7972470328E+12
           DelSqG =  1.3403665928E+08
           DelSqK = -2.6293899969E+09
           Stress_EigVals = -3.6256105252E+04 -3.6255988247E+04 -3.6255428627E+04
           Stress_EigVec1 = -3.5694691260E-01 -6.9824518179E-01  6.2051798337E-01
           Stress_EigVec2 =  7.4211606158E-01  1.9146501534E-01  6.4234328754E-01
           Stress_EigVec3 = -5.6732059078E-01  6.8977881528E-01  4.4983611823E-01
           -DivStress = -2.4681093947E+02 -5.9293118362E+02  4.0083884829E+02
           ESP =  -1.4737835472E+01     ESP at Nucleus =  -1.4737835486E+01
           ESPe = -2.3257298498E+01     ESPe at Nucleus = -2.3257299401E+01
           ESPn =  8.5194630252E+00     ESPn at Nucleus =  8.5194639155E+00

CP# 2      Coords =  6.33659112919397E+00 -1.84911745524326E+00  1.77256804427911E-01
           Type = (3,-3) NACP C2
           Rho =  1.1768318115E+02     Rho at Nucleus =  1.1768318109E+02
           GradRho = -2.1532450302E-11 -1.1775411017E-10  1.2807994595E-10
           HessRho_EigVals = -1.4501224387E+05 -1.4501116912E+05 -1.4501097773E+05
           HessRho_EigVec1 = -5.6530368075E-01  6.9345057981E-01  4.4671919804E-01
           HessRho_EigVec2 =  7.0980495775E-01  1.3302988256E-01  6.9172246769E-01
           HessRho_EigVec3 = -4.2024834383E-01 -7.0811675853E-01  5.6741694176E-01
           DelSqRho = -4.3503439072E+05
           Bond Ellipticity = NA
           V = -1.0876878806E+05
           G =  5.0951917387E+00
           K =  1.0876369287E+05
           L =  1.0875859768E+05
           Vnuc =  6.5148731237E+06
           Ven = -7.6669099397E+08
           Vrep =  7.6658222518E+08
           DelSqV =  2.4953826466E+09
           DelSqVen =  2.8341937111E+12
           DelSqVrep = -2.8316983940E+12
           DelSqG =  1.3403859102E+08
           DelSqK = -2.6294212376E+09
           Stress_EigVals = -3.6256526590E+04 -3.6256410665E+04 -3.6255850808E+04
           Stress_EigVec1 = -3.9542333330E-01 -7.0515260236E-01  5.8855772432E-01
           Stress_EigVec2 =  7.2343629932E-01  1.5571306262E-01  6.7260193499E-01
           Stress_EigVec3 = -5.6593313060E-01  6.9174652114E-01  4.4856041085E-01
           -DivStress =  2.6798607678E+02  4.4331489353E+02 -5.3919164171E+02
           ESP =  -1.4738086281E+01     ESP at Nucleus =  -1.4738086294E+01
           ESPe = -2.3621685447E+01     ESPe at Nucleus = -2.3621686092E+01
           ESPn =  8.8835991661E+00     ESPn at Nucleus =  8.8835997987E+00

CP# 3      Coords =  8.92522161860390E+00  9.68330337691290E-01 -8.96772227977707E-01
           Type = (3,-3) NACP H3
           Rho =  4.2549906956E-01     Rho at Nucleus =  4.2180607034E-01
           GradRho = -1.1697369148E-14 -4.8157414471E-15 -1.7571935660E-15
           HessRho_EigVals = -6.4778019956E+00 -6.4714420211E+00 -5.8774983949E+00
           HessRho_EigVec1 =  7.1381001619E-02 -4.9621179400E-01  8.6526216149E-01
           HessRho_EigVec2 = -5.6523622241E-01  6.9462127419E-01  4.4498235732E-01
           HessRho_EigVec3 =  8.2183499894E-01  5.2084080192E-01  2.3089411766E-01
           DelSqRho = -1.8826742412E+01
           Bond Ellipticity = NA
           V = -4.7156511338E+00
           G =  4.4827654544E-03
           K =  4.7111683684E+00
           L =  4.7066856029E+00
           Vnuc =  3.7803627320E+01
           Ven = -1.6085408251E+01
           Vrep =  1.1369757117E+01
           DelSqV =  7.0883932144E+02
           DelSqVen =  7.1171915379E+02
           DelSqVrep = -2.8798323491E+00
           DelSqG =  6.9750457860E+01
           DelSqK = -7.7858977930E+02
           Stress_EigVals = -1.6227209960E+00 -1.6219669169E+00 -1.4709632209E+00
           Stress_EigVec1 =  7.4513255389E-02 -4.9729042747E-01  8.6437839255E-01
           Stress_EigVec2 = -5.6508525923E-01  6.9313517920E-01  4.4748438315E-01
           Stress_EigVec3 =  8.2166077220E-01  5.2179100615E-01  2.2936373149E-01
           -DivStress =  6.4903415362E+00  4.1158320540E+00  1.8201263198E+00
           ESP =  -1.1036823458E+00     ESP at Nucleus =  -1.1061371139E+00
           ESPe = -1.0323607773E+01     ESPe at Nucleus = -1.0250463525E+01
           ESPn =  9.2199254270E+00     ESPn at Nucleus =  9.1443264113E+00

CP# 4      Coords =  7.21118854015284E+00 -2.28842730020942E+00  1.94486821573374E+00
           Type = (3,-3) NACP H4
           Rho =  4.2556142914E-01     Rho at Nucleus =  4.2187795329E-01
           GradRho = -1.6392290222E-12  8.1688452056E-13 -3.3014301551E-12
           HessRho_EigVals = -6.4793647667E+00 -6.4730323438E+00 -5.8799978719E+00
           HessRho_EigVec1 =  6.9842004562E-01  6.9396269119E-01 -1.7500063748E-01
           HessRho_EigVec2 =  5.6888606182E-01 -6.8667474763E-01 -4.5259964608E-01
           HessRho_EigVec3 =  4.3425578700E-01 -2.1654924198E-01  8.7437311101E-01
           DelSqRho = -1.8832394982E+01
           Bond Ellipticity = NA
           V = -4.7170882835E+00
           G =  4.4947689226E-03
           K =  4.7125935145E+00
           L =  4.7080987456E+00
           Vnuc =  3.8313737755E+01
           Ven = -1.6304848994E+01
           Vrep =  1.1587760711E+01
           DelSqV =  7.0910554492E+02
           DelSqVen =  7.2153944266E+02
           DelSqVrep = -1.2433897732E+01
           DelSqG =  6.9782328059E+01
           DelSqK = -7.7888787298E+02
           Stress_EigVals = -1.6231246313E+00 -1.6223695419E+00 -1.4715941103E+00
           Stress_EigVec1 =  7.0022485634E-01  6.9233996818E-01 -1.7421400355E-01
           Stress_EigVec2 =  5.6766461311E-01 -6.8792551156E-01 -4.5223376430E-01
           Stress_EigVec3 =  4.3294576750E-01 -2.1777019771E-01  8.7471944267E-01
           -DivStress =  3.4230423846E+00 -1.7108981979E+00  6.8984343685E+00
           ESP =  -1.1034477110E+00     ESP at Nucleus =  -1.1058967302E+00
           ESPe = -1.0791610499E+01     ESPe at Nucleus = -1.0719221731E+01
           ESPn =  9.6881627884E+00     ESPn at Nucleus =  9.6133250011E+00

CP# 5      Coords =  6.30119790127466E-01  3.64925939248148E+00  4.22615747429659E-01
           Type = (3,-3) NACP C5
           Rho =  1.1769109470E+02     Rho at Nucleus =  1.1769109467E+02
           GradRho =  2.4688136084E-11  5.1978796267E-11  1.7290030518E-11
           HessRho_EigVals = -1.4502321015E+05 -1.4502201819E+05 -1.4502192950E+05
           HessRho_EigVec1 = -1.9641616171E-02  5.8393751397E-02  9.9810038409E-01
           HessRho_EigVec2 = -2.1020342713E-02  9.9804819161E-01 -5.8804357179E-02
           HessRho_EigVec3 =  9.9958609039E-01  2.2135424748E-02  1.8375822833E-02
           DelSqRho = -4.3506715785E+05
           Bond Ellipticity = NA
           V = -1.0877701983E+05
           G =  5.1151827213E+00
           K =  1.0877190465E+05
           L =  1.0876678946E+05
           Vnuc =  9.9662885214E+06
           Ven = -1.1729434061E+09
           Vrep =  1.1728346291E+09
           DelSqV =  2.4955715265E+09
           DelSqVen =  4.3360075121E+12
           DelSqVrep = -4.3335119405E+12
           DelSqG =  1.3404990309E+08
           DelSqK = -2.6296214296E+09
           Stress_EigVals = -3.6259255263E+04 -3.6259180834E+04 -3.6258583731E+04
           Stress_EigVec1 =  9.5127162550E-01  3.0832399550E-01  4.3137366733E-03
           Stress_EigVec2 = -3.0710533315E-01  9.4858403867E-01 -7.6646173596E-02
           Stress_EigVec3 = -2.7723796238E-02  7.1586558606E-02  9.9704902374E-01
           -DivStress = -2.2784564776E+02 -4.1001131568E+02 -1.4208930404E+02
           ESP =  -1.4732832466E+01     ESP at Nucleus =  -1.4732832472E+01
           ESPe = -2.5247675563E+01     ESPe at Nucleus = -2.5247676357E+01
           ESPn =  1.0514843097E+01     ESPn at Nucleus =  1.0514843886E+01

CP# 6      Coords = -9.96500287018048E-01 -1.69084370655066E+00  2.17424167864945E+00
           Type = (3,-3) NACP C6
           Rho =  1.1766807630E+02     Rho at Nucleus =  1.1766807630E+02
           GradRho =  2.0030643810E-12 -7.8896611466E-13  1.6182888363E-12
           HessRho_EigVals = -1.4499365764E+05 -1.4499294416E+05 -1.4499281865E+05
           HessRho_EigVec1 =  6.8896485062E-01 -1.8292973205E-01 -7.0133027008E-01
           HessRho_EigVec2 =  5.6886754856E-01 -4.6312522149E-01  6.7963574171E-01
           HessRho_EigVec3 =  4.4912932080E-01  8.6720916874E-01  2.1501421081E-01
           DelSqRho = -4.3497942046E+05
           Bond Ellipticity = NA
           V = -1.0875518710E+05
           G =  5.1659938803E+00
           K =  1.0875002111E+05
           L =  1.0874485511E+05
           Vnuc =  2.5787697070E+07
           Ven = -3.0343887064E+09
           Vrep =  3.0342799512E+09
           DelSqV =  2.4950708280E+09
           DelSqVen =  1.1217116594E+13
           DelSqVrep = -1.1214615232E+13
           DelSqG =  1.3402212273E+08
           DelSqK = -2.6290929508E+09
           Stress_EigVals = -3.6251920276E+04 -3.6251887626E+04 -3.6251379199E+04
           Stress_EigVec1 = -2.1378815975E-01  8.8195536700E-01 -4.2005874990E-01
           Stress_EigVec2 =  7.1477399702E-01  4.3433068120E-01  5.4813774962E-01
           Stress_EigVec3 = -6.6587743312E-01  1.8306171087E-01  7.2325351992E-01
           -DivStress = -1.5659076284E+02  3.9479470092E+01  9.5839548611E+01
           ESP =  -1.4731694555E+01     ESP at Nucleus =  -1.4731694555E+01
           ESPe = -2.6104895146E+01     ESPe at Nucleus = -2.6104895176E+01
           ESPn =  1.1373200592E+01     ESPn at Nucleus =  1.1373200621E+01

CP# 7      Coords = -1.69368172947127E+00  2.65397845528300E+00  4.04076922414014E-01
           Type = (3,-3) NACP C7
           Rho =  1.1765899084E+02     Rho at Nucleus =  1.1765899046E+02
           GradRho = -1.0885329062E-09 -2.4943782716E-09  7.4858487464E-11
           HessRho_EigVals = -1.4497436626E+05 -1.4497379100E+05 -1.4497319250E+05
           HessRho_EigVec1 = -8.1000845784E-02  2.4509650557E-01  9.6610898243E-01
           HessRho_EigVec2 =  4.8531364613E-02  9.6911420204E-01 -2.4178992959E-01
           HessRho_EigVec3 =  9.9553180242E-01 -2.7301398484E-02  9.0393937904E-02
           DelSqRho = -4.3492134976E+05
           Bond Ellipticity = NA
           V = -1.0874059374E+05
           G =  5.1281513053E+00
           K =  1.0873546559E+05
           L =  1.0873033744E+05
           Vnuc =  2.6054931845E+06
           Ven = -3.0655969873E+08
           Vrep =  3.0645095814E+08
           DelSqV =  2.4947290439E+09
           DelSqVen =  1.1331845898E+12
           DelSqVrep = -1.1306898690E+12
           DelSqG =  1.3399572769E+08
           DelSqK = -2.6287247716E+09
           Stress_EigVals = -3.6247155189E+04 -3.6246920997E+04 -3.6246517555E+04
           Stress_EigVec1 =  9.9649830895E-01  5.5071538478E-02  6.2914592199E-02
           Stress_EigVec2 = -4.3438655767E-02  9.8392078106E-01 -1.7324254610E-01
           Stress_EigVec3 = -7.1443708240E-02  1.6990297891E-01  9.8286762807E-01
           -DivStress =  7.3546601202E+02  1.7188170924E+03 -5.0652723962E+01
           ESP =  -1.4720488191E+01     ESP at Nucleus =  -1.4720488220E+01
           ESPe = -2.6849108652E+01     ESPe at Nucleus = -2.6849106895E+01
           ESPn =  1.2128620461E+01     ESPn at Nucleus =  1.2128618675E+01

CP# 8      Coords = -2.22642264542518E+00 -5.56909751002927E-02  6.96835195880291E-01
           Type = (3,-3) NACP C8
           Rho =  1.1768165975E+02     Rho at Nucleus =  1.1768165705E+02
           GradRho =  2.2726848181E-11 -2.4181698310E-13  7.6768313928E-12
           HessRho_EigVals = -1.4499512631E+05 -1.4499394103E+05 -1.4499303103E+05
           HessRho_EigVec1 =  7.3437833338E-01  4.0931735762E-01  5.4143121836E-01
           HessRho_EigVec2 = -6.5625961038E-01  2.2459974210E-01  7.2033206206E-01
           HessRho_EigVec3 = -1.7323910424E-01  8.8431569962E-01 -4.3355963392E-01
           DelSqRho = -4.3498209838E+05
           Bond Ellipticity = NA
           V = -1.0875545471E+05
           G =  4.9650581223E+00
           K =  1.0875048965E+05
           L =  1.0874552459E+05
           Vnuc =  9.8262472524E+05
           Ven = -1.1563690858E+08
           Vrep =  1.1552815313E+08
           DelSqV =  2.4950625218E+09
           DelSqVen =  4.2742416442E+11
           DelSqVrep = -4.2492910193E+11
           DelSqG =  1.3400627294E+08
           DelSqK = -2.6290687948E+09
           Stress_EigVals = -3.6252246377E+04 -3.6251659074E+04 -3.6251549260E+04
           Stress_EigVec1 = -2.1411131048E-01  8.7149986703E-01 -4.4118514084E-01
           Stress_EigVec2 = -6.9800171793E-01  1.7945966682E-01  6.9324442280E-01
           Stress_EigVec3 =  6.8333736067E-01  4.5637945808E-01  5.6988405992E-01
           -DivStress =  3.9279491419E+03  4.4696991446E+02  2.9789391036E+03
           ESP =  -1.4670185572E+01     ESP at Nucleus =  -1.4670185792E+01
           ESPe = -2.8375144927E+01     ESPe at Nucleus = -2.8375143216E+01
           ESPn =  1.3704959355E+01     ESPn at Nucleus =  1.3704957424E+01

CP# 9      Coords =  2.28809875825147E+00  2.50841575092426E+00  5.67937971667986E-01
           Type = (3,-3) NACP H9
           Rho =  4.2154074198E-01     Rho at Nucleus =  4.1769085662E-01
           GradRho = -1.5221453113E-14  1.1620351830E-14 -1.6093897048E-15
           HessRho_EigVals = -6.4087586263E+00 -6.4026089810E+00 -5.7965852203E+00
           HessRho_EigVec1 =  5.6731207794E-01  8.2349146388E-01 -4.3376427087E-03
           HessRho_EigVec2 = -5.5366347681E-02  4.3396799891E-02  9.9752257383E-01
           HessRho_EigVec3 =  8.2163956439E-01 -5.6566644471E-01  7.0213243424E-02
           DelSqRho = -1.8607952828E+01
           Bond Ellipticity = NA
           V = -4.6612877951E+00
           G =  4.6497941218E-03
           K =  4.6566380010E+00
           L =  4.6519882069E+00
           Vnuc =  4.0054347570E+01
           Ven = -1.6884539394E+01
           Vrep =  1.2223251599E+01
           DelSqV =  6.9975541100E+02
           DelSqVen =  7.4532941013E+02
           DelSqVrep = -4.5573999125E+01
           DelSqG =  6.8798472122E+01
           DelSqK = -7.6855388313E+02
           Stress_EigVals = -1.6054748104E+00 -1.6048429667E+00 -1.4509700180E+00
           Stress_EigVec1 =  5.6866249672E-01  8.1838533287E-01 -8.2875881696E-02
           Stress_EigVec2 = -1.0011446798E-02  1.0763072593E-01  9.9414053220E-01
           Stress_EigVec3 =  8.2251002167E-01 -5.6450072966E-01  6.9398778553E-02
           -DivStress =  6.5936654817E+00 -4.5341102310E+00  5.5799733322E-01
           ESP =  -1.0981451979E+00     ESP at Nucleus =  -1.1007139350E+00
           ESPe = -1.3329654208E+01     ESPe at Nucleus = -1.3271884521E+01
           ESPn =  1.2231509010E+01     ESPn at Nucleus =  1.2171170586E+01

CP# 10     Coords =  5.00817056867192E-01 -1.03453211757477E+00  3.35231377645339E+00
           Type = (3,-3) NACP H10
           Rho =  4.2131380465E-01     Rho at Nucleus =  4.1752328221E-01
           GradRho = -2.0179170834E-15 -4.0652160457E-16 -1.3910313873E-15
           HessRho_EigVals = -6.4103330225E+00 -6.4037986692E+00 -5.8042570928E+00
           HessRho_EigVec1 = -1.5889791261E-01  9.3472569441E-01 -3.1786684254E-01
           HessRho_EigVec2 = -6.5043219009E-01  1.4310526790E-01  7.4596169365E-01
           HessRho_EigVec3 =  7.4275798176E-01  3.2528258255E-01  5.8523655219E-01
           DelSqRho = -1.8618388785E+01
           Bond Ellipticity = NA
           V = -4.6640249820E+00
           G =  4.7138929485E-03
           K =  4.6593110891E+00
           L =  4.6545971961E+00
           Vnuc =  4.0155523260E+01
           Ven = -1.6918076282E+01
           Vrep =  1.2254051300E+01
           DelSqV =  7.0046213473E+02
           DelSqVen =  7.4763114390E+02
           DelSqVrep = -4.7169009171E+01
           DelSqG =  6.8910607261E+01
           DelSqK = -7.6937274199E+02
           Stress_EigVals = -1.6058323750E+00 -1.6055762339E+00 -1.4526163732E+00
           Stress_EigVec1 = -5.8243352835E-02  9.0301246405E-01 -4.2564797853E-01
           Stress_EigVec2 = -6.6753242426E-01  2.8180562406E-01  6.8919231918E-01
           Stress_EigVec3 =  7.4229924856E-01  3.2427469840E-01  5.8637679486E-01
           -DivStress =  5.9103159695E+00  2.5953032428E+00  4.6590790037E+00
           ESP =  -1.0884505492E+00     ESP at Nucleus =  -1.0909884670E+00
           ESPe = -1.3192135983E+01     ESPe at Nucleus = -1.3116996851E+01
           ESPn =  1.2103685434E+01     ESPn at Nucleus =  1.2026008384E+01

CP# 11     Coords =  8.99823229939470E-01  5.64251430455139E+00  2.66023357790708E-01
           Type = (3,-3) NACP H11
           Rho =  4.2483410368E-01     Rho at Nucleus =  4.2109372990E-01
           GradRho =  1.3696183944E-16 -1.1286002514E-15 -3.0574501264E-17
           HessRho_EigVals = -6.4698415686E+00 -6.4640638110E+00 -5.8652881513E+00
           HessRho_EigVec1 =  9.8905253010E-01 -1.2823460643E-01  7.3013549559E-02
           HessRho_EigVec2 = -6.2173784945E-02  8.6594079490E-02  9.9430170766E-01
           HessRho_EigVec3 =  1.3382642927E-01  9.8795614837E-01 -7.7673262569E-02
           DelSqRho = -1.8799193531E+01
           Bond Ellipticity = NA
           V = -4.7089028835E+00
           G =  4.5522503664E-03
           K =  4.7043506331E+00
           L =  4.6997983827E+00
           Vnuc =  3.8960641335E+01
           Ven = -1.6551809140E+01
           Vrep =  1.1842906257E+01
           DelSqV =  7.0764370923E+02
           DelSqVen =  7.3242863654E+02
           DelSqVrep = -2.4784927305E+01
           DelSqG =  6.9660330189E+01
           DelSqK = -7.7730403942E+02
           Stress_EigVals = -1.6207912197E+00 -1.6202327400E+00 -1.4678789238E+00
           Stress_EigVec1 =  9.9072746163E-01 -1.3586387458E-01 -3.2303610550E-04
           Stress_EigVec2 =  1.0874987956E-02  7.6930601550E-02  9.9697713975E-01
           Stress_EigVec3 =  1.3542832571E-01  9.8773614398E-01 -7.7694777595E-02
           -DivStress =  1.0614233905E+00  7.8491710891E+00 -6.1491019714E-01
           ESP =  -1.0967154540E+00     ESP at Nucleus =  -1.0992176104E+00
           ESPe = -1.1679100981E+01     ESPe at Nucleus = -1.1596752671E+01
           ESPn =  1.0582385526E+01     ESPn at Nucleus =  1.0497535061E+01

CP# 12     Coords = -3.30611465552000E+00  3.84474664951164E+00  1.43968641395897E-01
           Type = (3,-3) NACP H12
           Rho =  4.2614033753E-01     Rho at Nucleus =  4.2238931897E-01
           GradRho =  5.5222753453E-15 -3.0103957521E-15  8.6779541886E-16
           HessRho_EigVals = -6.5034048792E+00 -6.4954033364E+00 -5.8924690014E+00
           HessRho_EigVec1 =  6.0162663069E-01  7.9836005236E-01 -2.5819063607E-02
           HessRho_EigVec2 = -8.7466898704E-02  9.7973127932E-02  9.9133788782E-01
           HessRho_EigVec3 =  7.9397414245E-01 -5.9415695990E-01  1.2877332068E-01
           DelSqRho = -1.8891277217E+01
           Bond Ellipticity = NA
           V = -4.7318320429E+00
           G =  4.5063693202E-03
           K =  4.7273256736E+00
           L =  4.7228193043E+00
           Vnuc =  4.0550635327E+01
           Ven = -1.7280261425E+01
           Vrep =  1.2548429382E+01
           DelSqV =  7.1122942886E+02
           DelSqVen =  7.6605329328E+02
           DelSqVrep = -5.4823864415E+01
           DelSqG =  7.0139144146E+01
           DelSqK = -7.8136857301E+02
           Stress_EigVals = -1.6288807068E+00 -1.6279339560E+00 -1.4750173801E+00
           Stress_EigVec1 =  6.0643239813E-01  7.8432368267E-01 -1.3067558036E-01
           Stress_EigVec2 = -2.3527762260E-02  1.8197205433E-01  9.8302218482E-01
           Stress_EigVec3 =  7.9478688395E-01 -5.9306199697E-01  1.2880713044E-01
           -DivStress = -6.3367916095E+00  4.7296305204E+00 -1.0319226748E+00
           ESP =  -1.0948366732E+00     ESP at Nucleus =  -1.0973590106E+00
           ESPe = -1.3242281435E+01     ESPe at Nucleus = -1.3155132343E+01
           ESPn =  1.2147444761E+01     ESPn at Nucleus =  1.2057773332E+01

CP# 13     Coords =  4.68108447906813E+00 -2.90576440736437E+00 -2.93076612472927E-01
           Type = (3,-3) NACP H13
           Rho =  4.2480484387E-01     Rho at Nucleus =  4.2107349186E-01
           GradRho =  8.0247223797E-15  4.9308837178E-15  2.5279732192E-15
           HessRho_EigVals = -6.4661202347E+00 -6.4596597723E+00 -5.8629235518E+00
           HessRho_EigVec1 =  7.6361242474E-02 -5.0651893017E-01  8.5884080832E-01
           HessRho_EigVec2 = -5.6710007195E-01  6.8640455463E-01  4.5524311722E-01
           HessRho_EigVec3 =  8.2010149923E-01  5.2181161425E-01  2.3483221711E-01
           DelSqRho = -1.8788703559E+01
           Bond Ellipticity = NA
           V = -4.7061734171E+00
           G =  4.4987636869E-03
           K =  4.7016746534E+00
           L =  4.6971758897E+00
           Vnuc =  3.9233035109E+01
           Ven = -1.6666383354E+01
           Vrep =  1.1960209937E+01
           DelSqV =  7.0721040030E+02
           DelSqVen =  7.3713786638E+02
           DelSqVrep = -2.9927466085E+01
           DelSqG =  6.9588356033E+01
           DelSqK = -7.7679875633E+02
           Stress_EigVals = -1.6197868590E+00 -1.6190591996E+00 -1.4673273585E+00
           Stress_EigVec1 =  7.1817710439E-02 -4.9838924085E-01  8.6397359975E-01
           Stress_EigVec2 = -5.6789697257E-01  6.9166485957E-01  4.4619810689E-01
           Stress_EigVec3 =  8.1996051430E-01  5.2269291812E-01  2.3335995443E-01
           -DivStress = -6.5051400102E+00 -4.1383864896E+00 -1.8620394913E+00
           ESP =  -1.1044016936E+00     ESP at Nucleus =  -1.1068752193E+00
           ESPe = -1.1931490183E+01     ESPe at Nucleus = -1.1878350802E+01
           ESPn =  1.0827088490E+01     ESPn at Nucleus =  1.0771475582E+01

CP# 14     Coords =  6.39744367879386E+00  3.43531357774597E-01 -3.13327805461254E+00
           Type = (3,-3) NACP H14
           Rho =  4.2506452938E-01     Rho at Nucleus =  4.2135173906E-01
           GradRho =  7.2469994347E-12 -3.5407002173E-12  1.4740820279E-11
           HessRho_EigVals = -6.4698987638E+00 -6.4634559914E+00 -5.8680717520E+00
           HessRho_EigVec1 =  7.0461761360E-01  6.8601675930E-01 -1.8136985571E-01
           HessRho_EigVec2 =  5.6359210478E-01 -6.9635375550E-01 -4.4435952406E-01
           HessRho_EigVec3 =  4.3113566082E-01 -2.1088492870E-01  8.7729675072E-01
           DelSqRho = -1.8801426507E+01
           Bond Ellipticity = NA
           V = -4.7093211077E+00
           G =  4.4822404329E-03
           K =  4.7048388672E+00
           L =  4.7003566268E+00
           Vnuc =  3.8444826115E+01
           Ven = -1.6341531919E+01
           Vrep =  1.1632210812E+01
           DelSqV =  7.0777142169E+02
           DelSqVen =  7.2281757281E+02
           DelSqVrep = -1.5046151120E+01
           DelSqG =  6.9635998283E+01
           DelSqK = -7.7740741997E+02
           Stress_EigVals = -1.6207318920E+00 -1.6199939247E+00 -1.4685952909E+00
           Stress_EigVec1 =  6.9943662656E-01  6.9289124375E-01 -1.7518598621E-01
           Stress_EigVec2 =  5.7094568108E-01 -6.8915216414E-01 -4.4619538760E-01
           Stress_EigVec3 =  4.2989467860E-01 -2.1206371448E-01  8.7762152795E-01
           -DivStress = -3.4108156919E+00  1.6696678173E+00 -6.9434122954E+00
           ESP =  -1.1042348378E+00     ESP at Nucleus =  -1.1067009733E+00
           ESPe = -1.1061890543E+01     ESPe at Nucleus = -1.0998750651E+01
           ESPn =  9.9576557053E+00     ESPn at Nucleus =  9.8920496772E+00

CP# 15     Coords = -4.82587058337629E+00 -1.12809371239747E+00 -1.13524218365189E+00
           Type = (3,-3) NACP Cl15
           Rho =  3.0206895492E+03     Rho at Nucleus =  3.0206895401E+03
           GradRho =  7.4705838182E-09  1.4182736097E-09  5.3075432938E-11
           HessRho_EigVals = -3.0377097186E+07 -3.0376686676E+07 -3.0376662495E+07
           HessRho_EigVec1 =  7.7559631517E-01  3.1881762163E-01  5.4479875186E-01
           HessRho_EigVec2 = -6.2902423344E-01  3.1828842756E-01  7.0923972719E-01
           HessRho_EigVec3 = -5.2714984925E-02  8.9277533625E-01 -4.4740734163E-01
           DelSqRho = -9.1130446357E+07
           Bond Ellipticity = NA
           V = -2.2809824571E+07
           G =  1.3606490806E+04
           K =  2.2796218080E+07
           L =  2.2782611589E+07
           Vnuc =  2.1964499044E+07
           Ven = -6.6347932714E+10
           Vrep =  6.6325122889E+10
           DelSqV =  4.3101770605E+12
           DelSqVen =  2.0016345781E+15
           DelSqVrep = -1.9973243990E+15
           DelSqG =  2.2935241603E+11
           DelSqK = -4.5395294765E+12
           Stress_EigVals = -7.6033132534E+06 -7.6033072119E+06 -7.6032041056E+06
           Stress_EigVec1 = -5.2320400208E-02  8.9257990450E-01 -4.4784337642E-01
           Stress_EigVec2 = -6.2907837034E-01  3.1883270798E-01  7.0894718301E-01
           Stress_EigVec3 =  7.7557912536E-01  3.1882098174E-01  5.4482125684E-01
           -DivStress = -8.2739916734E+05 -3.4348317497E+05 -5.9128642660E+05
           ESP =  -6.4381510104E+01     ESP at Nucleus =  -6.4381510130E+01
           ESPe = -7.1439161152E+01     ESPe at Nucleus = -7.1439160237E+01
           ESPn =  7.0576510484E+00     ESPn at Nucleus =  7.0576501065E+00

CP# 16     Coords = -1.47534263603419E+00 -3.64416624530565E+00  2.24476428685310E+00
           Type = (3,-3) NACP H16
           Rho =  4.2185577699E-01     Rho at Nucleus =  4.1801307957E-01
           GradRho =  3.1008182133E-16 -9.7198724763E-16  7.8517921331E-16
           HessRho_EigVals = -6.4157955136E+00 -6.4096167803E+00 -5.8041724821E+00
           HessRho_EigVec1 =  7.3528464983E-01 -1.5640506786E-01  6.5946488797E-01
           HessRho_EigVec2 = -6.3460885972E-01  1.8275379416E-01  7.5091453967E-01
           HessRho_EigVec3 =  2.3796654993E-01  9.7063819494E-01 -3.5120017779E-02
           DelSqRho = -1.8629584776E+01
           Bond Ellipticity = NA
           V = -4.6665700595E+00
           G =  4.5869327686E-03
           K =  4.6619831268E+00
           L =  4.6573961940E+00
           Vnuc =  3.9607095466E+01
           Ven = -1.6708482032E+01
           Vrep =  1.2041911972E+01
           DelSqV =  7.0063472421E+02
           DelSqVen =  7.3786374271E+02
           DelSqVrep = -3.7229018495E+01
           DelSqG =  6.8899030754E+01
           DelSqK = -7.6953375497E+02
           Stress_EigVals = -1.6071637433E+00 -1.6069025093E+00 -1.4525038070E+00
           Stress_EigVec1 =  6.1956111690E-01 -1.2248138704E-01  7.7533369091E-01
           Stress_EigVec2 = -7.4827974243E-01  2.0621293981E-01  6.3051855685E-01
           Stress_EigVec3 =  2.3711062713E-01  9.7081127583E-01 -3.6111178562E-02
           -DivStress = -1.9143540567E+00 -7.7821408705E+00  2.7339348994E-01
           ESP =  -1.0896953848E+00     ESP at Nucleus =  -1.0922795966E+00
           ESPe = -1.2830922543E+01     ESPe at Nucleus = -1.2747535748E+01
           ESPn =  1.1741227159E+01     ESPn at Nucleus =  1.1655256151E+01

