AIMSum (Version 19.02.13, Professional)
Copyright (c) 1997-2019 by Todd A. Keith
AIMSum is a component of the AIMAll package ( http://aim.tkgristmill.com )

TP:  64-bit Linux

Much of the Quantum Theory of Atoms in Molecules (QTAIM) is described in the book:
  "Atoms in Molecules - A Quantum Theory"
  R.F.W. Bader, Oxford University Press, Oxford, 1990

For additional references see:  http://aim.tkgristmill.com/references.html

Wfn File:  /home/mhennefarth/Documents/ML_Diels/summary-pieniazek2006/r_5c-opt/r_5c-opt.wfn
Sum File:  /home/mhennefarth/Documents/ML_Diels/summary-pieniazek2006/r_5c-opt/r_5c-opt.sum

SumViz File:  /home/mhennefarth/Documents/ML_Diels/summary-pieniazek2006/r_5c-opt/r_5c-opt.sumviz

Wfn Title:   Title Card Required                                                           
 
Total memory allocated for AIMSum =        0.763 Megabytes

Atomic units (a.u.) used throughout, except where stated otherwise

Model:  Restricted SCF
 
Restricted, closed-shell, single-determinant wavefunction.
  Number of electrons (from MO Occs)                   =          62.0000000000
  Number of Alpha electrons (from MO Occs)             =          31.0000000000
  Number of Beta electrons (from MO Occs)              =          31.0000000000
  Number of electron pairs (N*(N-1)/2)                 =        1891.0000000000
  Number of electron pairs (from Muller 2EDM)          =        1891.0000000000
 
Nuclear Charges and Cartesian Coordinates:
-------------------------------------------------------------------------------
Atom      Charge                X                  Y                  Z
-------------------------------------------------------------------------------
C1         6.0          -6.3069156700E+00   4.5918137000E-01   6.2364219000E-01
C2         6.0          -5.7360411700E+00  -1.6188176400E+00  -6.8008114000E-01
H3         1.0          -7.0046788600E+00   2.1589653300E+00  -2.9768412000E-01
H4         1.0          -5.9403476700E+00  -1.7059405300E+00  -2.7235689900E+00
C5         6.0           3.3527473000E-01   4.9903751200E+00   1.4776761000E-01
C6         6.0           1.6115869900E+00  -6.3093296000E-01  -2.3863593000E-01
C7         6.0           2.6087007000E+00   3.9497800400E+00  -2.5246744000E-01
C8         6.0           3.2608247400E+00   1.2666602200E+00   1.7901340000E-02
H9         1.0          -1.2753185600E+00   3.8808898200E+00   7.7649906000E-01
H10        1.0          -3.6801526000E-01  -3.9426727000E-01  -7.0996019000E-01
H11        1.0           2.0076290000E-02   6.9972932100E+00  -1.4200299000E-01
H12        1.0           5.2294336400E+00   8.2045409000E-01   4.1126738000E-01
H13        1.0           4.1707331500E+00   5.1729690500E+00  -8.0557481000E-01
H14        1.0          -5.0553293300E+00  -3.3253190600E+00   2.4117726000E-01
H15        1.0          -6.1232199900E+00   5.4115417000E-01   2.6692016300E+00
Cl16      17.0           2.4532991000E+00  -3.8025691600E+00   1.6893447000E-01
 
Some Atomic Properties:
----------------------
  q(A) = Net Charge of Atom A
  L(A) = Lagrangian of Atom A = -(1/4) Times Atomic Integral of the Laplacian of the Electron Density
  K(A) = Electronic Kinetic Energy of Atom A (Hamiltonian Form)
  K_Scaled(A) = K(A) * E(Mol)/K(Mol) = Approximation to Virial-Based Total Energy of Atom A.
  |Mu_Intra(A)| = Magnitude of Intraatomic Dipole Moment of Atom A
--------------------------------------------------------------------------------------------------
Atom A          q(A)              L(A)              K(A)          K_Scaled(A)      |Mu_Intra(A)|
--------------------------------------------------------------------------------------------------
C1       -8.6847530600E-02 -2.5664609513E-05  3.7694431658E+01 -3.7901971544E+01  9.6897978093E-02
C2       -8.5382702200E-02 -9.7600317540E-05  3.7696071807E+01 -3.7903620724E+01  9.8059003520E-02
H3        4.2885617400E-02  1.6019330756E-05  5.9438574795E-01 -5.9765834672E-01  1.4656293396E-01
H4        4.4786495300E-02  2.1181995273E-05  5.9364043315E-01 -5.9690892833E-01  1.4592878780E-01
C5       -8.1829085000E-02  1.3233667310E-05  3.7702705206E+01 -3.7910290645E+01  1.2211670364E-01
C6        3.7417528000E-03 -5.4077239141E-05  3.7658307836E+01 -3.7865648830E+01  2.7494689294E-01
C7       -2.2798429300E-02  2.5920735436E-05  3.7693288208E+01 -3.7900821799E+01  9.2997533495E-02
C8        1.8830170500E-02 -6.3193037432E-05  3.7691632536E+01 -3.7899157011E+01  1.5395569408E-01
H9        4.7626406060E-02  1.9856319257E-05  5.9216475509E-01 -5.9542512540E-01  1.4369090977E-01
H10       1.0504509515E-01  3.8920263101E-05  5.7387711036E-01 -5.7703679165E-01  1.4016513293E-01
H11       4.5892251730E-02  1.6382385476E-05  5.9355592619E-01 -5.9682395609E-01  1.4724956310E-01
H12       5.8900639900E-02  3.2171578913E-05  5.9140954238E-01 -5.9466575461E-01  1.4718292593E-01
H13       3.8859077450E-02  2.6865643392E-05  6.0059605126E-01 -6.0390284303E-01  1.5000284226E-01
H14       4.9320493150E-02  2.3404129045E-05  5.9173534739E-01 -5.9499335345E-01  1.4466993387E-01
H15       4.4890807460E-02  2.0510361273E-05  5.9351721268E-01 -5.9678502942E-01  1.4613646171E-01
Cl16     -2.2390194000E-01  5.5749092410E-06  4.5891102566E+02 -4.6143772093E+02  1.7251944272E-01
--------------------------------------------------------------------------------------------------
Total     1.9119799999E-05  1.9506114847E-05  6.9037234504E+02 -6.9417343161E+02
 
1st Largest |L(A)| = 9.7600317540E-05, atom C2      
2nd Largest |L(A)| = 6.3193037432E-05, atom C8      
 
Molecular charge q(Mol) from the wfn file:   0.0000000000E+00
Molecular energy E(Mol) from the wfn file:  -6.9417344373E+02
Molecular virial ratio (-V(Mol)/T(Mol)) from the wfn file:   2.0055058500E+00
Note.  K_Scaled(A) = (1+V(Mol)/T(Mol))*K(A) = (E(Mol)/T(Mol))*K(A)
       Only use K_Scaled(A) data with caution.
 
N_AIMInt(SumA)     =         61.999981
N_Analytic(Mol)    =         61.999992
 
G_AIMInt(SumA)     =        690.372326
G_Analytic(Mol)    =        690.372342
 
K_AIMInt(SumA)     =        690.372345
K_Analytic(Mol)    =        690.372342
 
L_AIMInt(SumA)     =          0.000020
L_Analytic(Mol)    =          0.000000
 
VenT_AIMInt(SumA)  =      -2236.197074
VenT_Analytic(Mol) =      -2236.197130
 
Some Information About the Atomic Calculations:
----------------------------------------------
  Time(sec) = "Elapsed User Time", in Seconds, for Atom A by AIMInt and, if used, by TWOe
  NProc = Number of Processors Used for AIMInt Job
  BIM = Basin Integration Method
  OAQ = Angular Quadrature Outside of Beta Sphere
  ORQ = Multiple of Default for Radial Quadrature Outside of Beta Sphere
  IAQ = Multiple of Default for Angular Quadrature Inside of Beta Sphere
  IRQ = Multiple of Default for Radial Quadrature Inside of Beta Sphere
  MIR = Maximum Integration Radius
------------------------------------------------------------------------------------------------------
Atom A     Time(sec)   NProc      BIM          OAQ                     ORQ      IAQ      IRQ      MIR
------------------------------------------------------------------------------------------------------
C1             23        8     Proaim(5)    4500(GS4)                  1.00     1.00     1.00    13.00
C2             27        8     Proaim(5)    4500(GS4)                  1.00     1.00     1.00    13.00
H3              5        8     Proaim(5)    1800(GS4)                  1.00     1.00     1.00    13.00
H4              5        8     Proaim(5)    1800(GS4)                  1.00     1.00     1.00    13.00
C5             20        8     Proaim(5)    4500(GS4)                  1.00     1.00     1.00    13.00
C6             28        8     Proaim(5)    4500(GS4)                  1.00     1.00     1.00    13.00
C7             21        8     Proaim(5)    4500(GS4)                  1.00     1.00     1.00    13.00
C8             23        8     Proaim(5)    4500(GS4)                  1.00     1.00     1.00    13.00
H9             12        8     Proaim(5)    4500(GS4)                  1.00     1.00     1.00    13.00
H10            17        8     Proaim(5)    4500(GS4)                  1.00     1.00     1.00    13.00
H11             5        8     Proaim(5)    1800(GS4)                  1.00     1.00     1.00    13.00
H12             5        8     Proaim(5)    1800(GS4)                  1.00     1.00     1.00    13.00
H13             5        8     Proaim(5)    1800(GS4)                  1.00     1.00     1.00    13.00
H14             7        8     Proaim(5)    1800(GS4)                  1.00     1.00     1.00    13.00
H15             5        8     Proaim(5)    1800(GS4)                  1.00     1.00     1.00    13.00
Cl16           12        8     Proaim(5)    3150(GS4)                  1.00     1.00     1.00    13.00
------------------------------------------------------------------------------------------------------
Total         220
Note:  Total wall clock time is less than total of atomic times if more than one atom
       was calculated at a time
 
Electron Density Critical Point Analysis of Molecular Structure:               
---------------------------------------------------------------                
  NACP = Nuclear Attractor Critical Point                                      
  NNACP = Non-Nuclear Attractor Critical Point                                 
  BCP = Bond Critical Point                                                    
  RCP = Ring Critical Point                                                    
  CCP = Cage Critical Point                                                    
  Rho = Electron Density                                                       
  GradRho = Gradient of Electron Density                                       
  HessRho_EigVals = Eigenvalues of the Hessian of Rho, Ascending Order         
  HessRho_EigVecs = Eigenvectors of the Hessian of Rho                         
  DelSqRho = Laplacian of Rho = Trace of Hessian of Rho                        
  Bond Ellipticity = (HessRho_EigVal(1) / HessRho_EigVal(2)) - 1               
  V = Virial Field = Potential Energy Density = Trace of Stress Tensor         
  G = Lagrangian Form of Kinetic Energy Density                                
  K = Hamiltonian Form of Kinetic Energy Density                               
  L = K - G = Lagrangian Density = (-1/4)DelSqRho                              
  Vnuc = Electrostatic Potential from Nuclei                                   
  Ven = Electron-nuclear attractive contribution to Virial Field V             
  Vrep = V - Ven = Repulsive contribution to Virial Field V                    
  DelSqV = Laplacian of V                                                      
  DelSqVen = Laplacian of Ven                                                  
  DelSqVrep = Laplacian of Vrep                                                
  DelSqG = Laplacian of G                                                      
  DelSqK = Laplacian of K                                                      
  Stress_EigVals = Eigenvalues of Stress Tensor, Ascending Order               
  Stress_EigVecs = Eigenvectors of Stress Tensor                               
  -DivStress = Ehrenfest Force Density = Minus Divergence of Stress Tensor     
  ESP = Total Electrostatic Potential                                          
  ESPe = Electrostatic Potential from Electrons                                
  ESPn = Electrostatic Potential from Nuclei                                   
  BP = Bond Path                                                               
  BPL = Bond Path Length                                                       
  GBL = Geometric Bond Length                                                  
  GBL_I = Distance Between Nuclear Attractors                                  
  GBL_II = Distance Between Nuclei                                             
  GBL_III = Sum of Distances Between BCP and Nuclear Attractors                
  GBL_IV = Sum of Distances Between BCP and Nuclei                             

CP# 1      Coords = -6.30691575855023E+00  4.59182201033622E-01  6.23642647826907E-01
           Type = (3,-3) NACP C1
           Rho =  1.1768313836E+02     Rho at Nucleus =  1.1768313830E+02
           GradRho =  2.6400413431E-11  1.7060228295E-10  9.2561101348E-11
           HessRho_EigVals = -1.4501199905E+05 -1.4501091165E+05 -1.4501071875E+05
           HessRho_EigVec1 =  9.4225577714E-01  3.1721203892E-01 -1.0738050476E-01
           HessRho_EigVec2 =  2.5565273998E-01 -4.7420846092E-01  8.4247730660E-01
           HessRho_EigVec3 = -2.1632320027E-01  8.2128122951E-01  5.2792178878E-01
           DelSqRho = -4.3503362945E+05
           Bond Ellipticity = NA
           V = -1.0876859411E+05
           G =  5.0933721923E+00
           K =  1.0876350073E+05
           L =  1.0875840736E+05
           Vnuc =  6.2964209817E+06
           Ven = -7.4098258158E+08
           Vrep =  7.4087381298E+08
           DelSqV =  2.4953780344E+09
           DelSqVen =  2.7391555011E+12
           DelSqVrep = -2.7366601230E+12
           DelSqG =  1.3403815100E+08
           DelSqK = -2.6294161854E+09
           Stress_EigVals = -3.6256463121E+04 -3.6256346665E+04 -3.6255784319E+04
           Stress_EigVec1 = -2.2299000733E-01  8.2207087536E-01  5.2390355268E-01
           Stress_EigVec2 =  2.5440214801E-01 -4.6973587416E-01  8.4535658489E-01
           Stress_EigVec3 =  9.4103932103E-01  3.2178826021E-01 -1.0439019048E-01
           -DivStress =  7.3178702032E+01 -6.7445920511E+02 -3.7196626230E+02
           ESP =  -1.4735235059E+01     ESP at Nucleus =  -1.4735235072E+01
           ESPe = -2.3681577710E+01     ESPe at Nucleus = -2.3681578540E+01
           ESPn =  8.9463426515E+00     ESPn at Nucleus =  8.9463434677E+00

CP# 2      Coords = -5.73604079449484E+00 -1.61881824853119E+00 -6.80081643768578E-01
           Type = (3,-3) NACP C2
           Rho =  1.1768949548E+02     Rho at Nucleus =  1.1768949543E+02
           GradRho =  6.8131024260E-11 -9.4942745574E-11 -8.1126883215E-11
           HessRho_EigVals = -1.4502176647E+05 -1.4502066011E+05 -1.4502047780E+05
           HessRho_EigVec1 =  9.3849687676E-01  3.3063225072E-01 -9.9528524001E-02
           HessRho_EigVec2 =  2.4422982454E-01 -4.3188481987E-01  8.6823228181E-01
           HessRho_EigVec3 = -2.4408073482E-01  8.3914111873E-01  4.8607281115E-01
           DelSqRho = -4.3506290438E+05
           Bond Ellipticity = NA
           V = -1.0877591866E+05
           G =  5.0962823007E+00
           K =  1.0877082238E+05
           L =  1.0876572609E+05
           Vnuc =  6.8595171705E+06
           Ven = -8.0729311506E+08
           Vrep =  8.0718433914E+08
           DelSqV =  2.4955474403E+09
           DelSqVen =  2.9843214776E+12
           DelSqVrep = -2.9818259312E+12
           DelSqG =  1.3404900572E+08
           DelSqK = -2.6295964461E+09
           Stress_EigVals = -3.6258904221E+04 -3.6258790910E+04 -3.6258223528E+04
           Stress_EigVec1 = -2.3420376450E-01  8.3335731296E-01  5.0066374507E-01
           Stress_EigVec2 =  2.4894110537E-01 -4.4641028265E-01  8.5950345293E-01
           Stress_EigVec3 =  9.3977493197E-01  3.2593473039E-01 -1.0290592195E-01
           -DivStress = -3.0430541937E+02  4.9414925607E+02  4.0923267664E+02
           ESP =  -1.4736122724E+01     ESP at Nucleus =  -1.4736122736E+01
           ESPe = -2.3879327440E+01     ESPe at Nucleus = -2.3879328012E+01
           ESPn =  9.1432047163E+00     ESPn at Nucleus =  9.1432052764E+00

CP# 3      Coords = -6.99278321564177E+00  2.13003782440134E+00 -2.81943829780256E-01
           Type = (3,-3) NACP H3
           Rho =  4.2523066286E-01     Rho at Nucleus =  4.2153379907E-01
           GradRho =  1.0108643658E-15 -8.9600551235E-15  4.6743359670E-15
           HessRho_EigVals = -6.4737100036E+00 -6.4672866069E+00 -5.8732202717E+00
           HessRho_EigVec1 = -6.7879686915E-02  4.5534831409E-01  8.8772195025E-01
           HessRho_EigVec2 =  9.3806809525E-01  3.3211609524E-01 -9.8626304569E-02
           HessRho_EigVec3 = -3.3973606929E-01  8.2604891631E-01 -4.4969166224E-01
           DelSqRho = -1.8814216882E+01
           Bond Ellipticity = NA
           V = -4.7125305951E+00
           G =  4.4881872612E-03
           K =  4.7080424078E+00
           L =  4.7035542205E+00
           Vnuc =  3.8448933014E+01
           Ven = -1.6349665272E+01
           Vrep =  1.1637134677E+01
           DelSqV =  7.0834619950E+02
           DelSqVen =  7.2338656461E+02
           DelSqVrep = -1.5040365105E+01
           DelSqG =  6.9702649434E+01
           DelSqK = -7.7804884894E+02
           Stress_EigVals = -1.6216937711E+00 -1.6209429053E+00 -1.4698939187E+00
           Stress_EigVec1 = -6.6145185080E-02  4.5428195432E-01  8.8839896469E-01
           Stress_EigVec2 =  9.3815959382E-01  3.3154155361E-01 -9.9683372520E-02
           Stress_EigVec3 = -3.3982553026E-01  8.2686643674E-01 -4.4811885117E-01
           -DivStress = -2.6837099803E+00  6.5268697791E+00 -3.5498541750E+00
           ESP =  -1.1014373383E+00     ESP at Nucleus =  -1.1038906972E+00
           ESPe = -1.0991338036E+01     ESPe at Nucleus = -1.0920795837E+01
           ESPn =  9.8899006973E+00     ESPn at Nucleus =  9.8169051401E+00

CP# 4      Coords = -5.93684443605330E+00 -1.70446995236992E+00 -2.68870753124787E+00
           Type = (3,-3) NACP H4
           Rho =  4.2501764687E-01     Rho at Nucleus =  4.2131220979E-01
           GradRho =  1.3979601168E-16 -1.1567717202E-17 -9.3648515536E-16
           HessRho_EigVals = -6.4697813684E+00 -6.4634597679E+00 -5.8686825936E+00
           HessRho_EigVec1 = -3.1944105142E-01  9.4757778657E-01 -7.3316478574E-03
           HessRho_EigVec2 =  9.4230839334E-01  3.1682867031E-01 -1.0804853313E-01
           HessRho_EigVec3 =  1.0006151362E-01  4.1423810339E-02  9.9411858519E-01
           DelSqRho = -1.8801923730E+01
           Bond Ellipticity = NA
           V = -4.7094039825E+00
           G =  4.4615250014E-03
           K =  4.7049424575E+00
           L =  4.7004809325E+00
           Vnuc =  3.8625336142E+01
           Ven = -1.6416449476E+01
           Vrep =  1.1707045494E+01
           DelSqV =  7.0782895524E+02
           DelSqVen =  7.2623062418E+02
           DelSqVrep = -1.8401668940E+01
           DelSqG =  6.9645938706E+01
           DelSqK = -7.7747489394E+02
           Stress_EigVals = -1.6207134025E+00 -1.6199393754E+00 -1.4687512046E+00
           Stress_EigVec1 = -3.2155183262E-01  9.4685024543E-01 -8.8899761268E-03
           Stress_EigVec2 =  9.4165300767E-01  3.1877240617E-01 -1.0804520443E-01
           Stress_EigVec3 =  9.9468749254E-02  4.3113406249E-02  9.9410623282E-01
           -DivStress = -7.8926958349E-01 -3.3288218246E-01 -7.8597782013E+00
           ESP =  -1.1020522009E+00     ESP at Nucleus =  -1.1045102826E+00
           ESPe = -1.1211268759E+01     ESPe at Nucleus = -1.1140243501E+01
           ESPn =  1.0109216558E+01     ESPn at Nucleus =  1.0035733218E+01

CP# 5      Coords =  3.35274060279183E-01  4.99037549626029E+00  1.47767506529129E-01
           Type = (3,-3) NACP C5
           Rho =  1.1767630576E+02     Rho at Nucleus =  1.1767630571E+02
           GradRho = -8.6945541045E-11  4.8959857002E-11 -1.3281320488E-11
           HessRho_EigVals = -1.4500413475E+05 -1.4500316369E+05 -1.4500303105E+05
           HessRho_EigVec1 =  2.8841667235E-01  2.0458424410E-01  9.3539355898E-01
           HessRho_EigVec2 =  3.2784516170E-01  8.9675921781E-01 -2.9722122269E-01
           HessRho_EigVec3 =  8.9962957547E-01 -3.9238780859E-01 -1.9156835491E-01
           DelSqRho = -4.3501032948E+05
           Bond Ellipticity = NA
           V = -1.0876282490E+05
           G =  5.1212667184E+00
           K =  1.0875770364E+05
           L =  1.0875258237E+05
           Vnuc =  7.7407920834E+06
           Ven = -9.1090781600E+08
           Vrep =  9.1079905317E+08
           DelSqV =  2.4952463390E+09
           DelSqVen =  3.3673243525E+12
           DelSqVrep = -3.3648288440E+12
           DelSqG =  1.3403172793E+08
           DelSqK = -2.6292780669E+09
           Stress_EigVals = -3.6254515724E+04 -3.6254423414E+04 -3.6253885766E+04
           Stress_EigVec1 =  8.8013668224E-01 -4.4659237577E-01 -1.6098034191E-01
           Stress_EigVec2 =  3.9207055911E-01  8.7502723990E-01 -2.8391549115E-01
           Stress_EigVec3 =  2.6765667797E-01  1.8676878576E-01  9.4523929426E-01
           -DivStress =  5.4441107643E+02 -3.0763848897E+02  8.2799834679E+01
           ESP =  -1.4739072547E+01     ESP at Nucleus =  -1.4739072557E+01
           ESPe = -2.4721324869E+01     ESPe at Nucleus = -2.4721325781E+01
           ESPn =  9.9822523212E+00     ESPn at Nucleus =  9.9822532243E+00

CP# 6      Coords =  1.61158845856973E+00 -6.30939165194182E-01 -2.38635014728981E-01
           Type = (3,-3) NACP C6
           Rho =  1.1768243744E+02     Rho at Nucleus =  1.1768243443E+02
           GradRho =  3.8195141494E-13 -5.7088569982E-12 -1.8928747458E-12
           HessRho_EigVals = -1.4500511216E+05 -1.4500386614E+05 -1.4500302024E+05
           HessRho_EigVec1 = -3.2626185946E-01  9.3683275179E-01 -1.2608566230E-01
           HessRho_EigVec2 = -2.7472485117E-01  3.3653529981E-02  9.6093376258E-01
           HessRho_EigVec3 =  9.0447744870E-01  3.4815490101E-01  2.4639137503E-01
           DelSqRho = -4.3501199854E+05
           Bond Ellipticity = NA
           V = -1.0876304857E+05
           G =  5.0244673084E+00
           K =  1.0875802410E+05
           L =  1.0875299964E+05
           Vnuc =  9.3140659441E+05
           Ven = -1.0961019828E+08
           Vrep =  1.0950143523E+08
           DelSqV =  2.4952449140E+09
           DelSqVen =  4.0517304064E+11
           DelSqVrep = -4.0267779675E+11
           DelSqG =  1.3402479372E+08
           DelSqK = -2.6292697077E+09
           Stress_EigVals = -3.6254778220E+04 -3.6254181598E+04 -3.6254088752E+04
           Stress_EigVec1 =  9.0043519250E-01  3.8353294630E-01  2.0522900188E-01
           Stress_EigVec2 = -2.3739901434E-01  3.7943565456E-02  9.7067089883E-01
           Stress_EigVec3 = -3.6449714964E-01  9.2274740040E-01 -1.2521606508E-01
           -DivStress = -1.1914974135E+03  5.0349897409E+03 -7.4171208716E+02
           ESP =  -1.4684337225E+01     ESP at Nucleus =  -1.4684337459E+01
           ESPe = -2.7775865307E+01     ESPe at Nucleus = -2.7775862995E+01
           ESPn =  1.3091528081E+01     ESPn at Nucleus =  1.3091525536E+01

CP# 7      Coords =  2.60870179889465E+00  3.94977839749947E+00 -2.52467428593250E-01
           Type = (3,-3) NACP C7
           Rho =  1.1764776912E+02     Rho at Nucleus =  1.1764776883E+02
           GradRho =  9.8844790339E-10 -1.4270019138E-09  8.0079450016E-12
           HessRho_EigVals = -1.4495981700E+05 -1.4495905550E+05 -1.4495860270E+05
           HessRho_EigVec1 =  2.1542047879E-01  1.2034185573E-01  9.6907783747E-01
           HessRho_EigVec2 =  2.7405286224E-02  9.9124157935E-01 -1.2918622857E-01
           HessRho_EigVec3 =  9.7613675661E-01 -5.4387214721E-02 -2.1023573262E-01
           DelSqRho = -4.3487747519E+05
           Bond Ellipticity = NA
           V = -1.0872958482E+05
           G =  5.1080090356E+00
           K =  1.0872447681E+05
           L =  1.0871936880E+05
           Vnuc =  3.0360861354E+06
           Ven = -3.5718876068E+08
           Vrep =  3.5708003109E+08
           DelSqV =  2.4944771231E+09
           DelSqVen =  1.3203254641E+12
           DelSqVrep = -1.3178309869E+12
           DelSqG =  1.3398141972E+08
           DelSqK = -2.6284585428E+09
           Stress_EigVals = -3.6243473130E+04 -3.6243281877E+04 -3.6242829810E+04
           Stress_EigVec1 =  9.6735599533E-01 -1.4937830655E-01 -2.0471565603E-01
           Stress_EigVec2 =  1.1747358585E-01  9.8009296495E-01 -1.6005541752E-01
           Stress_EigVec3 =  2.2454918151E-01  1.3078188553E-01  9.6564681095E-01
           -DivStress = -8.8923965983E+02  1.3348076433E+03 -1.0620832846E+01
           ESP =  -1.4725383258E+01     ESP at Nucleus =  -1.4725383283E+01
           ESPe = -2.5757070564E+01     ESPe at Nucleus = -2.5757069989E+01
           ESPn =  1.1031687306E+01     ESPn at Nucleus =  1.1031686707E+01

CP# 8      Coords =  3.26082453927531E+00  1.26666115280039E+00  1.79011768474380E-02
           Type = (3,-3) NACP C8
           Rho =  1.1765079924E+02     Rho at Nucleus =  1.1765079917E+02
           GradRho = -5.3109188054E-11  1.7983181453E-10 -3.3057399700E-11
           HessRho_EigVals = -1.4496468555E+05 -1.4496394105E+05 -1.4496373878E+05
           HessRho_EigVec1 = -1.6172652864E-01  1.9548883390E-03  9.8683367816E-01
           HessRho_EigVec2 = -8.8997748138E-02  9.9589418508E-01 -1.6558168974E-02
           HessRho_EigVec3 =  9.8281429108E-01  9.0503870332E-02  1.6088852879E-01
           DelSqRho = -4.3489236537E+05
           Bond Ellipticity = NA
           V = -1.0873339521E+05
           G =  5.1519359149E+00
           K =  1.0872824328E+05
           L =  1.0872309134E+05
           Vnuc =  6.1983534882E+06
           Ven = -7.2924124188E+08
           Vrep =  7.2913250848E+08
           DelSqV =  2.4945646525E+09
           DelSqVen =  2.6956167905E+12
           DelSqVrep = -2.6931222259E+12
           DelSqG =  1.3398730548E+08
           DelSqK = -2.6285519580E+09
           Stress_EigVals = -3.6244685605E+04 -3.6244589001E+04 -3.6244120608E+04
           Stress_EigVec1 =  8.8344722364E-01  4.4387953453E-01  1.4997320383E-01
           Stress_EigVec2 = -4.3316573253E-01  8.9578957614E-01 -9.9641775550E-02
           Stress_EigVec3 = -1.7857337764E-01  2.3064997271E-02  9.8365621774E-01
           -DivStress =  1.6661349182E+02 -7.6019324327E+02  1.3312916358E+02
           ESP =  -1.4723820078E+01     ESP at Nucleus =  -1.4723820083E+01
           ESPe = -2.6816365226E+01     ESPe at Nucleus = -2.6816365360E+01
           ESPn =  1.2092545147E+01     ESPn at Nucleus =  1.2092545277E+01

CP# 9      Coords = -1.24773617814744E+00  3.89992738997888E+00  7.65708703178620E-01
           Type = (3,-3) NACP H9
           Rho =  4.2438687968E-01     Rho at Nucleus =  4.2065581307E-01
           GradRho =  3.8036251666E-15  3.5702777540E-15 -1.4259969074E-15
           HessRho_EigVals = -6.4631575347E+00 -6.4569745422E+00 -5.8608531165E+00
           HessRho_EigVec1 = -5.8068860952E-01  8.1256969468E-01 -5.0311331286E-02
           HessRho_EigVec2 =  2.2147601529E-01  2.1713678975E-01  9.5068395863E-01
           HessRho_EigVec3 =  7.8342141496E-01  5.4090859285E-01 -3.0605355864E-01
           DelSqRho = -1.8780985193E+01
           Bond Ellipticity = NA
           V = -4.7046235745E+00
           G =  4.6886380468E-03
           K =  4.6999349364E+00
           L =  4.6952462984E+00
           Vnuc =  4.0294541278E+01
           Ven = -1.7100474641E+01
           Vrep =  1.2395851066E+01
           DelSqV =  7.0700897675E+02
           DelSqVen =  7.5677118311E+02
           DelSqVrep = -4.9762206367E+01
           DelSqG =  6.9605109259E+01
           DelSqK = -7.7661408600E+02
           Stress_EigVals = -1.6191016875E+00 -1.6185837563E+00 -1.4669381307E+00
           Stress_EigVec1 = -5.5391667705E-01  8.3128912162E-01  4.6202934611E-02
           Stress_EigVec2 =  2.8015017671E-01  1.3384063496E-01  9.5058011915E-01
           Stress_EigVec3 =  7.8402308217E-01  5.3948594116E-01 -3.0702235409E-01
           -DivStress = -6.2132565488E+00 -4.2873625392E+00  2.4304188980E+00
           ESP =  -1.1026910680E+00     ESP at Nucleus =  -1.1051659724E+00
           ESPe = -1.2995116635E+01     ESPe at Nucleus = -1.2940890892E+01
           ESPn =  1.1892425567E+01     ESPn at Nucleus =  1.1835724919E+01

CP# 10     Coords = -3.32174897876559E-01 -3.98822509880756E-01 -7.01420613362820E-01
           Type = (3,-3) NACP H10
           Rho =  4.2106391521E-01     Rho at Nucleus =  4.1697520891E-01
           GradRho =  1.7707731982E-16 -9.8974105821E-17  3.1084076285E-16
           HessRho_EigVals = -6.4024835846E+00 -6.3928784304E+00 -5.7587027492E+00
           HessRho_EigVec1 =  1.4469722065E-01  9.8758628282E-01 -6.1123222498E-02
           HessRho_EigVec2 = -2.1937773213E-01  9.2255638126E-02  9.7126840156E-01
           HessRho_EigVec3 =  9.6485031222E-01 -1.2713076427E-01  2.3000357343E-01
           DelSqRho = -1.8554064764E+01
           Bond Ellipticity = NA
           V = -4.6481875567E+00
           G =  4.8356828488E-03
           K =  4.6433518739E+00
           L =  4.6385161910E+00
           Vnuc =  4.0777751093E+01
           Ven = -1.7170039529E+01
           Vrep =  1.2521851972E+01
           DelSqV =  6.9670541521E+02
           DelSqVen =  7.5659303472E+02
           DelSqVrep = -5.9887619514E+01
           DelSqG =  6.8513740479E+01
           DelSqK = -7.6521915569E+02
           Stress_EigVals = -1.6035570003E+00 -1.6027428891E+00 -1.4418876673E+00
           Stress_EigVec1 =  1.2801762599E-01  9.9177189282E-01  7.4225209202E-06
           Stress_EigVec2 = -2.2900515896E-01  2.9552637117E-02  9.7297650476E-01
           Stress_EigVec3 =  9.6497053043E-01 -1.2455984208E-01  2.3090413841E-01
           -DivStress = -7.9744196365E+00  1.0110280145E+00 -1.8997348174E+00
           ESP =  -1.0803122586E+00     ESP at Nucleus =  -1.0830341249E+00
           ESPe = -1.4921455094E+01     ESPe at Nucleus = -1.4845494439E+01
           ESPn =  1.3841142835E+01     ESPn at Nucleus =  1.3762460314E+01

CP# 11     Coords =  2.54250927447637E-02  6.96295583175020E+00 -1.37028119591282E-01
           Type = (3,-3) NACP H11
           Rho =  4.2530827781E-01     Rho at Nucleus =  4.2159115290E-01
           GradRho =  1.2092641600E-09 -7.7649796808E-09  1.1248579223E-09
           HessRho_EigVals = -6.4765151879E+00 -6.4703356967E+00 -5.8741289238E+00
           HessRho_EigVec1 =  9.6249712349E-01  1.1533624875E-01 -2.4555414270E-01
           HessRho_EigVec2 =  2.2386200928E-01  1.7363877151E-01  9.5902835090E-01
           HessRho_EigVec3 = -1.5324845212E-01  9.7803227286E-01 -1.4130741371E-01
           DelSqRho = -1.8820979808E+01
           Bond Ellipticity = NA
           V = -4.7145143125E+00
           G =  4.6346802271E-03
           K =  4.7098796323E+00
           L =  4.7052449521E+00
           Vnuc =  3.8609136548E+01
           Ven = -1.6420785373E+01
           Vrep =  1.1706271061E+01
           DelSqV =  7.0857890453E+02
           DelSqVen =  7.2666179224E+02
           DelSqVrep = -1.8082887715E+01
           DelSqG =  6.9746139787E+01
           DelSqK = -7.7832504431E+02
           Stress_EigVals = -1.6224455665E+00 -1.6219772207E+00 -1.4700915254E+00
           Stress_EigVec1 =  9.3582294058E-01  9.9364361061E-02 -3.3817472944E-01
           Stress_EigVec2 =  3.1671892778E-01  1.8397730061E-01  9.3050603096E-01
           Stress_EigVec3 = -1.5467561109E-01  9.7789522783E-01 -1.4069960456E-01
           -DivStress = -1.2085293486E+00  7.7500770007E+00 -1.1225522034E+00
           ESP =  -1.1020275698E+00     ESP at Nucleus =  -1.1045140374E+00
           ESPe = -1.1225812301E+01     ESPe at Nucleus = -1.1145284603E+01
           ESPn =  1.0123784731E+01     ESPn at Nucleus =  1.0040770566E+01

CP# 12     Coords =  5.19581456871133E+00  8.28161226205005E-01  4.04525693132180E-01
           Type = (3,-3) NACP H12
           Rho =  4.2546336477E-01     Rho at Nucleus =  4.2173019768E-01
           GradRho = -4.2005788983E-09  9.6505503764E-10 -8.4273563258E-10
           HessRho_EigVals = -6.4940398948E+00 -6.4864110307E+00 -5.8862439728E+00
           HessRho_EigVec1 =  2.2986416844E-01  9.7289567985E-01 -2.5228162916E-02
           HessRho_EigVec2 = -1.8136125082E-01  6.8289291580E-02  9.8104264401E-01
           HessRho_EigVec3 =  9.5617496347E-01 -2.2093114039E-01  1.9214283863E-01
           DelSqRho = -1.8866694898E+01
           Bond Ellipticity = NA
           V = -4.7256590786E+00
           G =  4.4926770128E-03
           K =  4.7211664016E+00
           L =  4.7166737246E+00
           Vnuc =  4.0554743258E+01
           Ven = -1.7254557524E+01
           Vrep =  1.2528898445E+01
           DelSqV =  7.1037898458E+02
           DelSqVen =  7.6513397482E+02
           DelSqVrep = -5.4754990235E+01
           DelSqG =  7.0065619855E+01
           DelSqK = -7.8044460444E+02
           Stress_EigVals = -1.6265566262E+00 -1.6257102458E+00 -1.4733922066E+00
           Stress_EigVec1 =  2.0887297680E-01  9.7502266512E-01  7.5517428940E-02
           Stress_EigVec2 = -2.0382155855E-01 -3.2121868148E-02  9.7848094404E-01
           Stress_EigVec3 =  9.5646685872E-01 -2.1977030759E-01  1.9202124901E-01
           -DivStress =  7.6054577207E+00 -1.7430446904E+00  1.5251390175E+00
           ESP =  -1.0930485908E+00     ESP at Nucleus =  -1.0955620160E+00
           ESPe = -1.3193334828E+01     ESPe at Nucleus = -1.3106393789E+01
           ESPn =  1.2100286237E+01     ESPn at Nucleus =  1.2010831773E+01

CP# 13     Coords =  4.14470248956565E+00  5.15232614290957E+00 -7.96296078449384E-01
           Type = (3,-3) NACP H13
           Rho =  4.2877594809E-01     Rho at Nucleus =  4.2514273938E-01
           GradRho = -2.5804553806E-15  6.7532242819E-17  3.3827107782E-17
           HessRho_EigVals = -6.5539365955E+00 -6.5459349991E+00 -5.9525646062E+00
           HessRho_EigVec1 =  6.2027358543E-01 -7.8435691683E-01 -6.7012114401E-03
           HessRho_EigVec2 =  2.1513521465E-01  1.6190199880E-01  9.6307039317E-01
           HessRho_EigVec3 =  7.5430598476E-01  5.9880879235E-01 -2.6916632694E-01
           DelSqRho = -1.9052436201E+01
           Bond Ellipticity = NA
           V = -4.7721398949E+00
           G =  4.5154223532E-03
           K =  4.7676244726E+00
           L =  4.7631090502E+00
           Vnuc =  3.9858485629E+01
           Ven = -1.7090359965E+01
           Vrep =  1.2318220070E+01
           DelSqV =  7.1800704612E+02
           DelSqVen =  7.5940125451E+02
           DelSqVrep = -4.1394208395E+01
           DelSqG =  7.0896016245E+01
           DelSqK = -7.8890306236E+02
           Stress_EigVals = -1.6415639276E+00 -1.6405278866E+00 -1.4900480807E+00
           Stress_EigVec1 = -5.9964062622E-01  7.9567159614E-01  8.5661137567E-02
           Stress_EigVec2 =  2.6531328501E-01  9.6669995910E-02  9.5930379583E-01
           Stress_EigVec3 =  7.5500992059E-01  5.9796456667E-01 -2.6906950184E-01
           -DivStress =  5.9458311284E+00  4.7149467183E+00 -2.1193766551E+00
           ESP =  -1.1016368950E+00     ESP at Nucleus =  -1.1040711695E+00
           ESPe = -1.1969375096E+01     ESPe at Nucleus = -1.1884830533E+01
           ESPn =  1.0867738201E+01     ESPn at Nucleus =  1.0780759363E+01

CP# 14     Coords = -5.06698515857308E+00 -3.29607967573936E+00  2.25358125956633E-01
           Type = (3,-3) NACP H14
           Rho =  4.2441948535E-01     Rho at Nucleus =  4.2068728185E-01
           GradRho = -5.2903069024E-15  1.0583501340E-14 -5.5835029102E-15
           HessRho_EigVals = -6.4588474515E+00 -6.4524612871E+00 -5.8558474856E+00
           HessRho_EigVec1 = -5.2019189595E-02  4.5950929121E-01  8.8664830412E-01
           HessRho_EigVec2 =  9.4223710323E-01  3.1675614740E-01 -1.0887967846E-01
           HessRho_EigVec3 = -3.3088252479E-01  8.2976909702E-01 -4.4944410155E-01
           DelSqRho = -1.8767156224E+01
           Bond Ellipticity = NA
           V = -4.7007047357E+00
           G =  4.4578397987E-03
           K =  4.6962468959E+00
           L =  4.6917890561E+00
           Vnuc =  3.8993203511E+01
           Ven = -1.6549475367E+01
           Vrep =  1.1848770631E+01
           DelSqV =  7.0636360695E+02
           DelSqVen =  7.3179154198E+02
           DelSqVrep = -2.5427935028E+01
           DelSqG =  6.9488724223E+01
           DelSqK = -7.7585233118E+02
           Stress_EigVals = -1.6179660192E+00 -1.6172079700E+00 -1.4655307464E+00
           Stress_EigVec1 = -5.6090915265E-02  4.5647924310E-01  8.8796425032E-01
           Stress_EigVec2 =  9.4197668124E-01  3.1900193220E-01 -1.0448779477E-01
           Stress_EigVec3 = -3.3095882104E-01  8.3058080153E-01 -4.4788591282E-01
           -DivStress =  2.6229157791E+00 -6.5807809117E+00  3.5587563919E+00
           ESP =  -1.1024803455E+00     ESP at Nucleus =  -1.1049552133E+00
           ESPe = -1.1709549958E+01     ESPe at Nucleus = -1.1646664358E+01
           ESPn =  1.0607069612E+01     ESPn at Nucleus =  1.0541709144E+01

CP# 15     Coords = -6.12635968028396E+00  5.39815357208271E-01  2.63429621928199E+00
           Type = (3,-3) NACP H15
           Rho =  4.2496459438E-01     Rho at Nucleus =  4.2125869488E-01
           GradRho = -2.0256598116E-15  2.1402404995E-17 -5.6576295162E-16
           HessRho_EigVals = -6.4692007249E+00 -6.4627670753E+00 -5.8680345505E+00
           HessRho_EigVec1 = -3.3448250748E-01  9.4238326324E-01 -5.9361069612E-03
           HessRho_EigVec2 =  9.3813952209E-01  3.3236464298E-01 -9.7097791880E-02
           HessRho_EigVec3 =  8.9530381894E-02  3.8046409446E-02  9.9525714338E-01
           DelSqRho = -1.8800002351E+01
           Bond Ellipticity = NA
           V = -4.7089630111E+00
           G =  4.4812116862E-03
           K =  4.7044817994E+00
           L =  4.7000005877E+00
           Vnuc =  3.8642761693E+01
           Ven = -1.6421805548E+01
           Vrep =  1.1712842537E+01
           DelSqV =  7.0775967131E+02
           DelSqVen =  7.2648401066E+02
           DelSqVrep = -1.8724339351E+01
           DelSqG =  6.9641228718E+01
           DelSqK = -7.7740090003E+02
           Stress_EigVals = -1.6205594973E+00 -1.6198132403E+00 -1.4685902735E+00
           Stress_EigVec1 = -3.3266506959E-01  9.4301188186E-01 -7.9083592183E-03
           Stress_EigVec2 =  9.3884025382E-01  3.3037913384E-01 -9.7101007855E-02
           Stress_EigVec3 =  8.8954647279E-02  3.9726799512E-02  9.9524311207E-01
           -DivStress =  7.0744197664E-01  3.0319767361E-01  7.8689379227E+00
           ESP =  -1.1015818213E+00     ESP at Nucleus =  -1.1040410054E+00
           ESPe = -1.1231483887E+01     ESPe at Nucleus = -1.1163735654E+01
           ESPn =  1.0129902065E+01     ESPn at Nucleus =  1.0059694648E+01

CP# 16     Coords =  2.45329890341046E+00 -3.80256837977623E+00  1.68934372379906E-01
           Type = (3,-3) NACP Cl16
           Rho =  3.0206573778E+03     Rho at Nucleus =  3.0206573678E+03
           GradRho = -6.6697953965E-09 -3.8888581444E-09 -1.9241233606E-11
           HessRho_EigVals = -3.0376787832E+07 -3.0376383369E+07 -3.0376350601E+07
           HessRho_EigVec1 = -2.5024013170E-01  9.6023121302E-01 -1.2383817678E-01
           HessRho_EigVec2 = -2.8911398371E-01  4.7960151594E-02  9.5609253123E-01
           HessRho_EigVec3 =  9.2400918876E-01  2.7505606955E-01  2.6561471663E-01
           DelSqRho = -9.1129521802E+07
           Bond Ellipticity = NA
           V = -2.2809594152E+07
           G =  1.3606850631E+04
           K =  2.2795987301E+07
           L =  2.2782380451E+07
           Vnuc =  2.0974458175E+07
           Ven = -6.3356651833E+10
           Vrep =  6.3333842239E+10
           DelSqV =  4.3101340741E+12
           DelSqVen =  1.9113923492E+15
           DelSqVrep = -1.9070822151E+15
           DelSqG =  2.2935021706E+11
           DelSqK = -4.5394842912E+12
           Stress_EigVals = -7.6032373869E+06 -7.6032291976E+06 -7.6031275673E+06
           Stress_EigVec1 =  9.2397604704E-01  2.7502546542E-01  2.6576165614E-01
           Stress_EigVec2 = -2.8924971035E-01  4.7913215322E-02  9.5605383157E-01
           Stress_EigVec3 = -2.5020565453E-01  9.6024232211E-01 -1.2382169951E-01
           -DivStress =  2.7261890212E+05 -1.0820582979E+06  1.3537931293E+05
           ESP =  -6.4377408862E+01     ESP at Nucleus =  -6.4377408891E+01
           ESPe = -7.1271389852E+01     ESPe at Nucleus = -7.1271388966E+01
           ESPn =  6.8939809902E+00     ESPn at Nucleus =  6.8939800748E+00

