AIMSum (Version 19.02.13, Professional)
Copyright (c) 1997-2019 by Todd A. Keith
AIMSum is a component of the AIMAll package ( http://aim.tkgristmill.com )

TP:  64-bit Linux

Much of the Quantum Theory of Atoms in Molecules (QTAIM) is described in the book:
  "Atoms in Molecules - A Quantum Theory"
  R.F.W. Bader, Oxford University Press, Oxford, 1990

For additional references see:  http://aim.tkgristmill.com/references.html

Wfn File:  /home/mhennefarth/Documents/ML_Diels/summary-pieniazek2006/r_3c-opt/r_3c-opt.wfn
Sum File:  /home/mhennefarth/Documents/ML_Diels/summary-pieniazek2006/r_3c-opt/r_3c-opt.sum

SumViz File:  /home/mhennefarth/Documents/ML_Diels/summary-pieniazek2006/r_3c-opt/r_3c-opt.sumviz

Wfn Title:   Title Card Required                                                           
 
Total memory allocated for AIMSum =        0.946 Megabytes

Atomic units (a.u.) used throughout, except where stated otherwise

Model:  Restricted SCF
 
Restricted, closed-shell, single-determinant wavefunction.
  Number of electrons (from MO Occs)                   =          84.0000000000
  Number of Alpha electrons (from MO Occs)             =          42.0000000000
  Number of Beta electrons (from MO Occs)              =          42.0000000000
  Number of electron pairs (N*(N-1)/2)                 =        3486.0000000000
  Number of electron pairs (from Muller 2EDM)          =        3486.0000000000
 
Nuclear Charges and Cartesian Coordinates:
-------------------------------------------------------------------------------
Atom      Charge                X                  Y                  Z
-------------------------------------------------------------------------------
O1         8.0          -7.7493858000E-01   1.9158331400E+00  -1.7846780100E+00
C2         6.0          -2.5718070500E+00   4.4131685800E+00   1.1241003300E+00
C3         6.0           6.2001525400E+00   1.0787544100E+00  -7.4765438000E-01
C4         6.0          -1.6640446800E+00   4.2522254000E-01   1.1800135000E-01
C5         6.0           6.5787076900E+00  -1.2290839000E-01   1.4295648600E+00
C6         6.0          -2.7826948600E+00   1.8444684400E+00   1.9488464900E+00
C7         6.0          -1.3427360000E+00   4.3409331400E+00  -1.1355927200E+00
H8         1.0           4.5112961300E+00   7.5362033000E-01  -1.8693806900E+00
H9         1.0           5.2129019100E+00  -1.4743256700E+00   2.1540950700E+00
H10        1.0           8.2611581400E+00   1.8821675000E-01   2.5684588700E+00
H11        1.0          -3.6434826400E+00   1.1470571900E+00   3.6631805400E+00
H12        1.0          -7.4988242000E-01   5.7672890700E+00  -2.4669260500E+00
H13        1.0          -3.2447967000E+00   6.0810789900E+00   2.0914179700E+00
H14        1.0           7.5566998300E+00   2.4315122000E+00  -1.4930087400E+00
C15        6.0          -1.2667533600E+00  -2.3426866900E+00  -1.4387427000E-01
F16        9.0          -2.3891862100E+00  -3.2888310900E+00  -2.2291304900E+00
F17        9.0           1.2147907700E+00  -2.9494736500E+00  -3.1558342000E-01
F18        9.0          -2.2266413700E+00  -3.5442315000E+00   1.8857402600E+00
 
Some Atomic Properties:
----------------------
  q(A) = Net Charge of Atom A
  L(A) = Lagrangian of Atom A = -(1/4) Times Atomic Integral of the Laplacian of the Electron Density
  K(A) = Electronic Kinetic Energy of Atom A (Hamiltonian Form)
  K_Scaled(A) = K(A) * E(Mol)/K(Mol) = Approximation to Virial-Based Total Energy of Atom A.
  |Mu_Intra(A)| = Magnitude of Intraatomic Dipole Moment of Atom A
--------------------------------------------------------------------------------------------------
Atom A          q(A)              L(A)              K(A)          K_Scaled(A)      |Mu_Intra(A)|
--------------------------------------------------------------------------------------------------
O1       -1.0936216741E+00  3.4747843520E-05  7.5283800022E+01 -7.5894926808E+01  2.2004431659E-01
C2       -1.5908450400E-02 -2.2125541989E-04  3.7714425457E+01 -3.8020577585E+01  2.4259032236E-01
C3       -8.3211028000E-02 -1.7393435687E-04  3.7696872247E+01 -3.8002881885E+01  9.5331520217E-02
C4        5.0545918980E-01 -2.9236889124E-04  3.7468888856E+01 -3.7773047807E+01  7.2384412932E-01
C5       -8.1836964800E-02 -4.3695062400E-05  3.7696131451E+01 -3.8002135076E+01  9.2946944157E-02
C6       -7.3783380000E-03  1.9179812997E-04  3.7716583594E+01 -3.8022753242E+01  2.6154477243E-01
C7        4.4325352420E-01 -8.3017277293E-05  3.7421833456E+01 -3.7725610428E+01  7.9956305203E-01
H8        5.4799569670E-02  1.6277474378E-05  5.9226144560E-01 -5.9706921081E-01  1.3315708853E-01
H9        4.9767714970E-02  4.3720581052E-05  5.9390894727E-01 -5.9873008630E-01  1.3840108552E-01
H10       3.4127402950E-02  2.4388179479E-05  5.9786555106E-01 -6.0271880837E-01  1.4867875333E-01
H11       9.1615679600E-02  2.1204294025E-05  5.7417901877E-01 -5.7883999734E-01  1.3979449635E-01
H12       1.0503475823E-01  2.2015534133E-05  5.7277145918E-01 -5.7742101169E-01  1.3988796515E-01
H13       7.8052975410E-02  2.1450837644E-05  5.7858066084E-01 -5.8327737036E-01  1.4276278977E-01
H14       3.2634897610E-02  2.3604122484E-05  5.9840457574E-01 -6.0326220866E-01  1.4892531624E-01
C15       1.7711370757E+00  6.5452616841E-05  3.6479391081E+01 -3.6775517645E+01  7.5019824927E-01
F16      -6.2353518380E-01  7.1685955654E-05  9.9629777371E+01 -1.0043853604E+02  3.2450251277E-01
F17      -6.2928764610E-01  5.8811376613E-05  9.9607240353E+01 -1.0041581607E+02  2.9544602980E-01
F18      -6.3119043700E-01  6.0681254684E-05  9.9624172414E+01 -1.0043288558E+02  3.2476137701E-01
--------------------------------------------------------------------------------------------------
Total    -8.6934060000E-05 -1.5843280722E-04  6.4044708796E+02 -6.4564600686E+02
 
1st Largest |L(A)| = 2.9236889124E-04, atom C4      
2nd Largest |L(A)| = 2.2125541989E-04, atom C2      
 
Molecular charge q(Mol) from the wfn file:   0.0000000000E+00
Molecular energy E(Mol) from the wfn file:  -6.4564608949E+02
Molecular virial ratio (-V(Mol)/T(Mol)) from the wfn file:   2.0081176400E+00
Note.  K_Scaled(A) = (1+V(Mol)/T(Mol))*K(A) = (E(Mol)/T(Mol))*K(A)
       Only use K_Scaled(A) data with caution.
 
N_AIMInt(SumA)     =         84.000087
N_Analytic(Mol)    =         83.999986
 
G_AIMInt(SumA)     =        640.447246
G_Analytic(Mol)    =        640.447132
 
K_AIMInt(SumA)     =        640.447088
K_Analytic(Mol)    =        640.447132
 
L_AIMInt(SumA)     =         -0.000158
L_Analytic(Mol)    =          0.000000
 
VenT_AIMInt(SumA)  =      -2774.506509
VenT_Analytic(Mol) =      -2774.504689
 
Some Information About the Atomic Calculations:
----------------------------------------------
  Time(sec) = "Elapsed User Time", in Seconds, for Atom A by AIMInt and, if used, by TWOe
  NProc = Number of Processors Used for AIMInt Job
  BIM = Basin Integration Method
  OAQ = Angular Quadrature Outside of Beta Sphere
  ORQ = Multiple of Default for Radial Quadrature Outside of Beta Sphere
  IAQ = Multiple of Default for Angular Quadrature Inside of Beta Sphere
  IRQ = Multiple of Default for Radial Quadrature Inside of Beta Sphere
  MIR = Maximum Integration Radius
------------------------------------------------------------------------------------------------------
Atom A     Time(sec)   NProc      BIM          OAQ                     ORQ      IAQ      IRQ      MIR
------------------------------------------------------------------------------------------------------
O1             21        8     Proaim(5)    4500(GS4)                  1.00     1.00     1.00    13.00
C2             20        8     Proaim(5)    4500(GS4)                  1.00     1.00     1.00    13.00
C3             22        8     Proaim(5)    4500(GS4)                  1.00     1.00     1.00    13.00
C4             27        8     Proaim(5)    5400(GS5)                  1.00     1.00     1.00    13.00
C5             19        8     Proaim(5)    4500(GS4)                  1.00     1.00     1.00    13.00
C6             22        8     Proaim(5)    4500(GS4)                  1.00     1.00     1.00    13.00
C7             20        8     Proaim(5)    4500(GS4)                  1.00     1.00     1.00    13.00
H8             14        8     Proaim(5)    4500(GS4)                  1.00     1.00     1.00    13.00
H9             12        8     Proaim(5)    4500(GS4)                  1.00     1.00     1.00    13.00
H10             5        8     Proaim(5)    1800(GS4)                  1.00     1.00     1.00    13.00
H11             5        8     Proaim(5)    1800(GS4)                  1.00     1.00     1.00    13.00
H12             5        8     Proaim(5)    1800(GS4)                  1.00     1.00     1.00    13.00
H13             5        8     Proaim(5)    1800(GS4)                  1.00     1.00     1.00    13.00
H14             5        8     Proaim(5)    1800(GS4)                  1.00     1.00     1.00    13.00
C15            30        8     Proaim(5)    5400(GS5)                  1.00     1.00     1.00    13.00
F16             9        8     Proaim(5)    2700(GS4)                  1.00     1.00     1.00    13.00
F17            19        8     Proaim(5)    4500(GS4)                  1.00     1.00     1.00    13.00
F18            11        8     Proaim(5)    2700(GS4)                  1.00     1.00     1.00    13.00
------------------------------------------------------------------------------------------------------
Total         271
Note:  Total wall clock time is less than total of atomic times if more than one atom
       was calculated at a time
 
Electron Density Critical Point Analysis of Molecular Structure:               
---------------------------------------------------------------                
  NACP = Nuclear Attractor Critical Point                                      
  NNACP = Non-Nuclear Attractor Critical Point                                 
  BCP = Bond Critical Point                                                    
  RCP = Ring Critical Point                                                    
  CCP = Cage Critical Point                                                    
  Rho = Electron Density                                                       
  GradRho = Gradient of Electron Density                                       
  HessRho_EigVals = Eigenvalues of the Hessian of Rho, Ascending Order         
  HessRho_EigVecs = Eigenvectors of the Hessian of Rho                         
  DelSqRho = Laplacian of Rho = Trace of Hessian of Rho                        
  Bond Ellipticity = (HessRho_EigVal(1) / HessRho_EigVal(2)) - 1               
  V = Virial Field = Potential Energy Density = Trace of Stress Tensor         
  G = Lagrangian Form of Kinetic Energy Density                                
  K = Hamiltonian Form of Kinetic Energy Density                               
  L = K - G = Lagrangian Density = (-1/4)DelSqRho                              
  Vnuc = Electrostatic Potential from Nuclei                                   
  Ven = Electron-nuclear attractive contribution to Virial Field V             
  Vrep = V - Ven = Repulsive contribution to Virial Field V                    
  DelSqV = Laplacian of V                                                      
  DelSqVen = Laplacian of Ven                                                  
  DelSqVrep = Laplacian of Vrep                                                
  DelSqG = Laplacian of G                                                      
  DelSqK = Laplacian of K                                                      
  Stress_EigVals = Eigenvalues of Stress Tensor, Ascending Order               
  Stress_EigVecs = Eigenvectors of Stress Tensor                               
  -DivStress = Ehrenfest Force Density = Minus Divergence of Stress Tensor     
  ESP = Total Electrostatic Potential                                          
  ESPe = Electrostatic Potential from Electrons                                
  ESPn = Electrostatic Potential from Nuclei                                   
  BP = Bond Path                                                               
  BPL = Bond Path Length                                                       
  GBL = Geometric Bond Length                                                  
  GBL_I = Distance Between Nuclear Attractors                                  
  GBL_II = Distance Between Nuclei                                             
  GBL_III = Sum of Distances Between BCP and Nuclear Attractors                
  GBL_IV = Sum of Distances Between BCP and Nuclei                             

CP# 1      Coords = -7.74943187233113E-01  1.91583592145601E+00 -1.78466991748332E+00
           Type = (3,-3) NACP O1
           Rho =  2.8996762192E+02     Rho at Nucleus =  2.8996759173E+02
           GradRho =  3.0242697235E-11  6.6628626227E-11  3.6415315208E-12
           HessRho_EigVals = -6.3935039935E+05 -6.3933401939E+05 -6.3933340137E+05
           HessRho_EigVec1 =  8.4096084971E-02  9.4520300742E-01 -3.1546651685E-01
           HessRho_EigVec2 = -5.5656584990E-01  3.0715703312E-01  7.7193847665E-01
           HessRho_EigVec3 =  8.2653632904E-01  1.1066088634E-01  5.5189841911E-01
           DelSqRho = -1.9180178201E+06
           Bond Ellipticity = NA
           V = -4.7959811151E+05
           G =  4.6828241841E+01
           K =  4.7955128327E+05
           L =  4.7950445503E+05
           Vnuc =  8.2317673602E+05
           Ven = -2.3869460056E+08
           Vrep =  2.3821500245E+08
           DelSqV =  1.9778758936E+10
           DelSqVen =  1.5788676511E+12
           DelSqVrep = -1.5590888916E+12
           DelSqG =  1.0575424364E+09
           DelSqK = -2.0836301372E+10
           Stress_EigVals = -1.5986744961E+05 -1.5986713318E+05 -1.5986352872E+05
           Stress_EigVec1 =  8.5529681657E-01  9.4155218344E-02  5.0951167840E-01
           Stress_EigVec2 = -5.1093365209E-01  3.1667755602E-01  7.9916339298E-01
           Stress_EigVec3 =  8.6105509324E-02  9.4384856856E-01 -3.1896037512E-01
           -DivStress =  2.9656964548E+04 -1.7930456611E+04 -5.2075330911E+04
           ESP =  -2.2223150016E+01     ESP at Nucleus =  -2.2223151154E+01
           ESPe = -3.8330862615E+01     ESPe at Nucleus = -3.8330847690E+01
           ESPn =  1.6107712599E+01     ESPn at Nucleus =  1.6107696536E+01

CP# 2      Coords = -2.57180713182338E+00  4.41316801417010E+00  1.12410056620453E+00
           Type = (3,-3) NACP C2
           Rho =  1.1762808680E+02     Rho at Nucleus =  1.1762808677E+02
           GradRho = -1.4153178629E-11 -1.3452239322E-11  3.5852931735E-11
           HessRho_EigVals = -1.4493933112E+05 -1.4493894969E+05 -1.4493872328E+05
           HessRho_EigVec1 =  8.7429767538E-01  8.2742678880E-02  4.7828571368E-01
           HessRho_EigVec2 =  2.3470490840E-01  7.9044552347E-01 -5.6578218458E-01
           HessRho_EigVec3 = -4.2487313493E-01  6.0691805337E-01  6.7166457082E-01
           DelSqRho = -4.3481700409E+05
           Bond Ellipticity = NA
           V = -1.0871467462E+05
           G =  5.2117981025E+00
           K =  1.0870946282E+05
           L =  1.0870425102E+05
           Vnuc =  9.6995237239E+06
           Ven = -1.1409364185E+09
           Vrep =  1.1408277038E+09
           DelSqV =  2.4941391731E+09
           DelSqVen =  4.2175176376E+12
           DelSqVrep = -4.2150234985E+12
           DelSqG =  1.3396701089E+08
           DelSqK = -2.6281061840E+09
           Stress_EigVals = -3.6238455458E+04 -3.6238285909E+04 -3.6237933252E+04
           Stress_EigVec1 = -4.0392120691E-01  6.6049641305E-01  6.3292349219E-01
           Stress_EigVec2 = -2.6302893538E-01 -7.4651329836E-01  6.1117401329E-01
           Stress_EigVec3 =  8.7616404729E-01  8.0388952751E-02  4.7526222080E-01
           -DivStress =  6.5075186152E+01  4.6372516354E+02 -1.9091700099E+02
           ESP =  -1.4720618255E+01     ESP at Nucleus =  -1.4720618256E+01
           ESPe = -2.9279843337E+01     ESPe at Nucleus = -2.9279842623E+01
           ESPn =  1.4559225081E+01     ESPn at Nucleus =  1.4559224367E+01

CP# 3      Coords =  6.20015262311348E+00  1.07875500414651E+00 -7.47655207865309E-01
           Type = (3,-3) NACP C3
           Rho =  1.1768045903E+02     Rho at Nucleus =  1.1768045896E+02
           GradRho =  5.2088153235E-11  1.5309181700E-10 -1.8920826017E-10
           HessRho_EigVals = -1.4500868383E+05 -1.4500763110E+05 -1.4500742945E+05
           HessRho_EigVec1 = -4.6829260754E-01  7.3549525600E-01  4.8964146284E-01
           HessRho_EigVec2 =  8.3324516292E-01  5.5196539721E-01 -3.2197806476E-02
           HessRho_EigVec3 = -2.9394647844E-01  3.9291338572E-01 -8.7132917955E-01
           DelSqRho = -4.3502374438E+05
           Bond Ellipticity = NA
           V = -1.0876612466E+05
           G =  5.0942833799E+00
           K =  1.0876103038E+05
           L =  1.0875593609E+05
           Vnuc =  5.8686207646E+06
           Ven = -6.9062198547E+08
           Vrep =  6.9051321934E+08
           DelSqV =  2.4953216209E+09
           DelSqVen =  2.5529896141E+12
           DelSqVrep = -2.5504944235E+12
           DelSqG =  1.3403515655E+08
           DelSqK = -2.6293567775E+09
           Stress_EigVals = -3.6255637488E+04 -3.6255521471E+04 -3.6254965702E+04
           Stress_EigVec1 = -2.1994359627E-01  4.3898620000E-01 -8.7115781043E-01
           Stress_EigVec2 =  8.5629435819E-01  5.1468140483E-01  4.3162757725E-02
           Stress_EigVec3 = -4.6731658070E-01  7.3647414600E-01  4.8910228550E-01
           -DivStress = -6.7979463428E+01 -4.8196619959E+02  6.7246179667E+02
           ESP =  -1.4753420839E+01     ESP at Nucleus =  -1.4753420854E+01
           ESPe = -2.6744563368E+01     ESPe at Nucleus = -2.6744564402E+01
           ESPn =  1.1991142529E+01     ESPn at Nucleus =  1.1991143549E+01

CP# 4      Coords = -1.66404175752851E+00  4.25223620695351E-01  1.17995759755188E-01
           Type = (3,-3) NACP C4
           Rho =  1.1759176616E+02     Rho at Nucleus =  1.1759176319E+02
           GradRho =  1.7403578578E-12  2.5715957142E-12  7.0765615590E-13
           HessRho_EigVals = -1.4487761764E+05 -1.4487585788E+05 -1.4487565012E+05
           HessRho_EigVec1 =  3.1246365040E-01  6.5082977977E-01 -6.9194440886E-01
           HessRho_EigVec2 = -3.7703642787E-01  7.5355288771E-01  5.3851794537E-01
           HessRho_EigVec3 =  8.7190022321E-01  9.2620965184E-02  4.8084442137E-01
           DelSqRho = -4.3462912565E+05
           Bond Ellipticity = NA
           V = -1.0866775932E+05
           G =  5.2389545703E+00
           K =  1.0866252037E+05
           L =  1.0865728141E+05
           Vnuc =  9.3752390038E+05
           Ven = -1.1024509126E+08
           Vrep =  1.1013642350E+08
           DelSqV =  2.4930457576E+09
           DelSqVen =  4.0747519283E+11
           DelSqVrep = -4.0498214656E+11
           DelSqG =  1.3389142072E+08
           DelSqK = -2.6269371783E+09
           Stress_EigVals = -3.6222882868E+04 -3.6222584869E+04 -3.6222291584E+04
           Stress_EigVec1 = -3.5590944016E-01  7.6772269902E-01  5.3285113101E-01
           Stress_EigVec2 =  8.7819851510E-01  7.9809390758E-02  4.7159074336E-01
           Stress_EigVec3 = -3.1952439420E-01 -6.3579266947E-01  7.0261784987E-01
           -DivStress = -2.3698284487E+03 -8.7070276675E+02  4.5310333989E+03
           ESP =  -1.4664740386E+01     ESP at Nucleus =  -1.4664740593E+01
           ESPe = -3.3748299623E+01     ESPe at Nucleus = -3.3748296321E+01
           ESPn =  1.9083559237E+01     ESPn at Nucleus =  1.9083555727E+01

CP# 5      Coords =  6.57870801386806E+00 -1.22908776431020E-01  1.42956576119757E+00
           Type = (3,-3) NACP C5
           Rho =  1.1767918329E+02     Rho at Nucleus =  1.1767918322E+02
           GradRho =  1.9306223287E-11 -9.1834900795E-11  2.2963314583E-10
           HessRho_EigVals = -1.4500666760E+05 -1.4500561949E+05 -1.4500541909E+05
           HessRho_EigVec1 = -4.6963879742E-01  7.3633004961E-01  4.8709081083E-01
           HessRho_EigVec2 =  8.8162212811E-01  4.2033417059E-01  2.1461968286E-01
           HessRho_EigVec3 = -4.6709990242E-02  5.3022376699E-01 -8.4657009972E-01
           DelSqRho = -4.3501770617E+05
           Bond Ellipticity = NA
           V = -1.0876461464E+05
           G =  5.0940457617E+00
           K =  1.0875952059E+05
           L =  1.0875442654E+05
           Vnuc =  5.8102769655E+06
           Ven = -6.8374864800E+08
           Vrep =  6.8363988339E+08
           DelSqV =  2.4952866350E+09
           DelSqVen =  2.5275733115E+12
           DelSqVrep = -2.5250780249E+12
           DelSqG =  1.3403285831E+08
           DelSqK = -2.6293194934E+09
           Stress_EigVals = -3.6255133931E+04 -3.6255017403E+04 -3.6254463301E+04
           Stress_EigVec1 = -1.0467464185E-01  5.0212945338E-01 -8.5843417418E-01
           Stress_EigVec2 =  8.7722969468E-01  4.5326758641E-01  1.5816623496E-01
           Stress_EigVec3 = -4.6852031133E-01  7.3648795452E-01  4.8792848935E-01
           -DivStress = -2.6309040837E+02  3.1413757736E+02 -7.3158631384E+02
           ESP =  -1.4753158269E+01     ESP at Nucleus =  -1.4753158284E+01
           ESPe = -2.6407331365E+01     ESPe at Nucleus = -2.6407332607E+01
           ESPn =  1.1654173096E+01     ESPn at Nucleus =  1.1654174323E+01

CP# 6      Coords = -2.78269471041390E+00  1.84446885527825E+00  1.94884610972113E+00
           Type = (3,-3) NACP C6
           Rho =  1.1764121026E+02     Rho at Nucleus =  1.1764121023E+02
           GradRho = -5.8149041138E-12  4.2898462560E-11 -2.7018609572E-11
           HessRho_EigVals = -1.4495585618E+05 -1.4495521070E+05 -1.4495499728E+05
           HessRho_EigVec1 =  8.7441752560E-01  8.2031694530E-02  4.7818907559E-01
           HessRho_EigVec2 = -2.2210596375E-01  9.4394324782E-01  2.4421319734E-01
           HessRho_EigVec3 = -4.3135012668E-01 -3.1975294523E-01  8.4362024764E-01
           DelSqRho = -4.3486606416E+05
           Bond Ellipticity = NA
           V = -1.0872691800E+05
           G =  5.2009827827E+00
           K =  1.0872171702E+05
           L =  1.0871651604E+05
           Vnuc =  1.0298354270E+07
           Ven = -1.2115108600E+09
           Vrep =  1.2114021331E+09
           DelSqV =  2.4944192889E+09
           DelSqVen =  4.4784028221E+12
           DelSqVrep = -4.4759082718E+12
           DelSqG =  1.3398224460E+08
           DelSqK = -2.6284015335E+09
           Stress_EigVals = -3.6242554669E+04 -3.6242391702E+04 -3.6241971633E+04
           Stress_EigVec1 = -4.5008188564E-01 -2.1527577436E-01  8.6665023925E-01
           Stress_EigVec2 = -1.7251423064E-01  9.7318564317E-01  1.5214645625E-01
           Stress_EigVec3 =  8.7616501668E-01  8.1031135339E-02  4.7515136394E-01
           -DivStress = -1.2238895415E+02 -3.4444711543E+02  3.1107157938E+02
           ESP =  -1.4714694842E+01     ESP at Nucleus =  -1.4714694840E+01
           ESPe = -3.0731426051E+01     ESPe at Nucleus = -3.0731425400E+01
           ESPn =  1.6016731209E+01     ESPn at Nucleus =  1.6016730560E+01

CP# 7      Coords = -1.34273407404292E+00  4.34092700844456E+00 -1.13559526132270E+00
           Type = (3,-3) NACP C7
           Rho =  1.1763296236E+02     Rho at Nucleus =  1.1763295890E+02
           GradRho =  7.8839573758E-12 -5.9179217082E-11  4.5904981205E-12
           HessRho_EigVals = -1.4493271952E+05 -1.4493137688E+05 -1.4493068430E+05
           HessRho_EigVec1 = -2.1776802598E-01  9.4458294773E-01  2.4564230441E-01
           HessRho_EigVec2 =  8.7813668272E-01  7.9779032409E-02  4.7171100523E-01
           HessRho_EigVec3 = -4.2597306643E-01 -3.1843109277E-01  8.4684625867E-01
           DelSqRho = -4.3479478070E+05
           Bond Ellipticity = NA
           V = -1.0870890418E+05
           G =  5.1045003833E+00
           K =  1.0870379968E+05
           L =  1.0869869518E+05
           Vnuc =  8.6818115511E+05
           Ven = -1.0212672114E+08
           Vrep =  1.0201801223E+08
           DelSqV =  2.4939936951E+09
           DelSqVen =  3.7748063488E+11
           DelSqVrep = -3.7498664144E+11
           DelSqG =  1.3394666032E+08
           DelSqK = -2.6279403554E+09
           Stress_EigVals = -3.6236729341E+04 -3.6236158675E+04 -3.6236016160E+04
           Stress_EigVec1 = -4.2222931388E-01 -3.4289395648E-01  8.3913416157E-01
           Stress_EigVec2 =  8.7698541815E-01  7.9732154821E-02  4.7385584288E-01
           Stress_EigVec3 = -2.2938827965E-01  9.3598425099E-01  2.6704774678E-01
           -DivStress = -1.5613540422E+03  4.9740101278E+03  2.0580676412E+03
           ESP =  -1.4668784089E+01     ESP at Nucleus =  -1.4668784303E+01
           ESPe = -2.9957732575E+01     ESPe at Nucleus = -2.9957722255E+01
           ESPn =  1.5288948486E+01     ESPn at Nucleus =  1.5288937952E+01

CP# 8      Coords =  4.54043639121551E+00  7.59343446493896E-01 -1.85021278385564E+00
           Type = (3,-3) NACP H8
           Rho =  4.2509142531E-01     Rho at Nucleus =  4.2132871339E-01
           GradRho =  8.5521867366E-15  1.8620088110E-15  7.5148220979E-15
           HessRho_EigVals = -6.4697922453E+00 -6.4631778351E+00 -5.8635857460E+00
           HessRho_EigVec1 = -3.2190059795E-01 -6.5583262804E-01  6.8283495007E-01
           HessRho_EigVec2 = -4.6632010524E-01  7.3750116471E-01  4.8850546722E-01
           HessRho_EigVec3 =  8.2396939536E-01  1.6116946378E-01  5.4323000603E-01
           DelSqRho = -1.8796555826E+01
           Bond Ellipticity = NA
           V = -4.7082264661E+00
           G =  4.5437547737E-03
           K =  4.7036827114E+00
           L =  4.6991389566E+00
           Vnuc =  4.3220584147E+01
           Ven = -1.8372699718E+01
           Vrep =  1.3664473252E+01
           DelSqV =  7.0736859400E+02
           DelSqVen =  8.1239812277E+02
           DelSqVrep = -1.0502952878E+02
           DelSqG =  6.9608885341E+01
           DelSqK = -7.7697747934E+02
           Stress_EigVals = -1.6207051326E+00 -1.6199985916E+00 -1.4675227420E+00
           Stress_EigVec1 = -3.2379364783E-01 -6.5525726981E-01  6.8249218603E-01
           Stress_EigVec2 = -4.6591423551E-01  7.3825563318E-01  4.8775254508E-01
           Stress_EigVec3 =  8.2345710196E-01  1.6005164929E-01  5.4433617442E-01
           -DivStress = -6.5680251167E+00 -1.2892664088E+00 -4.3211926887E+00
           ESP =  -1.1197691775E+00     ESP at Nucleus =  -1.1222550249E+00
           ESPe = -1.6048357445E+01     ESPe at Nucleus = -1.6014880744E+01
           ESPn =  1.4928588267E+01     ESPn at Nucleus =  1.4892625720E+01

CP# 9      Coords =  5.23642988293555E+00 -1.45118105623442E+00  2.14184832798705E+00
           Type = (3,-3) NACP H9
           Rho =  4.2555182677E-01     Rho at Nucleus =  4.2181437225E-01
           GradRho =  1.2472661792E-15 -2.4806545706E-16  1.1379786002E-15
           HessRho_EigVals = -6.4774084191E+00 -6.4707592701E+00 -5.8729789578E+00
           HessRho_EigVec1 = -5.7864377783E-01  1.6330040228E-01 -7.9906467635E-01
           HessRho_EigVec2 = -4.6850234065E-01  7.3541622294E-01  4.8955953247E-01
           HessRho_EigVec3 =  6.6759039476E-01  6.5764424855E-01 -3.4903740082E-01
           DelSqRho = -1.8821146647E+01
           Bond Ellipticity = NA
           V = -4.7143634591E+00
           G =  4.5383986804E-03
           K =  4.7098250604E+00
           L =  4.7052866617E+00
           Vnuc =  4.2468371866E+01
           Ven = -1.8072493228E+01
           Vrep =  1.3358129769E+01
           DelSqV =  7.0842046344E+02
           DelSqVen =  7.9930345475E+02
           DelSqVrep = -9.0882991306E+01
           DelSqG =  6.9711127952E+01
           DelSqK = -7.7813159140E+02
           Stress_EigVals = -1.6226111994E+00 -1.6218911132E+00 -1.4698611465E+00
           Stress_EigVec1 = -5.7957367654E-01  1.6194037955E-01 -7.9866743200E-01
           Stress_EigVec2 = -4.6872002912E-01  7.3547305460E-01  4.8926569495E-01
           Stress_EigVec3 =  6.6663024816E-01  6.5791693962E-01 -3.5035612283E-01
           -DivStress = -5.3095705752E+00 -5.2236363085E+00  2.7648199834E+00
           ESP =  -1.1194554526E+00     ESP at Nucleus =  -1.1219252903E+00
           ESPe = -1.5180815168E+01     ESPe at Nucleus = -1.5136030134E+01
           ESPn =  1.4061359716E+01     ESPn at Nucleus =  1.4014104844E+01

CP# 10     Coords =  8.23269588577373E+00  1.82935109393349E-01  2.54923042098576E+00
           Type = (3,-3) NACP H10
           Rho =  4.2612748316E-01     Rho at Nucleus =  4.2247545660E-01
           GradRho = -2.8657631823E-15 -1.0289078617E-15 -4.1373154902E-15
           HessRho_EigVals = -6.4891692044E+00 -6.4828175851E+00 -5.8924644504E+00
           HessRho_EigVec1 = -3.3241886084E-01 -6.5954745729E-01  6.7416233397E-01
           HessRho_EigVec2 = -4.6737479618E-01  7.3606873060E-01  4.8965663861E-01
           HessRho_EigVec3 =  8.1918160432E-01  1.5231538143E-01  5.5293898735E-01
           DelSqRho = -1.8864451240E+01
           Bond Ellipticity = NA
           V = -4.7251970394E+00
           G =  4.5421146988E-03
           K =  4.7206549247E+00
           L =  4.7161128100E+00
           Vnuc =  4.0380582065E+01
           Ven = -1.7207275804E+01
           Vrep =  1.2482078765E+01
           DelSqV =  7.1048588324E+02
           DelSqVen =  7.6175752141E+02
           DelSqVrep = -5.1271638169E+01
           DelSqG =  6.9927373711E+01
           DelSqK = -7.8041325696E+02
           Stress_EigVals = -1.6255961988E+00 -1.6248694592E+00 -1.4747313814E+00
           Stress_EigVec1 = -3.3362446503E-01 -6.6045881186E-01  6.7267293253E-01
           Stress_EigVec2 = -4.6767015259E-01  7.3551345312E-01  4.9020871948E-01
           Stress_EigVec3 =  8.1852265986E-01  1.5104343121E-01  5.5426215565E-01
           -DivStress =  6.4376434719E+00  1.1936517301E+00  4.3506928903E+00
           ESP =  -1.1174069742E+00     ESP at Nucleus =  -1.1198387292E+00
           ESPe = -1.2722993062E+01     ESPe at Nucleus = -1.2640554638E+01
           ESPn =  1.1605586088E+01     ESPn at Nucleus =  1.1520715909E+01

CP# 11     Coords = -3.62812243283846E+00  1.15950501984114E+00  3.63257370997579E+00
           Type = (3,-3) NACP H11
           Rho =  4.2140484513E-01     Rho at Nucleus =  4.1744662438E-01
           GradRho =  3.1941528415E-12  2.5886758015E-12 -6.3642951586E-12
           HessRho_EigVals = -6.4179337146E+00 -6.4127670219E+00 -5.7940040050E+00
           HessRho_EigVec1 = -2.2786346252E-01  9.3635951704E-01  2.6703763273E-01
           HessRho_EigVec2 =  8.7774406309E-01  7.8819318203E-02  4.7260223739E-01
           HessRho_EigVec3 = -4.2147787861E-01 -3.4207947896E-01  8.3984404976E-01
           DelSqRho = -1.8624704741E+01
           Bond Ellipticity = NA
           V = -4.6649817666E+00
           G =  4.4027906015E-03
           K =  4.6605789760E+00
           L =  4.6561761854E+00
           Vnuc =  4.2599964635E+01
           Ven = -1.7951831500E+01
           Vrep =  1.3286849733E+01
           DelSqV =  7.0012326803E+02
           DelSqVen =  7.9341176334E+02
           DelSqVrep = -9.3288495308E+01
           DelSqG =  6.8948105206E+01
           DelSqK = -7.6907137324E+02
           Stress_EigVals = -1.6076292970E+00 -1.6075146703E+00 -1.4498377993E+00
           Stress_EigVec1 = -2.3730846791E-01  9.3562228617E-01  2.6133432359E-01
           Stress_EigVec2 =  8.7518177788E-01  8.9161739046E-02  4.7550713975E-01
           Stress_EigVec3 = -4.2159405442E-01 -3.4155690875E-01  8.3999841152E-01
           -DivStress = -3.4322426321E+00 -2.7815252526E+00  6.8391391664E+00
           ESP =  -1.0696264342E+00     ESP at Nucleus =  -1.0723542308E+00
           ESPe = -1.6225038201E+01     ESPe at Nucleus = -1.6124255811E+01
           ESPn =  1.5155411767E+01     ESPn at Nucleus =  1.5051901580E+01

CP# 12     Coords = -7.60678016591674E-01  5.74106787366860E+00 -2.44266637116140E+00
           Type = (3,-3) NACP H12
           Rho =  4.2469396140E-01     Rho at Nucleus =  4.2052173880E-01
           GradRho = -1.4641066137E-15 -5.8390792201E-15  2.5621865740E-15
           HessRho_EigVals = -6.4705385098E+00 -6.4594896546E+00 -5.8137465281E+00
           HessRho_EigVec1 =  3.8548867211E-01 -7.0582980419E-01 -5.9430864976E-01
           HessRho_EigVec2 =  8.7645597270E-01  7.8723927824E-02  4.7500260115E-01
           HessRho_EigVec3 =  2.8848468171E-01  7.0399348768E-01 -6.4897593000E-01
           DelSqRho = -1.8743774693E+01
           Bond Ellipticity = NA
           V = -4.6939245748E+00
           G =  3.9904508514E-03
           K =  4.6899341240E+00
           L =  4.6859436731E+00
           Vnuc =  4.0832611157E+01
           Ven = -1.7341363387E+01
           Vrep =  1.2647438812E+01
           DelSqV =  7.0367486001E+02
           DelSqVen =  7.6535726363E+02
           DelSqVrep = -6.1682403625E+01
           DelSqG =  6.9281386518E+01
           DelSqK = -7.7295624653E+02
           Stress_EigVals = -1.6198287875E+00 -1.6194483751E+00 -1.4546474123E+00
           Stress_EigVec1 =  3.8280758355E-01 -7.0534005582E-01 -5.9661860484E-01
           Stress_EigVec2 =  8.7776769293E-01  7.6324617149E-02  4.7296768395E-01
           Stress_EigVec3 =  2.8806636600E-01  7.0474815252E-01 -6.4834235579E-01
           -DivStress =  2.4264844646E+00  5.8958217495E+00 -5.4531819762E+00
           ESP =  -1.0583722887E+00     ESP at Nucleus =  -1.0612042511E+00
           ESPe = -1.5094214646E+01     ESPe at Nucleus = -1.4987908576E+01
           ESPn =  1.4035842357E+01     ESPn at Nucleus =  1.3926704325E+01

CP# 13     Coords = -3.23292529152052E+00  6.05169279183419E+00  2.07433335196696E+00
           Type = (3,-3) NACP H13
           Rho =  4.2214418539E-01     Rho at Nucleus =  4.1826858453E-01
           GradRho =  6.2077079588E-15 -1.6717530138E-14 -8.0838113981E-15
           HessRho_EigVals = -6.4301984230E+00 -6.4246590144E+00 -5.8141164118E+00
           HessRho_EigVec1 =  3.4916017034E-01  5.7115601817E-01 -7.4287817195E-01
           HessRho_EigVec2 =  8.7732164756E-01  7.9285604920E-02  4.7330805990E-01
           HessRho_EigVec3 = -3.2923229211E-01  8.1700342457E-01  4.7340416356E-01
           DelSqRho = -1.8668973849E+01
           Bond Ellipticity = NA
           V = -4.6760575347E+00
           G =  4.4070362059E-03
           K =  4.6716504985E+00
           L =  4.6672434623E+00
           Vnuc =  4.1062602168E+01
           Ven = -1.7334338742E+01
           Vrep =  1.2658281207E+01
           DelSqV =  7.0216621108E+02
           DelSqVen =  7.6659664605E+02
           DelSqVrep = -6.4430434971E+01
           DelSqG =  6.9140656760E+01
           DelSqK = -7.7130686784E+02
           Stress_EigVals = -1.6105973081E+00 -1.6105918746E+00 -1.4548683520E+00
           Stress_EigVec1 =  8.4942042486E-01  3.7223388036E-02  5.2640228079E-01
           Stress_EigVec2 = -4.1224436344E-01 -5.7593972146E-01  7.0593768993E-01
           Stress_EigVec3 = -3.2945337553E-01  8.1664426566E-01  4.7386983099E-01
           -DivStress = -2.6590733825E+00  6.5818761257E+00  3.8268061985E+00
           ESP =  -1.0724731432E+00     ESP at Nucleus =  -1.0751509970E+00
           ESPe = -1.4361188554E+01     ESPe at Nucleus = -1.4260448687E+01
           ESPn =  1.3288715411E+01     ESPn at Nucleus =  1.3185297690E+01

CP# 14     Coords =  7.53377278450498E+00  2.40869361142669E+00 -1.48045427150709E+00
           Type = (3,-3) NACP H14
           Rho =  4.2622003477E-01     Rho at Nucleus =  4.2257792900E-01
           GradRho = -5.0396739230E-09 -5.0138699147E-09  2.7566119474E-09
           HessRho_EigVals = -6.4911117595E+00 -6.4848130893E+00 -5.8953874145E+00
           HessRho_EigVec1 = -5.8647985232E-01  1.5232585223E-01 -7.9551129317E-01
           HessRho_EigVec2 = -4.6808002320E-01  7.3780325821E-01  4.8636143357E-01
           HessRho_EigVec3 =  6.6101624390E-01  6.5760412630E-01 -3.6140605747E-01
           DelSqRho = -1.8871312263E+01
           Bond Ellipticity = NA
           V = -4.7269275707E+00
           G =  4.5497524499E-03
           K =  4.7223778183E+00
           L =  4.7178280658E+00
           Vnuc =  4.0824778216E+01
           Ven = -1.7400338391E+01
           Vrep =  1.2673410820E+01
           DelSqV =  7.1079808989E+02
           DelSqVen =  7.7041715042E+02
           DelSqVrep = -5.9619060530E+01
           DelSqG =  6.9962792364E+01
           DelSqK = -7.8076088226E+02
           Stress_EigVals = -1.6260957269E+00 -1.6253656782E+00 -1.4754661656E+00
           Stress_EigVec1 =  5.8989061171E-01 -1.5438477312E-01  7.9258716116E-01
           Stress_EigVec2 = -4.6540422391E-01  7.3711407503E-01  4.8996096657E-01
           Stress_EigVec3 =  6.5986966484E-01  6.5789678691E-01 -3.6296534710E-01
           -DivStress =  5.1870427641E+00  5.1637874206E+00 -2.8422128466E+00
           ESP =  -1.1172773876E+00     ESP at Nucleus =  -1.1197015138E+00
           ESPe = -1.3121961168E+01     ESPe at Nucleus = -1.3039739760E+01
           ESPn =  1.2004683780E+01     ESPn at Nucleus =  1.1920038247E+01

CP# 15     Coords = -1.26675231008790E+00 -2.34269469553741E+00 -1.43874687665768E-01
           Type = (3,-3) NACP C15
           Rho =  1.1735376238E+02     Rho at Nucleus =  1.1735375766E+02
           GradRho =  5.5469795424E-12 -9.8598906817E-13  5.1884885277E-13
           HessRho_EigVals = -1.4452044963E+05 -1.4452039242E+05 -1.4451851038E+05
           HessRho_EigVec1 =  6.5476044611E-01  1.4279292184E-01 -7.4222566627E-01
           HessRho_EigVec2 =  7.4509097461E-01  4.3056890511E-02  6.6557159174E-01
           HessRho_EigVec3 = -1.2699684153E-01  9.8881559739E-01  7.8201768465E-02
           DelSqRho = -4.3355935243E+05
           Bond Ellipticity = NA
           V = -1.0839893357E+05
           G =  4.5477333089E+00
           K =  1.0839438584E+05
           L =  1.0838983811E+05
           Vnuc =  7.4214521648E+05
           Ven = -8.7093533386E+07
           Vrep =  8.6985134453E+07
           DelSqV =  2.4868508938E+09
           DelSqVen =  3.2176399898E+11
           DelSqVrep = -3.1927714808E+11
           DelSqG =  1.3349728714E+08
           DelSqK = -2.6203481809E+09
           Stress_EigVals = -3.6133345160E+04 -3.6132800451E+04 -3.6132787963E+04
           Stress_EigVec1 = -1.2697864278E-01  9.8846732514E-01  8.2515279864E-02
           Stress_EigVec2 =  5.7821388929E-01  6.1709100876E-03  8.1586188666E-01
           Stress_EigVec3 =  8.0594362242E-01  1.5130851596E-01 -5.7232911029E-01
           -DivStress = -8.4851756572E+02  6.4696035905E+03  3.3781234294E+02
           ESP =  -1.4469152309E+01     ESP at Nucleus =  -1.4469152583E+01
           ESPe = -3.4237501546E+01     ESPe at Nucleus = -3.4237503089E+01
           ESPn =  1.9768349238E+01     ESPn at Nucleus =  1.9768350506E+01

CP# 16     Coords = -2.38918299118828E+00 -3.28882862911753E+00 -2.22912467715129E+00
           Type = (3,-3) NACP F16
           Rho =  4.1879999836E+02     Rho at Nucleus =  4.1879996889E+02
           GradRho = -1.8436097093E-10 -1.9382706551E-10  2.0752788377E-10
           HessRho_EigVals = -1.1739918071E+06 -1.1739489366E+06 -1.1739473024E+06
           HessRho_EigVec1 =  4.3692796299E-01  3.8296589916E-01  8.1389868856E-01
           HessRho_EigVec2 =  7.2940908242E-01  3.7863826976E-01 -5.6973278926E-01
           HessRho_EigVec3 = -5.2636142112E-01  8.4259728266E-01 -1.1390115719E-01
           DelSqRho = -3.5218880460E+06
           Bond Ellipticity = NA
           V = -8.8070491575E+05
           G =  1.1645212390E+02
           K =  8.8058846363E+05
           L =  8.8047201150E+05
           Vnuc =  1.2701934550E+06
           Ven = -5.3195701689E+08
           Vrep =  5.3107631197E+08
           DelSqV =  4.6347596748E+10
           DelSqVen =  4.4734791475E+12
           DelSqVrep = -4.4271315508E+12
           DelSqG =  2.4689751730E+09
           DelSqK = -4.8816571921E+10
           Stress_EigVals = -2.9357216707E+05 -2.9357176793E+05 -2.9356098076E+05
