AIMSum (Version 19.02.13, Professional)
Copyright (c) 1997-2019 by Todd A. Keith
AIMSum is a component of the AIMAll package ( http://aim.tkgristmill.com )

TP:  64-bit Linux

Much of the Quantum Theory of Atoms in Molecules (QTAIM) is described in the book:
  "Atoms in Molecules - A Quantum Theory"
  R.F.W. Bader, Oxford University Press, Oxford, 1990

For additional references see:  http://aim.tkgristmill.com/references.html

Wfn File:  /home/mhennefarth/Documents/ML_Diels/summary-pieniazek2006/r_5b-opt/r_5b-opt.wfn
Sum File:  /home/mhennefarth/Documents/ML_Diels/summary-pieniazek2006/r_5b-opt/r_5b-opt.sum

SumViz File:  /home/mhennefarth/Documents/ML_Diels/summary-pieniazek2006/r_5b-opt/r_5b-opt.sumviz

Wfn Title:   Title Card Required                                                           
 
Total memory allocated for AIMSum =        0.821 Megabytes

Atomic units (a.u.) used throughout, except where stated otherwise

Model:  Restricted SCF
 
Restricted, closed-shell, single-determinant wavefunction.
  Number of electrons (from MO Occs)                   =          80.0000000000
  Number of Alpha electrons (from MO Occs)             =          40.0000000000
  Number of Beta electrons (from MO Occs)              =          40.0000000000
  Number of electron pairs (N*(N-1)/2)                 =        3160.0000000000
  Number of electron pairs (from Muller 2EDM)          =        3160.0000000000
 
Nuclear Charges and Cartesian Coordinates:
-------------------------------------------------------------------------------
Atom      Charge                X                  Y                  Z
-------------------------------------------------------------------------------
C1         6.0          -4.6250317100E+00   3.9092693300E+00   1.1113019500E+00
C2         6.0          -4.7287024500E+00   3.7378048200E+00  -1.3980879100E+00
H3         1.0          -4.9720245700E+00   5.6767894800E+00   2.1011391100E+00
H4         1.0          -5.1648035200E+00   5.3565573900E+00  -2.5870062600E+00
C5         6.0           5.9724258700E+00   3.1782728600E+00   5.4521114000E-01
C6         6.0           1.2925405400E+00  -1.4522858000E-01  -1.8081243000E-01
C7         6.0           5.8581416100E+00   8.5113798000E-01  -4.4393019000E-01
C8         6.0           3.7033756500E+00  -8.8997437000E-01  -2.7234925000E-01
H9         1.0           4.4348195000E+00   3.9653145400E+00   1.6568457000E+00
H10        1.0           6.5467044000E-01   1.7974151100E+00  -2.8716625000E-01
H11        1.0           7.6290180600E+00   4.3625333300E+00   2.9201882000E-01
H12        1.0           7.4993109600E+00   1.1774136000E-01  -1.4499840600E+00
H13        1.0          -4.3847771300E+00   1.9520630400E+00  -2.3547062000E+00
H14        1.0          -4.1937260600E+00   2.2681405300E+00   2.2702733100E+00
Br15      35.0          -1.4418630500E+00  -2.4697653400E+00   1.2741655000E-01
H16        1.0           4.1262220200E+00  -2.9024600200E+00  -2.6899326000E-01
 
Some Atomic Properties:
----------------------
  q(A) = Net Charge of Atom A
  L(A) = Lagrangian of Atom A = -(1/4) Times Atomic Integral of the Laplacian of the Electron Density
  K(A) = Electronic Kinetic Energy of Atom A (Hamiltonian Form)
  K_Scaled(A) = K(A) * E(Mol)/K(Mol) = Approximation to Virial-Based Total Energy of Atom A.
  |Mu_Intra(A)| = Magnitude of Intraatomic Dipole Moment of Atom A
--------------------------------------------------------------------------------------------------
Atom A          q(A)              L(A)              K(A)          K_Scaled(A)      |Mu_Intra(A)|
--------------------------------------------------------------------------------------------------
C1       -8.9244571900E-02 -1.2324133033E-04  3.7699267313E+01 -3.7944208877E+01  9.8801764430E-02
C2       -8.8132051200E-02 -1.3511168055E-05  3.7699117517E+01 -3.7944058108E+01  9.9432895503E-02
H3        3.7536515600E-02  2.0271819093E-05  5.9644819152E-01 -6.0032346453E-01  1.4774098897E-01
H4        3.8081573970E-02  1.8700068312E-05  5.9625344670E-01 -6.0012745440E-01  1.4759452890E-01
C5       -7.8776141900E-02  3.4481198329E-05  3.7701121941E+01 -3.7946075555E+01  1.1964330580E-01
C6       -1.2882100240E-01 -4.7171563683E-05  3.7697676891E+01 -3.7942608122E+01  7.5496702237E-02
C7       -2.4751967200E-02 -2.3028613630E-04  3.7696146899E+01 -3.7941068189E+01  9.3583102287E-02
C8        1.9357715400E-02 -3.9082397151E-05  3.7693723558E+01 -3.7938629104E+01  1.4958124881E-01
H9        4.5997441300E-02  2.0881046912E-05  5.9273924924E-01 -5.9659042432E-01  1.4722538725E-01
H10       1.0748747348E-01  3.1098144728E-05  5.7253286954E-01 -5.7625275873E-01  1.4418141933E-01
H11       4.8370612720E-02  2.5337746541E-05  5.9260552846E-01 -5.9645583473E-01  1.4672591565E-01
H12       4.1507761870E-02  2.9587758721E-05  5.9907674642E-01 -6.0296909781E-01  1.4959387265E-01
H13       4.9918890980E-02  3.6523641234E-06  5.9203777009E-01 -5.9588438749E-01  1.4316823885E-01
H14       4.9198819700E-02  3.8503451987E-05  5.9227280222E-01 -5.9612094668E-01  1.4349305928E-01
Br15     -8.8570255000E-02 -6.8731800995E-06  2.5560591709E+03 -2.5726665264E+03  3.2203261432E-01
H16       6.0649672310E-02  2.9520996414E-05  5.9120260156E-01 -5.9504379267E-01  1.4696137038E-01
--------------------------------------------------------------------------------------------------
Total    -1.8951227000E-04 -2.0813118046E-04  2.7875713942E+03 -2.8056829425E+03
 
1st Largest |L(A)| = 2.3028613630E-04, atom C7      
2nd Largest |L(A)| = 1.2324133033E-04, atom C1      
 
Molecular charge q(Mol) from the wfn file:   0.0000000000E+00
Molecular energy E(Mol) from the wfn file:  -2.8056830172E+03
Molecular virial ratio (-V(Mol)/T(Mol)) from the wfn file:   2.0064972500E+00
Note.  K_Scaled(A) = (1+V(Mol)/T(Mol))*K(A) = (E(Mol)/T(Mol))*K(A)
       Only use K_Scaled(A) data with caution.
 
N_AIMInt(SumA)     =         80.000190
N_Analytic(Mol)    =         79.999992
 
G_AIMInt(SumA)     =       2787.571602
G_Analytic(Mol)    =       2787.571433
 
K_AIMInt(SumA)     =       2787.571394
K_Analytic(Mol)    =       2787.571433
 
L_AIMInt(SumA)     =         -0.000208
L_Analytic(Mol)    =          0.000000
 
VenT_AIMInt(SumA)  =      -7530.684488
VenT_Analytic(Mol) =      -7530.681021
 
Some Information About the Atomic Calculations:
----------------------------------------------
  Time(sec) = "Elapsed User Time", in Seconds, for Atom A by AIMInt and, if used, by TWOe
  NProc = Number of Processors Used for AIMInt Job
  BIM = Basin Integration Method
  OAQ = Angular Quadrature Outside of Beta Sphere
  ORQ = Multiple of Default for Radial Quadrature Outside of Beta Sphere
  IAQ = Multiple of Default for Angular Quadrature Inside of Beta Sphere
  IRQ = Multiple of Default for Radial Quadrature Inside of Beta Sphere
  MIR = Maximum Integration Radius
------------------------------------------------------------------------------------------------------
Atom A     Time(sec)   NProc      BIM          OAQ                     ORQ      IAQ      IRQ      MIR
------------------------------------------------------------------------------------------------------
C1             26        8     Proaim(5)    4500(GS4)                  1.00     1.00     1.00    13.00
C2             28        8     Proaim(5)    4500(GS4)                  1.00     1.00     1.00    13.00
H3              5        8     Proaim(5)    1800(GS4)                  1.00     1.00     1.00    13.00
H4              4        8     Proaim(5)    1800(GS4)                  1.00     1.00     1.00    13.00
C5             23        8     Proaim(5)    4500(GS4)                  1.00     1.00     1.00    13.00
C6             27        8     Proaim(5)    4500(GS4)                  1.00     1.00     1.00    13.00
C7             23        8     Proaim(5)    4500(GS4)                  1.00     1.00     1.00    13.00
C8             25        8     Proaim(5)    4500(GS4)                  1.00     1.00     1.00    13.00
H9              8        8     Proaim(5)    1800(GS4)                  1.00     1.00     1.00    13.00
H10            14        8     Proaim(5)    4500(GS4)                  1.00     1.00     1.00    13.00
H11             5        8     Proaim(5)    1800(GS4)                  1.00     1.00     1.00    13.00
H12             8        8     Proaim(5)    1800(GS4)                  1.00     1.00     1.00    13.00
H13            13        8     Proaim(5)    4500(GS4)                  1.00     1.00     1.00    13.00
H14            10        8     Proaim(5)    4500(GS4)                  1.00     1.00     1.00    13.00
Br15           22        8     Proaim(5)    4500(GS4)                  1.00     1.00     1.00    13.00
H16             5        8     Proaim(5)    1800(GS4)                  1.00     1.00     1.00    13.00
------------------------------------------------------------------------------------------------------
Total         246
Note:  Total wall clock time is less than total of atomic times if more than one atom
       was calculated at a time
 
Electron Density Critical Point Analysis of Molecular Structure:               
---------------------------------------------------------------                
  NACP = Nuclear Attractor Critical Point                                      
  NNACP = Non-Nuclear Attractor Critical Point                                 
  BCP = Bond Critical Point                                                    
  RCP = Ring Critical Point                                                    
  CCP = Cage Critical Point                                                    
  Rho = Electron Density                                                       
  GradRho = Gradient of Electron Density                                       
  HessRho_EigVals = Eigenvalues of the Hessian of Rho, Ascending Order         
  HessRho_EigVecs = Eigenvectors of the Hessian of Rho                         
  DelSqRho = Laplacian of Rho = Trace of Hessian of Rho                        
  Bond Ellipticity = (HessRho_EigVal(1) / HessRho_EigVal(2)) - 1               
  V = Virial Field = Potential Energy Density = Trace of Stress Tensor         
  G = Lagrangian Form of Kinetic Energy Density                                
  K = Hamiltonian Form of Kinetic Energy Density                               
  L = K - G = Lagrangian Density = (-1/4)DelSqRho                              
  Vnuc = Electrostatic Potential from Nuclei                                   
  Ven = Electron-nuclear attractive contribution to Virial Field V             
  Vrep = V - Ven = Repulsive contribution to Virial Field V                    
  DelSqV = Laplacian of V                                                      
  DelSqVen = Laplacian of Ven                                                  
  DelSqVrep = Laplacian of Vrep                                                
  DelSqG = Laplacian of G                                                      
  DelSqK = Laplacian of K                                                      
  Stress_EigVals = Eigenvalues of Stress Tensor, Ascending Order               
  Stress_EigVecs = Eigenvectors of Stress Tensor                               
  -DivStress = Ehrenfest Force Density = Minus Divergence of Stress Tensor     
  ESP = Total Electrostatic Potential                                          
  ESPe = Electrostatic Potential from Electrons                                
  ESPn = Electrostatic Potential from Nuclei                                   
  BP = Bond Path                                                               
  BPL = Bond Path Length                                                       
  GBL = Geometric Bond Length                                                  
  GBL_I = Distance Between Nuclear Attractors                                  
  GBL_II = Distance Between Nuclei                                             
  GBL_III = Sum of Distances Between BCP and Nuclear Attractors                
  GBL_IV = Sum of Distances Between BCP and Nuclei                             

CP# 1      Coords = -4.62503166204552E+00  3.90926961747301E+00  1.11130285566481E+00
           Type = (3,-3) NACP C1
           Rho =  1.1768564879E+02     Rho at Nucleus =  1.1768564873E+02
           GradRho =  5.6413429483E-11  3.2301508690E-11  1.9196999546E-10
           HessRho_EigVals = -1.4501598122E+05 -1.4501488506E+05 -1.4501469183E+05
           HessRho_EigVec1 =  9.7407888269E-01  2.1761261161E-01 -6.1766346610E-02
           HessRho_EigVec2 = -2.1150007519E-01  9.7298641654E-01  9.2548103333E-02
           HessRho_EigVec3 =  8.0237450717E-02 -7.7085566137E-02  9.9379060521E-01
           DelSqRho = -4.3504555811E+05
           Bond Ellipticity = NA
           V = -1.0877157882E+05
           G =  5.0946468545E+00
           K =  1.0876648418E+05
           L =  1.0876138953E+05
           Vnuc =  6.3064825674E+06
           Ven = -7.4218249254E+08
           Vrep =  7.4207372096E+08
           DelSqV =  2.4954471424E+09
           DelSqVen =  2.7436069683E+12
           DelSqVrep = -2.7411115212E+12
           DelSqG =  1.3404272625E+08
           DelSqK = -2.6294898687E+09
           Stress_EigVals = -3.6257456821E+04 -3.6257343983E+04 -3.6256778017E+04
           Stress_EigVec1 =  5.7452708812E-02  7.8407074445E-03  9.9831743927E-01
           Stress_EigVec2 = -2.1978386074E-01  9.7553584640E-01  4.9866773669E-03
           Stress_EigVec3 =  9.7385534902E-01  2.1970055917E-01 -5.7770437872E-02
           -DivStress = -3.7266141124E+01 -2.3340781532E+02 -7.3555328951E+02
           ESP =  -1.4746261294E+01     ESP at Nucleus =  -1.4746261308E+01
           ESPe = -2.6544462087E+01     ESPe at Nucleus = -2.6544463158E+01
           ESPn =  1.1798200792E+01     ESPn at Nucleus =  1.1798201850E+01

CP# 2      Coords = -4.72870247324341E+00  3.73780498693429E+00 -1.39808882933146E+00
           Type = (3,-3) NACP C2
           Rho =  1.1768622675E+02     Rho at Nucleus =  1.1768622669E+02
           GradRho =  2.3130511395E-11  3.6671998771E-11 -1.8147572334E-10
           HessRho_EigVals = -1.4501670883E+05 -1.4501560221E+05 -1.4501541157E+05
           HessRho_EigVec1 =  9.7459856029E-01  2.1873671052E-01 -4.8082197926E-02
           HessRho_EigVec2 = -2.2395857275E-01  9.5143780826E-01 -2.1120761042E-01
           HessRho_EigVec3 = -4.5163692720E-04  2.1661105346E-01  9.7625787963E-01
           DelSqRho = -4.3504772261E+05
           Bond Ellipticity = NA
           V = -1.0877212007E+05
           G =  5.0947085320E+00
           K =  1.0876702536E+05
           L =  1.0876193065E+05
           Vnuc =  6.4195013250E+06
           Ven = -7.5548688859E+08
           Vrep =  7.5537811647E+08
           DelSqV =  2.4954595137E+09
           DelSqVen =  2.7927893770E+12
           DelSqVrep = -2.7902939175E+12
           DelSqG =  1.3404339724E+08
           DelSqK = -2.6295029110E+09
           Stress_EigVals = -3.6257637548E+04 -3.6257525667E+04 -3.6256956855E+04
           Stress_EigVec1 =  2.4168505662E-02  1.2973955437E-01  9.9125351519E-01
           Stress_EigVec2 = -2.2494613917E-01  9.6682179262E-01 -1.2105724182E-01
           Stress_EigVec3 =  9.7407141309E-01  2.2005287854E-01 -5.2551049821E-02
           -DivStress =  2.0425851344E+01 -1.3555475473E+02  7.4653669275E+02
           ESP =  -1.4746346939E+01     ESP at Nucleus =  -1.4746346952E+01
           ESPe = -2.6536883258E+01     ESPe at Nucleus = -2.6536884318E+01
           ESPn =  1.1790536319E+01     ESPn at Nucleus =  1.1790537365E+01

CP# 3      Coords = -4.96612263857318E+00  5.64680707473108E+00  2.08437082496083E+00
           Type = (3,-3) NACP H3
           Rho =  4.2575376037E-01     Rho at Nucleus =  4.2208411519E-01
           GradRho =  4.0766001685E-17 -1.3496148643E-14 -7.9831974364E-15
           HessRho_EigVals = -6.4828236277E+00 -6.4766246142E+00 -5.8847438415E+00
           HessRho_EigVec1 =  1.4666958670E-01 -4.6011347751E-01  8.7566181837E-01
           HessRho_EigVec2 =  9.7455712725E-01  2.1889126327E-01 -4.8218467271E-02
           HessRho_EigVec3 = -1.6948875496E-01  8.6045464882E-01  4.8051155997E-01
           DelSqRho = -1.8844192083E+01
           Bond Ellipticity = NA
           V = -4.7200852733E+00
           G =  4.5186262450E-03
           K =  4.7155666471E+00
           L =  4.7110480208E+00
           Vnuc =  4.0419925786E+01
           Ven = -1.7208935397E+01
           Vrep =  1.2488850124E+01
           DelSqV =  7.0962870500E+02
           DelSqVen =  7.6168084551E+02
           DelSqVrep = -5.2052140504E+01
           DelSqG =  6.9838224866E+01
           DelSqK = -7.7946692987E+02
           Stress_EigVals = -1.6240189927E+00 -1.6232753652E+00 -1.4727909155E+00
           Stress_EigVec1 =  1.5888904515E-01 -4.5907417396E-01  8.7407389512E-01
           Stress_EigVec2 =  9.7271072494E-01  2.2440519587E-01 -5.8958914867E-02
           Stress_EigVec3 = -1.6908020850E-01  8.5958897787E-01  4.8220189985E-01
           -DivStress = -1.3330807106E+00  6.7741957346E+00  3.7904566863E+00
           ESP =  -1.1105215740E+00     ESP at Nucleus =  -1.1129649093E+00
           ESPe = -1.2841124610E+01     ESPe at Nucleus = -1.2758044748E+01
           ESPn =  1.1730603036E+01     ESPn at Nucleus =  1.1645079839E+01

CP# 4      Coords = -5.15739275440144E+00  5.32908346474105E+00 -2.56684602651067E+00
           Type = (3,-3) NACP H4
           Rho =  4.2573391753E-01     Rho at Nucleus =  4.2206089029E-01
           GradRho =  2.9026260562E-15 -4.3853809473E-15  9.7144514655E-16
           HessRho_EigVals = -6.4825214657E+00 -6.4763510674E+00 -5.8841078492E+00
           HessRho_EigVec1 = -7.7413947824E-02  5.7558379355E-01  8.1407025328E-01
           HessRho_EigVec2 =  9.7405735724E-01  2.1781836731E-01 -6.1379342299E-02
           HessRho_EigVec3 = -2.1264840813E-01  7.8819950232E-01 -5.7751380854E-01
           DelSqRho = -1.8842980382E+01
           Bond Ellipticity = NA
           V = -4.7197679279E+00
           G =  4.5114161795E-03
           K =  4.7152565118E+00
           L =  4.7107450956E+00
           Vnuc =  4.0388620364E+01
           Ven = -1.7194805571E+01
           Vrep =  1.2475037643E+01
           DelSqV =  7.0956729712E+02
           DelSqVen =  7.6104198118E+02
           DelSqVrep = -5.1474684058E+01
           DelSqG =  6.9832396213E+01
           DelSqK = -7.7939969333E+02
           Stress_EigVals = -1.6239435208E+00 -1.6231947966E+00 -1.4726296106E+00
           Stress_EigVec1 = -8.9715304306E-02  5.7441124925E-01  8.1363559467E-01
           Stress_EigVec2 =  9.7306037137E-01  2.2475299118E-01 -5.1377102210E-02
           Stress_EigVec3 = -2.1237861909E-01  7.8710724155E-01 -5.7910060651E-01
           -DivStress = -1.6740440801E+00  6.2067838381E+00 -4.5565537151E+00
           ESP =  -1.1106854610E+00     ESP at Nucleus =  -1.1131308626E+00
           ESPe = -1.2824355584E+01     ESPe at Nucleus = -1.2741104719E+01
           ESPn =  1.1713670123E+01     ESPn at Nucleus =  1.1627973856E+01

CP# 5      Coords =  5.97242588988441E+00  3.17827363150389E+00  5.45211227831169E-01
           Type = (3,-3) NACP C5
           Rho =  1.1767718970E+02     Rho at Nucleus =  1.1767718966E+02
           GradRho = -1.0807743589E-12  1.2929946003E-10  1.4946599514E-11
           HessRho_EigVals = -1.4500448540E+05 -1.4500348441E+05 -1.4500335645E+05
           HessRho_EigVec1 =  4.3990423385E-01 -3.9974134042E-01  8.0417107993E-01
           HessRho_EigVec2 =  8.8981629418E-01  7.3075876405E-02 -4.5042966033E-01
           HessRho_EigVec3 =  1.2128984974E-01  9.1371044486E-01  3.8784274559E-01
           DelSqRho = -4.3501132626E+05
           Bond Ellipticity = NA
           V = -1.0876306866E+05
           G =  5.1185479327E+00
           K =  1.0875795011E+05
           L =  1.0875283156E+05
           Vnuc =  7.7245852684E+06
           Ven = -9.0900748598E+08
           Vrep =  9.0889872291E+08
           DelSqV =  2.4952511274E+09
           DelSqVen =  3.3602823782E+12
           DelSqVrep = -3.3577876514E+12
           DelSqG =  1.3403127644E+08
           DelSqK = -2.6292824039E+09
           Stress_EigVals = -3.6254599429E+04 -3.6254506661E+04 -3.6253962571E+04
           Stress_EigVec1 =  1.1635243169E-01  9.1846491287E-01  3.7800041729E-01
           Stress_EigVec2 =  9.0113735422E-01  6.2408020028E-02 -4.2901830715E-01
           Stress_EigVec3 =  4.1762851971E-01 -3.9054761921E-01  8.2040171663E-01
           -DivStress = -1.7696079532E+01 -6.2759032531E+02 -7.2805566224E+01
           ESP =  -1.4735556947E+01     ESP at Nucleus =  -1.4735556957E+01
           ESPe = -2.6202910693E+01     ESPe at Nucleus = -2.6202911743E+01
           ESPn =  1.1467353746E+01     ESPn at Nucleus =  1.1467354786E+01

CP# 6      Coords =  1.29253601305123E+00 -1.45232346941417E-01 -1.80811714286610E-01
           Type = (3,-3) NACP C6
           Rho =  1.1769895934E+02     Rho at Nucleus =  1.1769895679E+02
           GradRho =  8.7754525868E-12  1.3745671268E-12  3.6309844020E-13
           HessRho_EigVals = -1.4502402652E+05 -1.4502289213E+05 -1.4502203940E+05
           HessRho_EigVec1 =  7.0662528627E-01  7.0393015310E-01 -7.1854327339E-02
           HessRho_EigVec2 =  3.1917752132E-04  1.0123115745E-01  9.9486288045E-01
           HessRho_EigVec3 = -7.0758787647E-01  7.0301820198E-01 -7.1307816930E-02
           DelSqRho = -4.3506895804E+05
           Bond Ellipticity = NA
           V = -1.0877726533E+05
           G =  5.0129095398E+00
           K =  1.0877225242E+05
           L =  1.0876723951E+05
           Vnuc =  1.0113842823E+06
           Ven = -1.1903887752E+08
           Vrep =  1.1893010026E+08
           DelSqV =  2.4955683552E+09
           DelSqVen =  4.4002190336E+11
           DelSqVrep = -4.3752633500E+11
           DelSqG =  1.3404088414E+08
           DelSqK = -2.6296092393E+09
           Stress_EigVals = -3.6259517743E+04 -3.6258918944E+04 -3.6258828644E+04
           Stress_EigVec1 =  7.3253812041E-01 -6.8008043568E-01  2.9639553737E-02
           Stress_EigVec2 =  1.4521337152E-02  5.9142963990E-02  9.9814389773E-01
           Stress_EigVec3 =  6.8057110790E-01  7.3074804879E-01 -5.3200152974E-02
           -DivStress =  3.6735558738E+03  3.0583446317E+03 -5.8000664056E+02
           ESP =  -1.4686697676E+01     ESP at Nucleus =  -1.4686697871E+01
           ESPe = -3.2493010254E+01     ESPe at Nucleus = -3.2493000399E+01
           ESPn =  1.7806312578E+01     ESPn at Nucleus =  1.7806302528E+01

CP# 7      Coords =  5.85814054060191E+00  8.51136360139041E-01 -4.43930445312396E-01
           Type = (3,-3) NACP C7
           Rho =  1.1765097262E+02     Rho at Nucleus =  1.1765097234E+02
           GradRho = -9.3154170488E-10 -1.4085683731E-09 -2.2943436040E-10
           HessRho_EigVals = -1.4496421463E+05 -1.4496345370E+05 -1.4496301132E+05
           HessRho_EigVec1 =  3.3084492163E-01 -3.7691856422E-01  8.6514393819E-01
           HessRho_EigVec2 =  8.9552768345E-01  4.1452228262E-01 -1.6186860530E-01
           HessRho_EigVec3 = -2.9761015775E-01  8.2831375285E-01  4.7468360077E-01
           DelSqRho = -4.3489067965E+05
           Bond Ellipticity = NA
           V = -1.0873288949E+05
           G =  5.1097879265E+00
           K =  1.0872777970E+05
           L =  1.0872266991E+05
           Vnuc =  3.0647712443E+06
           Ven = -3.6057331775E+08
           Vrep =  3.6046458486E+08
           DelSqV =  2.4945530679E+09
           DelSqVen =  1.3328404644E+12
           DelSqVrep = -1.3303459113E+12
           DelSqG =  1.3398593460E+08
           DelSqK = -2.6285390025E+09
           Stress_EigVals = -3.6244573898E+04 -3.6244383449E+04 -3.6243932141E+04
           Stress_EigVec1 = -2.1060710861E-01  8.6079022577E-01  4.6334094685E-01
           Stress_EigVec2 =  9.1489848312E-01  3.4053581814E-01 -2.1678589009E-01
           Stress_EigVec3 =  3.4439136368E-01 -3.7825327994E-01  8.5925493588E-01
           -DivStress =  8.7013823186E+02  1.3136298505E+03  2.0511673250E+02
           ESP =  -1.4722713300E+01     ESP at Nucleus =  -1.4722713325E+01
           ESPe = -2.7749273254E+01     ESPe at Nucleus = -2.7749272137E+01
           ESPn =  1.3026559954E+01     ESPn at Nucleus =  1.3026558812E+01

CP# 8      Coords =  3.70337646831665E+00 -8.89973785152204E-01 -2.72349373705608E-01
           Type = (3,-3) NACP C8
           Rho =  1.1765835697E+02     Rho at Nucleus =  1.1765835690E+02
           GradRho =  1.8519646927E-10  1.3295942125E-10 -3.1623687393E-11
           HessRho_EigVals = -1.4497479130E+05 -1.4497397593E+05 -1.4497377264E+05
           HessRho_EigVec1 =  1.8475979866E-02 -2.6018457170E-02  9.9949070934E-01
           HessRho_EigVec2 =  8.6941894938E-01  4.9406516285E-01 -3.2101886438E-03
           HessRho_EigVec3 = -4.9373001592E-01  8.6903547381E-01  3.1749277699E-02
           DelSqRho = -4.3492253987E+05
           Bond Ellipticity = NA
           V = -1.0874093071E+05
           G =  5.1478700440E+00
           K =  1.0873578284E+05
           L =  1.0873063497E+05
           Vnuc =  5.9206420381E+06
           Ven = -6.9661301443E+08
           Vrep =  6.9650427350E+08
           DelSqV =  2.4947376744E+09
           DelSqVen =  2.5750200648E+12
           DelSqVrep = -2.5725251960E+12
           DelSqG =  1.3399732563E+08
           DelSqK = -2.6287350000E+09
           Stress_EigVals = -3.6247206037E+04 -3.6247104711E+04 -3.6246619958E+04
           Stress_EigVec1 =  7.6758831431E-01 -6.4030570146E-01 -2.8579510369E-02
           Stress_EigVec2 =  6.3999255496E-01  7.6811516802E-01 -2.0214308215E-02
           Stress_EigVec3 =  3.4895692211E-02 -2.7744070926E-03  9.9938710885E-01
           -DivStress = -6.6657077996E+02 -4.7897379731E+02  1.0059031063E+02
           ESP =  -1.4720082427E+01     ESP at Nucleus =  -1.4720082432E+01
           ESPe = -2.9972760071E+01     ESPe at Nucleus = -2.9972760869E+01
           ESPn =  1.5252677644E+01     ESPn at Nucleus =  1.5252678438E+01

CP# 9      Coords =  4.46110074178775E+00  3.95188186415246E+00  1.63778374696575E+00
           Type = (3,-3) NACP H9
           Rho =  4.2459257227E-01     Rho at Nucleus =  4.2087582789E-01
           GradRho =  1.9255430583E-16 -1.7486012638E-15 -5.2410333018E-16
           HessRho_EigVals = -6.4649430868E+00 -6.4586641333E+00 -5.8633600933E+00
           HessRho_EigVec1 =  5.0354313323E-01  8.5934070054E-01  8.9318941797E-02
           HessRho_EigVec2 =  4.3155669564E-01 -3.3973518898E-01  8.3566669182E-01
           HessRho_EigVec3 =  7.4846718794E-01 -3.8224803696E-01 -5.4192555468E-01
           DelSqRho = -1.8786967313E+01
           Bond Ellipticity = NA
           V = -4.7060271261E+00
           G =  4.6426488694E-03
           K =  4.7013844772E+00
           L =  4.6967418283E+00
           Vnuc =  4.1627832194E+01
           Ven = -1.7674868349E+01
           Vrep =  1.2968841223E+01
           DelSqV =  7.0727387205E+02
           DelSqVen =  7.8206072275E+02
           DelSqVrep = -7.4786850697E+01
           DelSqG =  6.9612373802E+01
           DelSqK = -7.7688624585E+02
           Stress_EigVals = -1.6195397110E+00 -1.6189918926E+00 -1.4674955225E+00
           Stress_EigVec1 =  5.4299254229E-01  8.2307881321E-01  1.6643427012E-01
           Stress_EigVec2 =  3.8323531230E-01 -4.1924633902E-01  8.2302077897E-01
           Stress_EigVec3 =  7.4718792444E-01 -3.8311065564E-01 -5.4308050150E-01
           -DivStress = -5.9207778947E+00  3.0272151442E+00  4.2948791399E+00
           ESP =  -1.0994817559E+00     ESP at Nucleus =  -1.1019561914E+00
           ESPe = -1.4266015065E+01     ESPe at Nucleus = -1.4205390598E+01
           ESPn =  1.3166533309E+01     ESPn at Nucleus =  1.3103434406E+01

CP# 10     Coords =  6.66179357936529E-01  1.76233571314536E+00 -2.85194804415195E-01
           Type = (3,-3) NACP H10
           Rho =  4.2104728449E-01     Rho at Nucleus =  4.1698448934E-01
           GradRho =  1.0636023312E-16 -1.4745149546E-16 -1.3444106939E-16
           HessRho_EigVals = -6.4133864256E+00 -6.4046011486E+00 -5.7709385027E+00
           HessRho_EigVec1 =  9.4885739106E-01  2.9770501232E-01 -1.0507795708E-01
           HessRho_EigVec2 =  8.4070714712E-02  8.2547956423E-02  9.9303471733E-01
           HessRho_EigVec3 = -3.0430538338E-01  9.5108231007E-01 -5.3297965411E-02
           DelSqRho = -1.8588926077E+01
           Bond Ellipticity = NA
           V = -4.6568343777E+00
           G =  4.8014292462E-03
           K =  4.6520329485E+00
           L =  4.6472315192E+00
           Vnuc =  4.4455010995E+01
           Ven = -1.8717661662E+01
           Vrep =  1.4060827284E+01
           DelSqV =  6.9829206914E+02
           DelSqVen =  8.2637091314E+02
           DelSqVrep = -1.2807884400E+02
           DelSqG =  6.8770494496E+01
           DelSqK = -7.6706256364E+02
           Stress_EigVals = -1.6064062645E+00 -1.6056132572E+00 -1.4448148560E+00
           Stress_EigVec1 =  9.5147264358E-01  3.0536458986E-01 -3.8108736317E-02
           Stress_EigVec2 =  1.9683392715E-02  6.3193186044E-02  9.9780718843E-01
           Stress_EigVec3 = -3.0710319531E-01  9.5013635258E-01 -5.4115976638E-02
           -DivStress = -2.5683598618E+00  7.8201936791E+00 -4.3931592281E-01
           ESP =  -1.0768082415E+00     ESP at Nucleus =  -1.0795359851E+00
           ESPe = -1.8484097166E+01     ESPe at Nucleus = -1.8384957484E+01
           ESPn =  1.7407288924E+01     ESPn at Nucleus =  1.7305421499E+01

CP# 11     Coords =  7.60059464773765E+00  4.34225598597604E+00  2.96396798128881E-01
           Type = (3,-3) NACP H11
           Rho =  4.2513605853E-01     Rho at Nucleus =  4.2140384271E-01
           GradRho = -7.9927384156E-15 -3.7756256455E-15  1.0616507673E-15
           HessRho_EigVals = -6.4734195923E+00 -6.4672305006E+00 -5.8695258407E+00
           HessRho_EigVec1 = -4.4500088554E-01  7.3317490596E-01  5.1422637928E-01
           HessRho_EigVec2 =  3.8730518789E-01 -3.6016924853E-01  8.4868887341E-01
           HessRho_EigVec3 =  8.0744591355E-01  5.7682984466E-01 -1.2368681017E-01
           DelSqRho = -1.8810175934E+01
           Bond Ellipticity = NA
           V = -4.7117502327E+00
           G =  4.6031246390E-03
           K =  4.7071471080E+00
           L =  4.7025439834E+00
           Vnuc =  3.9738987942E+01
           Ven = -1.6894476703E+01
           Vrep =  1.2182726471E+01
           DelSqV =  7.0809135308E+02
           DelSqVen =  7.4749735461E+02
           DelSqVrep = -3.9406001525E+01
           DelSqG =  6.9694032413E+01
           DelSqK = -7.7778538550E+02
           Stress_EigVals = -1.6216456443E+00 -1.6211648533E+00 -1.4689397351E+00
           Stress_EigVec1 = -4.0149147033E-01  6.8879676126E-01  6.0362539786E-01
           Stress_EigVec2 = -4.3337771812E-01  4.3774118696E-01 -7.8776037389E-01
           Stress_EigVec3 =  8.0683849232E-01  5.7787686830E-01 -1.2275981586E-01
           -DivStress =  6.4110642154E+00  4.5750860988E+00 -9.8697286856E-01
           ESP =  -1.0994207425E+00     ESP at Nucleus =  -1.1019177216E+00
           ESPe = -1.2420001295E+01     ESPe at Nucleus = -1.2335493553E+01
           ESPn =  1.1320580553E+01     ESPn at Nucleus =  1.1233575831E+01

CP# 12     Coords =  7.47171103650962E+00  1.29858374620398E-01 -1.43313436354792E+00
           Type = (3,-3) NACP H12
           Rho =  4.2807172615E-01     Rho at Nucleus =  4.2443665556E-01
           GradRho = -3.0184188482E-15  1.3912482277E-15  1.6119917901E-15
           HessRho_EigVals = -6.5429167119E+00 -6.5350778970E+00 -5.9419204704E+00
           HessRho_EigVec1 =  4.7178828380E-01  8.6903947997E-01  1.4895031898E-01
           HessRho_EigVec2 =  3.7191108954E-01 -3.4931213877E-01  8.6003672664E-01
           HessRho_EigVec3 =  7.9943602417E-01 -3.5035897585E-01 -4.8800679432E-01
           DelSqRho = -1.9019915079E+01
           Bond Ellipticity = NA
           V = -4.7640127126E+00
           G =  4.5169714056E-03
           K =  4.7594957412E+00
           L =  4.7549787698E+00
           Vnuc =  4.1578034536E+01
           Ven = -1.7798381014E+01
           Vrep =  1.3034368301E+01
           DelSqV =  7.1675919285E+02
           DelSqVen =  7.9081068603E+02
           DelSqVrep = -7.4051493175E+01
           DelSqG =  7.0770219547E+01
           DelSqK = -7.8752941240E+02
           Stress_EigVals = -1.6388188400E+00 -1.6378015380E+00 -1.4873923346E+00
           Stress_EigVec1 =  5.0804037952E-01  8.2871148833E-01  2.3480255939E-01
           Stress_EigVec2 =  3.2197799209E-01 -4.3556060566E-01  8.4060521733E-01
           Stress_EigVec3 =  7.9888994573E-01 -3.5146013703E-01 -4.8810923643E-01
           -DivStress =  6.2934921506E+00 -2.7633126186E+00 -3.8423373223E+00
           ESP =  -1.0982063567E+00     ESP at Nucleus =  -1.1006449771E+00
           ESPe = -1.3717971055E+01     ESPe at Nucleus = -1.3629283603E+01
           ESPn =  1.2619764698E+01     ESPn at Nucleus =  1.2528638626E+01

CP# 13     Coords = -4.39070886351918E+00  1.98287684796707E+00 -2.33842995264871E+00
           Type = (3,-3) NACP H13
           Rho =  4.2413945036E-01     Rho at Nucleus =  4.2038603538E-01
           GradRho = -3.2036786418E-12  1.6651978407E-11  8.7956655848E-12
           HessRho_EigVals = -6.4527931594E+00 -6.4461073069E+00 -5.8477365772E+00
           HessRho_EigVec1 =  1.5547106979E-01 -4.3878697270E-01  8.8503939971E-01
           HessRho_EigVec2 =  9.7350891835E-01  2.2011571007E-01 -6.1882631372E-02
           HessRho_EigVec3 = -1.6765778342E-01  8.7121470762E-01  4.6138465611E-01
           DelSqRho = -1.8746637043E+01
           Bond Ellipticity = NA
           V = -4.6958501421E+00
           G =  4.5954406265E-03
           K =  4.6912547015E+00
           L =  4.6866592609E+00
           Vnuc =  4.2687052444E+01
           Ven = -1.8105262961E+01
           Vrep =  1.3409412819E+01
           DelSqV =  7.0547678822E+02
           DelSqVen =  8.0023867864E+02
           DelSqVrep = -9.4761890421E+01
           DelSqG =  6.9387682777E+01
           DelSqK = -7.7486447100E+02
           Stress_EigVals = -1.6164754549E+00 -1.6157014334E+00 -1.4636732538E+00
           Stress_EigVec1 =  1.6358831755E-01 -4.3869690749E-01  8.8361976309E-01
           Stress_EigVec2 =  9.7223876332E-01  2.2359008621E-01 -6.8987393366E-02
           Stress_EigVec3 = -1.6730406288E-01  8.7037491732E-01  4.6309486484E-01
           -DivStress =  1.3330368127E+00 -6.9267793961E+00 -3.6598215498E+00
           ESP =  -1.1128004286E+00     ESP at Nucleus =  -1.1152810640E+00
           ESPe = -1.5510969616E+01     ESPe at Nucleus = -1.5469185499E+01
           ESPn =  1.4398169187E+01     ESPn at Nucleus =  1.4353904435E+01

CP# 14     Coords = -4.20114071498274E+00  2.29647169059798E+00  2.25051978150989E+00
           Type = (3,-3) NACP H14
           Rho =  4.2418094415E-01     Rho at Nucleus =  4.2043224835E-01
           GradRho = -3.4711816754E-15  7.4627803937E-15 -4.0592529338E-15
           HessRho_EigVals = -6.4534536317E+00 -6.4467522961E+00 -5.8488452006E+00
           HessRho_EigVec1 = -8.5755661986E-02  5.5558001563E-01  8.2702890679E-01
           HessRho_EigVec2 =  9.7397051284E-01  2.2156645346E-01 -4.7851299112E-02
           HessRho_EigVec3 = -2.0982708729E-01  8.0139824865E-01 -5.6011913064E-01
           DelSqRho = -1.8749051128E+01
           Bond Ellipticity = NA
           V = -4.6964579358E+00
           G =  4.5975768607E-03
           K =  4.6918603590E+00
           L =  4.6872627821E+00
           Vnuc =  4.2708948267E+01
           Ven = -1.8116322000E+01
           Vrep =  1.3419864064E+01
           DelSqV =  7.0558966631E+02
           DelSqVen =  8.0075225470E+02
           DelSqVrep = -9.5162588393E+01
           DelSqG =  6.9398668915E+01
           DelSqK = -7.7498833522E+02
           Stress_EigVals = -1.6166401655E+00 -1.6158719339E+00 -1.4639458364E+00
           Stress_EigVec1 = -9.4221348075E-02  5.5526925807E-01  8.2631615536E-01
           Stress_EigVec2 =  9.7322984653E-01  2.2614847288E-01 -4.0994317248E-02
           Stress_EigVec3 = -2.0963302077E-01  8.0033300523E-01 -5.6171262879E-01
           -DivStress =  1.6667673044E+00 -6.3693379824E+00  4.4420767716E+00
           ESP =  -1.1126109840E+00     ESP at Nucleus =  -1.1150891094E+00
           ESPe = -1.5512746729E+01     ESPe at Nucleus = -1.5470738489E+01
           ESPn =  1.4400135745E+01     ESPn at Nucleus =  1.4355649379E+01

CP# 15     Coords = -1.44186302494122E+00 -2.46976532562562E+00  1.27416547681228E-01
           Type = (3,-3) NACP Br15
           Rho =  2.8284468795E+04     Rho at Nucleus =  2.8284468793E+04
           GradRho = -7.7111423025E-08  2.3355984524E-07  3.7971776834E-09
           HessRho_EigVals = -2.7949391125E+09 -2.7949349103E+09 -2.7949347428E+09
           HessRho_EigVec1 =  7.6224787521E-01  6.4145559962E-01 -8.6676931523E-02
           HessRho_EigVec2 = -1.1195373626E-02  1.4695338920E-01  9.8908005996E-01
           HessRho_EigVec3 = -6.4718841178E-01  7.5295379348E-01 -1.1919624378E-01
           DelSqRho = -8.3848087656E+09
           Bond Ellipticity = NA
           V = -2.0981481670E+09
           G =  9.7298782105E+05
           K =  2.0971751792E+09
           L =  2.0962021914E+09
           Vnuc =  1.2076563966E+09
           Ven = -3.4157919664E+13
           Vrep =  3.4155821516E+13
           DelSqV =  8.5637194978E+15
           DelSqVen =  1.0126009511E+19
           DelSqVrep = -1.0117445791E+19
           DelSqG =  2.0802979896E+14
           DelSqK = -8.7717492968E+15
           Stress_EigVals = -6.9938310612E+08 -6.9938305568E+08 -6.9938200524E+08
           Stress_EigVec1 = -6.4458653647E-01  7.5734869786E-01 -1.0455212499E-01
           Stress_EigVec2 = -1.2715921158E-03  1.3569100687E-01  9.9075038920E-01
           Stress_EigVec3 =  7.6453030028E-01  6.3875730955E-01 -8.6501557516E-02
           -DivStress = -7.0794537635E+07 -4.0467303120E+07  6.5398179151E+06
           ESP =  -1.7526464260E+02     ESP at Nucleus =  -1.7526464260E+02
           ESPe = -1.8235555726E+02     ESPe at Nucleus = -1.8235555723E+02
           ESPn =  7.0909146629E+00     ESPn at Nucleus =  7.0909146362E+00

CP# 16     Coords =  4.11913397538527E+00 -2.86800472052583E+00 -2.69086671427020E-01
           Type = (3,-3) NACP H16
           Rho =  4.2552973435E-01     Rho at Nucleus =  4.2178791765E-01
           GradRho = -1.7782612553E-09  8.6546532783E-09 -2.4128701641E-11
           HessRho_EigVals = -6.4977425915E+00 -6.4901422210E+00 -5.8884720529E+00
           HessRho_EigVec1 =  9.7605591161E-01  2.0014821361E-01 -8.5179516355E-02
           HessRho_EigVec2 =  8.2853965255E-02  1.9982563427E-02  9.9636133887E-01
           HessRho_EigVec3 = -2.0112204717E-01  9.7956183559E-01 -2.9210260260E-03
           DelSqRho = -1.8876356865E+01
           Bond Ellipticity = NA
           V = -4.7281132088E+00
           G =  4.5119962284E-03
           K =  4.7236012126E+00
           L =  4.7190892164E+00
           Vnuc =  4.3674856511E+01
           Ven = -1.8584950089E+01
           Vrep =  1.3856836880E+01
           DelSqV =  7.1074787212E+02
           DelSqVen =  8.2442219178E+02
           DelSqVrep = -1.1367431966E+02
           DelSqG =  7.0129482601E+01
           DelSqK = -7.8087735472E+02
           Stress_EigVals = -1.6275148355E+00 -1.6266136549E+00 -1.4739847184E+00
           Stress_EigVec1 =  9.7883342680E-01  2.0230311383E-01  3.0960825377E-02
           Stress_EigVec2 = -3.0864551899E-02 -3.6312618441E-03  9.9951698003E-01
           Stress_EigVec3 = -2.0231782425E-01  9.7931622272E-01 -2.6895944815E-03
           -DivStress =  1.6046012935E+00 -7.7985206588E+00  2.1098345402E-02
           ESP =  -1.0902596864E+00     ESP at Nucleus =  -1.0927823377E+00
           ESPe = -1.6337397956E+01     ESPe at Nucleus = -1.6246563435E+01
           ESPn =  1.5247138270E+01     ESPn at Nucleus =  1.5153781097E+01

