AIMSum (Version 19.02.13, Professional)
Copyright (c) 1997-2019 by Todd A. Keith
AIMSum is a component of the AIMAll package ( http://aim.tkgristmill.com )

TP:  64-bit Linux

Much of the Quantum Theory of Atoms in Molecules (QTAIM) is described in the book:
  "Atoms in Molecules - A Quantum Theory"
  R.F.W. Bader, Oxford University Press, Oxford, 1990

For additional references see:  http://aim.tkgristmill.com/references.html

Wfn File:  /home/mhennefarth/Documents/ML_Diels/summary-pieniazek2006/r_7b-opt/r_7b-opt.wfn
Sum File:  /home/mhennefarth/Documents/ML_Diels/summary-pieniazek2006/r_7b-opt/r_7b-opt.sum

SumViz File:  /home/mhennefarth/Documents/ML_Diels/summary-pieniazek2006/r_7b-opt/r_7b-opt.sumviz

Wfn Title:   Title Card Required                                                           
 
Total memory allocated for AIMSum =        0.798 Megabytes

Atomic units (a.u.) used throughout, except where stated otherwise

Model:  Restricted SCF
 
Restricted, closed-shell, single-determinant wavefunction.
  Number of electrons (from MO Occs)                   =          80.0000000000
  Number of Alpha electrons (from MO Occs)             =          40.0000000000
  Number of Beta electrons (from MO Occs)              =          40.0000000000
  Number of electron pairs (N*(N-1)/2)                 =        3160.0000000000
  Number of electron pairs (from Muller 2EDM)          =        3160.0000000000
 
Nuclear Charges and Cartesian Coordinates:
-------------------------------------------------------------------------------
Atom      Charge                X                  Y                  Z
-------------------------------------------------------------------------------
C1         6.0           8.3045842300E+00  -6.4190692000E-01  -1.5586094500E+00
C2         6.0           7.2806890700E+00  -2.1200719900E+00   2.0330672000E-01
H3         1.0           1.0144777810E+01   2.3686462000E-01  -1.3032102000E+00
H4         1.0           8.2405641700E+00  -2.5146401400E+00   1.9774984900E+00
C5         6.0           2.1433936400E+00   3.8742294800E+00   1.1697700000E-01
C6         6.0           2.2606364000E-01  -1.0081616600E+00   2.7378463200E+00
C7         6.0          -2.4340710000E-01   3.0749810700E+00   3.6023699000E-01
C8         6.0          -9.4277179000E-01   4.8956244000E-01   1.0793155100E+00
H9         1.0           3.7484339400E+00   2.6141267300E+00   3.4848508000E-01
H10        1.0           1.8445698200E+00  -2.9504620000E-01   3.7799725300E+00
H11        1.0           2.5518281300E+00   5.8300169200E+00  -3.5427691000E-01
H12        1.0          -1.8066563300E+00   4.3613682400E+00   3.1269000000E-04
H13        1.0           5.4433806400E+00  -3.0021395200E+00  -5.7606580000E-02
H14        1.0           7.3498160100E+00  -2.5828234000E-01  -3.3373145800E+00
H15        1.0          -3.9363635000E-01  -2.9228025200E+00   3.1182111000E+00
Br16      35.0          -3.9352682300E+00  -7.4460744000E-01  -6.2304315000E-01
 
Some Atomic Properties:
----------------------
  q(A) = Net Charge of Atom A
  L(A) = Lagrangian of Atom A = -(1/4) Times Atomic Integral of the Laplacian of the Electron Density
  K(A) = Electronic Kinetic Energy of Atom A (Hamiltonian Form)
  K_Scaled(A) = K(A) * E(Mol)/K(Mol) = Approximation to Virial-Based Total Energy of Atom A.
  |Mu_Intra(A)| = Magnitude of Intraatomic Dipole Moment of Atom A
--------------------------------------------------------------------------------------------------
Atom A          q(A)              L(A)              K(A)          K_Scaled(A)      |Mu_Intra(A)|
--------------------------------------------------------------------------------------------------
C1       -8.3214629900E-02 -1.0285329274E-04  3.7694301168E+01 -3.7938573056E+01  9.2213382563E-02
C2       -8.4967942600E-02  1.0716720094E-04  3.7695348600E+01 -3.7939627275E+01  9.6031343016E-02
H3        4.1284567980E-02  2.8170859678E-05  5.9520225474E-01 -5.9905936772E-01  1.4675050663E-01
H4        3.9948980750E-02  2.0336526994E-05  5.9565761240E-01 -5.9951767625E-01  1.4704446796E-01
C5       -7.5692905900E-02  5.5009118014E-05  3.7705035517E+01 -3.7949376967E+01  1.4020135264E-01
C6       -3.3381851100E-02  1.2522067048E-05  3.7690917553E+01 -3.7935167513E+01  2.4023559969E-01
C7       -4.8077322000E-03  7.5691897767E-05  3.7703042398E+01 -3.7947370932E+01  1.5258803021E-01
C8       -8.5599213700E-02  1.6233494120E-04  3.7691141469E+01 -3.7935392880E+01  5.5432497314E-02
H9        6.6433363630E-02  2.1436249971E-05  5.8379407347E-01 -5.8757725755E-01  1.4179176739E-01
H10       6.5884406610E-02  2.6185401294E-05  5.8399408508E-01 -5.8777856531E-01  1.4507145186E-01
H11       5.1213898750E-02  1.7843779906E-05  5.9133475252E-01 -5.9516680277E-01  1.4613331574E-01
H12       5.8711195940E-02  1.5945630879E-05  5.9272753432E-01 -5.9656861027E-01  1.4733096033E-01
H13       4.7716331950E-02  1.4444464240E-05  5.9240296374E-01 -5.9624193636E-01  1.4403242108E-01
H14       4.4862677860E-02  2.1441624331E-05  5.9369691212E-01 -5.9754426997E-01  1.4604872458E-01
H15       7.1620045430E-02  1.9130734031E-05  5.8356375176E-01 -5.8734544328E-01  1.4351863240E-01
Br16     -1.1950518800E-01  1.7586134314E-06  2.5561247681E+03 -2.5726893257E+03  2.9580949435E-01
--------------------------------------------------------------------------------------------------
Total     5.0600550000E-04  4.9656581698E-04  2.7876169287E+03 -2.8056816343E+03
 
1st Largest |L(A)| = 1.6233494120E-04, atom C8      
2nd Largest |L(A)| = 1.0716720094E-04, atom C2      
 
Molecular charge q(Mol) from the wfn file:   0.0000000000E+00
Molecular energy E(Mol) from the wfn file:  -2.8056815291E+03
Molecular virial ratio (-V(Mol)/T(Mol)) from the wfn file:   2.0064803400E+00
Note.  K_Scaled(A) = (1+V(Mol)/T(Mol))*K(A) = (E(Mol)/T(Mol))*K(A)
       Only use K_Scaled(A) data with caution.
 
N_AIMInt(SumA)     =         79.999494
N_Analytic(Mol)    =         79.999992
 
G_AIMInt(SumA)     =       2787.616432
G_Analytic(Mol)    =       2787.616818
 
K_AIMInt(SumA)     =       2787.616929
K_Analytic(Mol)    =       2787.616818
 
L_AIMInt(SumA)     =          0.000497
L_Analytic(Mol)    =          0.000000
 
VenT_AIMInt(SumA)  =      -7514.792618
VenT_Analytic(Mol) =      -7514.800293
 
Some Information About the Atomic Calculations:
----------------------------------------------
  Time(sec) = "Elapsed User Time", in Seconds, for Atom A by AIMInt and, if used, by TWOe
  NProc = Number of Processors Used for AIMInt Job
  BIM = Basin Integration Method
  OAQ = Angular Quadrature Outside of Beta Sphere
  ORQ = Multiple of Default for Radial Quadrature Outside of Beta Sphere
  IAQ = Multiple of Default for Angular Quadrature Inside of Beta Sphere
  IRQ = Multiple of Default for Radial Quadrature Inside of Beta Sphere
  MIR = Maximum Integration Radius
------------------------------------------------------------------------------------------------------
Atom A     Time(sec)   NProc      BIM          OAQ                     ORQ      IAQ      IRQ      MIR
------------------------------------------------------------------------------------------------------
C1             31        8     Proaim(5)    4500(GS4)                  1.00     1.00     1.00    13.00
C2             38        8     Proaim(5)    4500(GS4)                  1.00     1.00     1.00    13.00
H3              5        8     Proaim(5)    1800(GS4)                  1.00     1.00     1.00    13.00
H4              7        8     Proaim(5)    1800(GS4)                  1.00     1.00     1.00    13.00
C5             21        8     Proaim(5)    4500(GS4)                  1.00     1.00     1.00    13.00
C6             34        8     Proaim(5)    4500(GS4)                  1.00     1.00     1.00    13.00
C7             22        8     Proaim(5)    4500(GS4)                  1.00     1.00     1.00    13.00
C8             29        8     Proaim(5)    4500(GS4)                  1.00     1.00     1.00    13.00
H9             14        8     Proaim(5)    4500(GS4)                  1.00     1.00     1.00    13.00
H10             7        8     Proaim(5)    1800(GS4)                  1.00     1.00     1.00    13.00
H11             5        8     Proaim(5)    1800(GS4)                  1.00     1.00     1.00    13.00
H12             6        8     Proaim(5)    1800(GS4)                  1.00     1.00     1.00    13.00
H13            15        8     Proaim(5)    4500(GS4)                  1.00     1.00     1.00    13.00
H14             6        8     Proaim(5)    1800(GS4)                  1.00     1.00     1.00    13.00
H15             5        8     Proaim(5)    1800(GS4)                  1.00     1.00     1.00    13.00
Br16           14        8     Proaim(5)    3150(GS4)                  1.00     1.00     1.00    13.00
------------------------------------------------------------------------------------------------------
Total         259
Note:  Total wall clock time is less than total of atomic times if more than one atom
       was calculated at a time
 
Electron Density Critical Point Analysis of Molecular Structure:               
---------------------------------------------------------------                
  NACP = Nuclear Attractor Critical Point                                      
  NNACP = Non-Nuclear Attractor Critical Point                                 
  BCP = Bond Critical Point                                                    
  RCP = Ring Critical Point                                                    
  CCP = Cage Critical Point                                                    
  Rho = Electron Density                                                       
  GradRho = Gradient of Electron Density                                       
  HessRho_EigVals = Eigenvalues of the Hessian of Rho, Ascending Order         
  HessRho_EigVecs = Eigenvectors of the Hessian of Rho                         
  DelSqRho = Laplacian of Rho = Trace of Hessian of Rho                        
  Bond Ellipticity = (HessRho_EigVal(1) / HessRho_EigVal(2)) - 1               
  V = Virial Field = Potential Energy Density = Trace of Stress Tensor         
  G = Lagrangian Form of Kinetic Energy Density                                
  K = Hamiltonian Form of Kinetic Energy Density                               
  L = K - G = Lagrangian Density = (-1/4)DelSqRho                              
  Vnuc = Electrostatic Potential from Nuclei                                   
  Ven = Electron-nuclear attractive contribution to Virial Field V             
  Vrep = V - Ven = Repulsive contribution to Virial Field V                    
  DelSqV = Laplacian of V                                                      
  DelSqVen = Laplacian of Ven                                                  
  DelSqVrep = Laplacian of Vrep                                                
  DelSqG = Laplacian of G                                                      
  DelSqK = Laplacian of K                                                      
  Stress_EigVals = Eigenvalues of Stress Tensor, Ascending Order               
  Stress_EigVecs = Eigenvectors of Stress Tensor                               
  -DivStress = Ehrenfest Force Density = Minus Divergence of Stress Tensor     
  ESP = Total Electrostatic Potential                                          
  ESPe = Electrostatic Potential from Electrons                                
  ESPn = Electrostatic Potential from Nuclei                                   
  BP = Bond Path                                                               
  BPL = Bond Path Length                                                       
  GBL = Geometric Bond Length                                                  
  GBL_I = Distance Between Nuclear Attractors                                  
  GBL_II = Distance Between Nuclei                                             
  GBL_III = Sum of Distances Between BCP and Nuclear Attractors                
  GBL_IV = Sum of Distances Between BCP and Nuclei                             

CP# 1      Coords =  8.30458458988791E+00 -6.41906285649004E-01 -1.55861003855752E+00
           Type = (3,-3) NACP C1
           Rho =  1.1768179748E+02     Rho at Nucleus =  1.1768179742E+02
           GradRho = -2.7686186677E-11  1.2895451373E-10 -1.1874234929E-10
           HessRho_EigVals = -1.4501010684E+05 -1.4500903453E+05 -1.4500883987E+05
           HessRho_EigVec1 = -4.4199494204E-01  7.9488854807E-01  4.1568337393E-01
           HessRho_EigVec2 =  8.1192388844E-01  1.5751388213E-01  5.6211117790E-01
           HessRho_EigVec3 =  3.8133983609E-01  5.8595355882E-01 -7.1500934002E-01
           DelSqRho = -4.3502798124E+05
           Bond Ellipticity = NA
           V = -1.0876718419E+05
           G =  5.0944387910E+00
           K =  1.0876208975E+05
           L =  1.0875699531E+05
           Vnuc =  6.4021438507E+06
           Ven = -7.5341579608E+08
           Vrep =  7.5330702890E+08
           DelSqV =  2.4953455549E+09
           DelSqVen =  2.7851118346E+12
           DelSqVrep = -2.7826164563E+12
           DelSqG =  1.3403618947E+08
           DelSqK = -2.6293817443E+09
           Stress_EigVals = -3.6255992573E+04 -3.6255875244E+04 -3.6255316370E+04
           Stress_EigVec1 =  3.9387051200E-01  5.8570127189E-01 -7.0839257469E-01
           Stress_EigVec2 =  8.0648004574E-01  1.4953111431E-01  5.7204054199E-01
           Stress_EigVec3 = -4.4097160408E-01  7.9661437720E-01  4.1346049199E-01
           -DivStress = -2.9255555815E+02 -5.1470408653E+02  4.7819747915E+02
           ESP =  -1.4738318579E+01     ESP at Nucleus =  -1.4738318592E+01
           ESPe = -2.4707443484E+01     ESPe at Nucleus = -2.4707444453E+01
           ESPn =  9.9691249047E+00     ESPn at Nucleus =  9.9691258604E+00

CP# 2      Coords =  7.28068873566332E+00 -2.12007242032846E+00  2.03307455108318E-01
           Type = (3,-3) NACP C2
           Rho =  1.1768338264E+02     Rho at Nucleus =  1.1768338258E+02
           GradRho = -6.4395822008E-11 -1.0827738706E-10  1.3851308989E-10
           HessRho_EigVals = -1.4501254487E+05 -1.4501146855E+05 -1.4501127730E+05
           HessRho_EigVec1 = -4.3858623985E-01  7.9972646776E-01  4.0997522728E-01
           HessRho_EigVec2 =  7.6736284776E-01  9.5813594217E-02  6.3401420729E-01
           HessRho_EigVec3 =  4.6775674244E-01  5.9266966510E-01 -6.5570290374E-01
           DelSqRho = -4.3503529072E+05
           Bond Ellipticity = NA
           V = -1.0876901316E+05
           G =  5.0952410884E+00
           K =  1.0876391792E+05
           L =  1.0875882268E+05
           Vnuc =  6.5569065298E+06
           Ven = -7.7163894011E+08
           Vrep =  7.7153017110E+08
           DelSqV =  2.4953878522E+09
           DelSqVen =  2.8524859884E+12
           DelSqVrep = -2.8499906005E+12
           DelSqG =  1.3403891887E+08
           DelSqK = -2.6294267711E+09
           Stress_EigVals = -3.6256601718E+04 -3.6256485865E+04 -3.6255925579E+04
           Stress_EigVec1 =  4.3841331901E-01  5.9079444299E-01 -6.7731505804E-01
           Stress_EigVec2 =  7.8413483142E-01  1.1686053809E-01  6.0948845830E-01
           Stress_EigVec3 = -4.3923379637E-01  7.9831418675E-01  4.1202928459E-01
           -DivStress =  2.7093446715E+02  3.5008224049E+02 -5.9662139174E+02
           ESP =  -1.4738651590E+01     ESP at Nucleus =  -1.4738651603E+01
           ESPe = -2.5219690204E+01     ESPe at Nucleus = -2.5219690808E+01
           ESPn =  1.0481038614E+01     ESPn at Nucleus =  1.0481039205E+01

CP# 3      Coords =  1.01134524649643E+01  2.21932904343980E-01 -1.30759168692392E+00
           Type = (3,-3) NACP H3
           Rho =  4.2551635573E-01     Rho at Nucleus =  4.2182470166E-01
           GradRho = -1.0204114506E-10 -4.8622796761E-11 -1.4302756896E-11
           HessRho_EigVals = -6.4780957104E+00 -6.4717265689E+00 -5.8779100040E+00
           HessRho_EigVec1 =  7.3640542121E-02 -4.2059366903E-01  9.0425551485E-01
           HessRho_EigVec2 = -4.3869558624E-01  8.0061738577E-01  4.0811516049E-01
           HessRho_EigVec3 =  8.9561333910E-01  4.2674672486E-01  1.2555468788E-01
           DelSqRho = -1.8827732283E+01
           Bond Ellipticity = NA
           V = -4.7159036576E+00
           G =  4.4852933734E-03
           K =  4.7114183642E+00
           L =  4.7069330708E+00
           Vnuc =  3.9057736061E+01
           Ven = -1.6619705512E+01
           Vrep =  1.1903801854E+01
           DelSqV =  7.0888348934E+02
           DelSqVen =  7.3536859834E+02
           DelSqVrep = -2.6485108993E+01
           DelSqG =  6.9754954455E+01
           DelSqK = -7.7863844380E+02
           Stress_EigVals = -1.6227945250E+00 -1.6220420584E+00 -1.4710670741E+00
           Stress_EigVec1 =  7.6562231230E-02 -4.2219728845E-01  9.0326500783E-01
           Stress_EigVec2 = -4.3854372805E-01  7.9933191044E-01  4.1078935666E-01
           Stress_EigVec3 =  8.9544269685E-01  4.2757215366E-01  1.2395333829E-01
           -DivStress =  7.0719279399E+00  3.3718592294E+00  9.8794266454E-01
           ESP =  -1.1041532807E+00     ESP at Nucleus =  -1.1066071122E+00
           ESPe = -1.1572143482E+01     ESPe at Nucleus = -1.1496016219E+01
           ESPn =  1.0467990201E+01     ESPn at Nucleus =  1.0389409107E+01

CP# 4      Coords =  8.22421308965305E+00 -2.50795011439596E+00  1.94737052191454E+00
           Type = (3,-3) NACP H4
           Rho =  4.2559847295E-01     Rho at Nucleus =  4.2191626572E-01
           GradRho = -7.4176775833E-15  2.3158558404E-15 -1.4935969128E-14
           HessRho_EigVals = -6.4800185845E+00 -6.4736938244E+00 -5.8807515479E+00
           HessRho_EigVec1 =  7.6481688700E-01  5.7658515027E-01 -2.8741032313E-01
           HessRho_EigVec2 =  4.4233705710E-01 -7.9431379188E-01 -4.1641749237E-01
           HessRho_EigVec3 =  4.6839412600E-01 -1.9135089370E-01  8.6254958014E-01
           DelSqRho = -1.8834463957E+01
           Bond Ellipticity = NA
           V = -4.7176052365E+00
           G =  4.4946236409E-03
           K =  4.7131106128E+00
           L =  4.7086159892E+00
           Vnuc =  3.9758565139E+01
           Ven = -1.6921184610E+01
           Vrep =  1.2203579373E+01
           DelSqV =  7.0919089785E+02
           DelSqVen =  7.4883126209E+02
           DelSqVrep = -3.9640364244E+01
           DelSqG =  6.9791505000E+01
           DelSqK = -7.7898240285E+02
           Stress_EigVals = -1.6232895371E+00 -1.6225326330E+00 -1.4717830664E+00
           Stress_EigVec1 =  7.6650148572E-01  5.7473897779E-01 -2.8661922441E-01
           Stress_EigVec2 =  4.4092492705E-01 -7.9540922627E-01 -4.1582372644E-01
           Stress_EigVec3 =  4.6696967899E-01 -1.9235194350E-01  8.6309909555E-01
           -DivStress =  3.6915726193E+00 -1.5115439133E+00  6.8047979940E+00
           ESP =  -1.1039719478E+00     ESP at Nucleus =  -1.1064200895E+00
           ESPe = -1.2230375851E+01     ESPe at Nucleus = -1.2155329302E+01
           ESPn =  1.1126403903E+01     ESPn at Nucleus =  1.1048909213E+01

CP# 5      Coords =  2.14339397856111E+00  3.87422997241695E+00  1.16977056394681E-01
           Type = (3,-3) NACP C5
           Rho =  1.1769189233E+02     Rho at Nucleus =  1.1769189230E+02
           GradRho =  4.2848613546E-11  6.9001804270E-11  4.9043824557E-12
           HessRho_EigVals = -1.4502427050E+05 -1.4502307925E+05 -1.4502298813E+05
           HessRho_EigVec1 =  5.0580960938E-02  2.0225057027E-01  9.7802672418E-01
           HessRho_EigVec2 =  4.3044779989E-02  9.7792877834E-01 -2.0445647802E-01
           HessRho_EigVec3 =  9.9779191884E-01 -5.2440550294E-02 -4.0758746038E-02
           DelSqRho = -4.3507033787E+05
           Bond Ellipticity = NA
           V = -1.0877781569E+05
           G =  5.1156125775E+00
           K =  1.0877270008E+05
           L =  1.0876758447E+05
           Vnuc =  9.9961478269E+06
           Ven = -1.1764655538E+09
           Vrep =  1.1763567759E+09
           DelSqV =  2.4955897742E+09
           DelSqVen =  4.3490287288E+12
           DelSqVrep = -4.3465331391E+12
           DelSqG =  1.3405096000E+08
           DelSqK = -2.6296407342E+09
           Stress_EigVals = -3.6259520663E+04 -3.6259445968E+04 -3.6258849063E+04
           Stress_EigVec1 =  9.7011825263E-01  2.2518134746E-01 -9.0354505513E-02
           Stress_EigVec2 = -2.3916606085E-01  9.5020330455E-01 -1.9978307073E-01
           Stress_EigVec3 =  4.0867728654E-02  2.1542293465E-01  9.7566530531E-01
           -DivStress = -2.7536118403E+02 -4.0155859922E+02 -4.3447881501E+01
           ESP =  -1.4732916092E+01     ESP at Nucleus =  -1.4732916098E+01
           ESPe = -2.7521269654E+01     ESPe at Nucleus = -2.7521270626E+01
           ESPn =  1.2788353562E+01     ESPn at Nucleus =  1.2788354528E+01

CP# 6      Coords =  2.26063855280428E-01 -1.00816175614641E+00  2.73784625359558E+00
           Type = (3,-3) NACP C6
           Rho =  1.1767410501E+02     Rho at Nucleus =  1.1767410500E+02
           GradRho =  1.7842949340E-12 -1.0795253580E-11  3.0365376880E-11
           HessRho_EigVals = -1.4500170644E+05 -1.4500093521E+05 -1.4500081798E+05
           HessRho_EigVec1 =  6.4390637369E-01 -3.3750017577E-01 -6.8664271152E-01
           HessRho_EigVec2 =  5.9253961291E-01 -3.4777693050E-01  7.2660031224E-01
           HessRho_EigVec3 =  4.8402622765E-01  8.7472557866E-01  2.3953558667E-02
           DelSqRho = -4.3500345963E+05
           Bond Ellipticity = NA
           V = -1.0876119418E+05
           G =  5.1646371232E+00
           K =  1.0875602954E+05
           L =  1.0875086491E+05
           Vnuc =  2.4495046430E+07
           Ven = -2.8824326657E+09
           Vrep =  2.8823239045E+09
           DelSqV =  2.4952087065E+09
           DelSqVen =  1.0655461540E+13
           DelSqVrep = -1.0652966331E+13
           DelSqG =  1.3403009842E+08
           DelSqK = -2.6292388049E+09
           Stress_EigVals = -3.6253931616E+04 -3.6253890220E+04 -3.6253372346E+04
           Stress_EigVec1 = -1.6902367215E-01  8.2444835850E-01 -5.4010730640E-01
           Stress_EigVec2 =  7.6568800446E-01  4.5488965474E-01  4.5474969141E-01
           Stress_EigVec3 = -6.2060686274E-01  3.3669022288E-01  7.0815733826E-01
           -DivStress = -1.7493945019E+02  7.9811584811E+01  5.0456677571E+01
           ESP =  -1.4730666694E+01     ESP at Nucleus =  -1.4730666695E+01
           ESPe = -2.9299182014E+01     ESPe at Nucleus = -2.9299182215E+01
           ESPn =  1.4568515320E+01     ESPn at Nucleus =  1.4568515520E+01

CP# 7      Coords = -2.43408123399193E-01  3.07497906011504E+00  3.60237367533311E-01
           Type = (3,-3) NACP C7
           Rho =  1.1766081537E+02     Rho at Nucleus =  1.1766081499E+02
           GradRho = -1.2179917075E-09 -2.3625034706E-09  4.4274689470E-10
           HessRho_EigVals = -1.4497709177E+05 -1.4497650200E+05 -1.4497590714E+05
           HessRho_EigVec1 =  1.4701588932E-04  4.0102655972E-01  9.1606641505E-01
           HessRho_EigVec2 =  1.0078632335E-01  9.1139595934E-01 -3.9899814828E-01
           HessRho_EigVec3 =  9.9490808390E-01 -9.2385624988E-02  4.0284002833E-02
           DelSqRho = -4.3492950091E+05
           Bond Ellipticity = NA
           V = -1.0874263794E+05
           G =  5.1313539459E+00
           K =  1.0873750658E+05
           L =  1.0873237523E+05
           Vnuc =  2.6237538205E+06
           Ven = -3.0871301386E+08
           Vrep =  3.0860427122E+08
           DelSqV =  2.4947761885E+09
           DelSqVen =  1.1411479347E+12
           DelSqVrep = -1.1386531585E+12
           DelSqG =  1.3399870299E+08
           DelSqK = -2.6287748915E+09
           Stress_EigVals = -3.6247836727E+04 -3.6247604549E+04 -3.6247196660E+04
           Stress_EigVec1 =  9.9980247198E-01 -1.9536239845E-02  3.6540865958E-03
           Stress_EigVec2 =  1.9672996915E-02  9.4662119075E-01 -3.2174725238E-01
           Stress_EigVec3 =  2.8266956874E-03  3.2175558511E-01  9.4681854293E-01
           -DivStress =  8.2766490452E+02  1.6330425056E+03 -3.0654313893E+02
           ESP =  -1.4720482362E+01     ESP at Nucleus =  -1.4720482391E+01
           ESPe = -3.0032976981E+01     ESPe at Nucleus = -3.0032974077E+01
           ESPn =  1.5312494619E+01     ESPn at Nucleus =  1.5312491686E+01

CP# 8      Coords = -9.42776307784357E-01  4.89561883150804E-01  1.07931240802123E+00
           Type = (3,-3) NACP C8
           Rho =  1.1770064341E+02     Rho at Nucleus =  1.1770064121E+02
           GradRho = -1.9051982214E-12 -9.3103302845E-13 -5.0941473262E-12
           HessRho_EigVals = -1.4501862966E+05 -1.4501759098E+05 -1.4501664746E+05
           HessRho_EigVec1 =  7.7494086714E-01  4.3743096990E-01  4.5620258549E-01
           HessRho_EigVec2 = -6.1670039363E-01  3.6529857681E-01  6.9730737432E-01
           HessRho_EigVec3 = -1.3837368586E-01  8.2171229536E-01 -5.5284864720E-01
           DelSqRho = -4.3505286811E+05
           Bond Ellipticity = NA
           V = -1.0877315353E+05
           G =  4.9682504038E+00
           K =  1.0876818528E+05
           L =  1.0876321703E+05
           Vnuc =  1.0892591101E+06
           Ven = -1.2820649809E+08
           Vrep =  1.2809772494E+08
           DelSqV =  2.4954668681E+09
           DelSqVen =  4.7388529882E+11
           DelSqVrep = -4.7138983252E+11
           DelSqG =  1.3402823128E+08
           DelSqK = -2.6294950994E+09
           Stress_EigVals = -3.6258147377E+04 -3.6257551244E+04 -3.6257454907E+04
           Stress_EigVec1 = -1.7357495250E-01  8.1101256511E-01 -5.5868627610E-01
           Stress_EigVec2 = -6.8141264592E-01  3.1067335376E-01  6.6269063163E-01
           Stress_EigVec3 =  7.1101936812E-01  4.9572238854E-01  4.9870910524E-01
           -DivStress =  3.6627623666E+03  4.4849263610E+02  2.5159423091E+03
           ESP =  -1.4675687344E+01     ESP at Nucleus =  -1.4675687526E+01
           ESPe = -3.2904833351E+01     ESPe at Nucleus = -3.2904825838E+01
           ESPn =  1.8229146006E+01     ESPn at Nucleus =  1.8229138312E+01

CP# 9      Coords =  3.72033500892233E+00  2.63619614937930E+00  3.44519617853218E-01
           Type = (3,-3) NACP H9
           Rho =  4.2150138570E-01     Rho at Nucleus =  4.1765063582E-01
           GradRho = -7.8684888466E-15  6.4948046941E-15 -1.0521097882E-15
           HessRho_EigVals = -6.4076556976E+00 -6.4014681419E+00 -5.7954480729E+00
           HessRho_EigVec1 =  6.2399440331E-01  7.6600074642E-01 -1.5451162136E-01
           HessRho_EigVec2 =  9.8584078442E-03  1.8999707329E-01  9.8173515977E-01
           HessRho_EigVec3 =  7.8136662102E-01 -6.1412048381E-01  1.1100556261E-01
           DelSqRho = -1.8604571912E+01
           Bond Ellipticity = NA
           V = -4.6604478458E+00
           G =  4.6524338609E-03
           K =  4.6557954120E+00
           L =  4.6511429781E+00
           Vnuc =  4.2119779463E+01
           Ven = -1.7753545409E+01
           Vrep =  1.3093097563E+01
           DelSqV =  6.9961584235E+02
           DelSqVen =  7.8362046596E+02
           DelSqVrep = -8.4004623610E+01
           DelSqG =  6.8779711363E+01
           DelSqK = -7.6839555371E+02
           Stress_EigVals = -1.6051994491E+00 -1.6045696928E+00 -1.4506787040E+00
           Stress_EigVec1 =  6.1997520207E-01  7.4898784077E-01 -2.3376903816E-01
           Stress_EigVec2 =  6.0950879049E-02  2.5106470696E-01  9.6604943107E-01
           Stress_EigVec3 =  7.8225043251E-01 -6.1317511961E-01  1.1000242514E-01
           -DivStress =  6.2705968520E+00 -4.9239744490E+00  8.8468095450E-01
           ESP =  -1.0981939334E+00     ESP at Nucleus =  -1.1007637971E+00
           ESPe = -1.5400825484E+01     ESPe at Nucleus = -1.5338803806E+01
           ESPn =  1.4302631551E+01     ESPn at Nucleus =  1.4238040008E+01

CP# 10     Coords =  1.81663491368056E+00 -3.07383969421813E-01  3.76196425497838E+00
           Type = (3,-3) NACP H10
           Rho =  4.2098105945E-01     Rho at Nucleus =  4.1723060192E-01
           GradRho = -5.6617037447E-15 -2.3126032339E-15 -4.3632632230E-15
           HessRho_EigVals = -6.4108217928E+00 -6.4044218644E+00 -5.8082723566E+00
           HessRho_EigVec1 = -1.0528620920E-01  8.8984366460E-01 -4.4395164907E-01
           HessRho_EigVec2 = -6.0627640247E-01  2.9643149888E-01  7.3794125124E-01
           HessRho_EigVec3 =  7.8825360003E-01  3.4685244562E-01  5.0828106693E-01
           DelSqRho = -1.8623516014E+01
           Bond Ellipticity = NA
           V = -4.6653718976E+00
           G =  4.7464470632E-03
           K =  4.6606254505E+00
           L =  4.6558790034E+00
           Vnuc =  4.2661751204E+01
           Ven = -1.7959789220E+01
           Vrep =  1.3294417322E+01
           DelSqV =  7.0090867134E+02
           DelSqVen =  7.9451180672E+02
           DelSqVrep = -9.3603135375E+01
           DelSqG =  6.9004506018E+01
           DelSqK = -7.6991317736E+02
           Stress_EigVals = -1.6059611332E+00 -1.6056778775E+00 -1.4537328868E+00
           Stress_EigVec1 = -1.3198010427E-02  8.3641079113E-01 -5.4794415865E-01
           Stress_EigVec2 = -6.1582884883E-01  4.2492955432E-01  6.6346793654E-01
           Stress_EigVec3 =  7.8776940882E-01  3.4619627719E-01  5.0947766996E-01
           -DivStress =  6.2402311694E+00  2.7555626150E+00  4.0229544965E+00
           ESP =  -1.0880244749E+00     ESP at Nucleus =  -1.0905494627E+00
           ESPe = -1.5542995008E+01     ESPe at Nucleus = -1.5457013628E+01
           ESPn =  1.4454970533E+01     ESPn at Nucleus =  1.4366464166E+01

CP# 11     Coords =  2.54483180932500E+00  5.79644022811284E+00 -3.46197519763433E-01
           Type = (3,-3) NACP H11
           Rho =  4.2473829675E-01     Rho at Nucleus =  4.2099916979E-01
           GradRho = -8.4858510063E-10 -4.0746938983E-09  9.8077328160E-10
           HessRho_EigVals = -6.4682901157E+00 -6.4625014534E+00 -5.8638873347E+00
           HessRho_EigVec1 =  9.7998531300E-01 -1.9400816082E-01  4.4605154961E-02
           HessRho_EigVec2 =  2.0475822978E-03  2.3387964706E-01  9.7226339955E-01
           HessRho_EigVec3 =  1.9905927187E-01  9.5271251919E-01 -2.2959586681E-01
           DelSqRho = -1.8794678904E+01
           Bond Ellipticity = NA
           V = -4.7077895016E+00
           G =  4.5598878189E-03
           K =  4.7032296138E+00
           L =  4.6986697260E+00
           Vnuc =  4.0867765255E+01
           Ven = -1.7358105007E+01
           Vrep =  1.2650315505E+01
           DelSqV =  7.0747635652E+02
           DelSqVen =  7.6809653236E+02
           DelSqVrep = -6.0620175838E+01
           DelSqG =  6.9642553104E+01
           DelSqK = -7.7711890962E+02
           Stress_EigVals = -1.6204052769E+00 -1.6198494247E+00 -1.4675348000E+00
           Stress_EigVec1 =  9.7623821680E-01 -2.1393097947E-01 -3.4532304892E-02
           Stress_EigVec2 =  8.2006989295E-02  2.1721841113E-01  9.7267210075E-01
           Stress_EigVec3 =  2.0058364281E-01  9.5239156752E-01 -2.2960074988E-01
           -DivStress =  1.5782794615E+00  7.5678363038E+00 -1.8209256639E+00
           ESP =  -1.0967434120E+00     ESP at Nucleus =  -1.0992463918E+00
           ESPe = -1.3584941024E+01     ESPe at Nucleus = -1.3496902452E+01
           ESPn =  1.2488197612E+01     ESPn at Nucleus =  1.2397656060E+01

CP# 12     Coords = -1.77996239380979E+00  4.33924222180787E+00  6.54021444678666E-03
           Type = (3,-3) NACP H12
           Rho =  4.2639784681E-01     Rho at Nucleus =  4.2263975649E-01
           GradRho =  2.0816681712E-15 -7.0798401863E-16  4.9786563761E-16
           HessRho_EigVals = -6.5090750561E+00 -6.5010708637E+00 -5.8969490201E+00
           HessRho_EigVec1 =  6.5327890981E-01  7.3922562698E-01 -1.6362193745E-01
           HessRho_EigVec2 = -2.7221455641E-02  2.3890498695E-01  9.7066132073E-01
           HessRho_EigVec3 =  7.5662782023E-01 -6.2965854209E-01  1.7619438704E-01
           DelSqRho = -1.8907094940E+01
           Bond Ellipticity = NA
           V = -4.7358108001E+00
           G =  4.5185325679E-03
           K =  4.7312922676E+00
           L =  4.7267737350E+00
           Vnuc =  4.3664914279E+01
           Ven = -1.8618625430E+01
           Vrep =  1.3882814630E+01
           DelSqV =  7.1182774012E+02
           DelSqVen =  8.2557667981E+02
           DelSqVrep = -1.1374893969E+02
           DelSqG =  7.0216999261E+01
           DelSqK = -7.8204473938E+02
           Stress_EigVals = -1.6303117014E+00 -1.6293502930E+00 -1.4761488057E+00
           Stress_EigVec1 =  6.5168299455E-01  7.1219201370E-01 -2.6094407490E-01
           Stress_EigVec2 =  3.8690597147E-02  3.1236932275E-01  9.4917250482E-01
           Stress_EigVec3 =  7.5750400151E-01 -6.2865566237E-01  1.7601064136E-01
           -DivStress = -6.0518038102E+00  5.0149240423E+00 -1.4115400919E+00
           ESP =  -1.0952722171E+00     ESP at Nucleus =  -1.0977959475E+00
           ESPe = -1.6372497550E+01     ESPe at Nucleus = -1.6280954675E+01
           ESPn =  1.5277225333E+01     ESPn at Nucleus =  1.5183158728E+01

CP# 13     Coords =  5.47489255794155E+00 -2.98706627668953E+00 -5.30633629844761E-02
           Type = (3,-3) NACP H13
           Rho =  4.2471885637E-01     Rho at Nucleus =  4.2098393191E-01
           GradRho =  1.7495604621E-10  8.3669857501E-11  2.5262875125E-11
           HessRho_EigVals = -6.4645593514E+00 -6.4580983902E+00 -5.8611016142E+00
           HessRho_EigVec1 =  7.6968976146E-02 -4.3155952910E-01  8.9879483173E-01
           HessRho_EigVec2 = -4.4036156133E-01  7.9406250107E-01  4.1898262457E-01
           HessRho_EigVec3 =  8.9451521620E-01  4.2804335905E-01  1.2892405034E-01
           DelSqRho = -1.8783759356E+01
           Bond Ellipticity = NA
           V = -4.7049378705E+00
           G =  4.4990157948E-03
           K =  4.7004388547E+00
           L =  4.6959398389E+00
           Vnuc =  4.1125921502E+01
           Ven = -1.7466954347E+01
           Vrep =  1.2762016477E+01
           DelSqV =  7.0700339625E+02
           DelSqVen =  7.7249941310E+02
           DelSqVrep = -6.5496016845E+01
           DelSqG =  6.9566051056E+01
           DelSqK = -7.7656944731E+02
           Stress_EigVals = -1.6193956940E+00 -1.6186685781E+00 -1.4668735985E+00
           Stress_EigVec1 =  7.3725246506E-02 -4.2218562733E-01  9.0350643833E-01
           Stress_EigVec2 = -4.4120752727E-01  7.9867870938E-01  4.0920439521E-01
           Stress_EigVec3 =  8.9437157038E-01  4.2880253644E-01  1.2738869196E-01
           -DivStress = -7.0977880637E+00 -3.3958486678E+00 -1.0221544550E+00
           ESP =  -1.1049977821E+00     ESP at Nucleus =  -1.1074735031E+00
           ESPe = -1.3842492382E+01     ESPe at Nucleus = -1.3795556847E+01
           ESPn =  1.2737494600E+01     ESPn at Nucleus =  1.2688083344E+01

CP# 14     Coords =  7.36617656259321E+00 -2.64783587542997E-01 -3.30695184757471E+00
           Type = (3,-3) NACP H14
           Rho =  4.2508206522E-01     Rho at Nucleus =  4.2137036014E-01
           GradRho =  3.6463540520E-13 -1.4503502566E-13  6.7685614058E-13
           HessRho_EigVals = -6.4701728176E+00 -6.4637190465E+00 -5.8684501352E+00
           HessRho_EigVec1 =  7.6929254673E-01  5.6777800442E-01 -2.9294558410E-01
           HessRho_EigVec2 =  4.3690585508E-01 -8.0206372266E-01 -4.0719412889E-01
           HessRho_EigVec3 =  4.6615689563E-01 -1.8526176751E-01  8.6508717835E-01
           DelSqRho = -1.8802341999E+01
           Bond Ellipticity = NA
           V = -4.7095559997E+00
           G =  4.4852499198E-03
           K =  4.7050707498E+00
           L =  4.7005854998E+00
           Vnuc =  3.9986751367E+01
           Ven = -1.6997650852E+01
           Vrep =  1.2288094852E+01
           DelSqV =  7.0781127853E+02
           DelSqVen =  7.5184457464E+02
           DelSqVrep = -4.4033296111E+01
           DelSqG =  6.9639967477E+01
           DelSqK = -7.7745124600E+02
           Stress_EigVals = -1.6208006681E+00 -1.6200646851E+00 -1.4686906465E+00
           Stress_EigVec1 =  7.6556764769E-01  5.7567674229E-01 -2.8723242365E-01
           Stress_EigVec2 =  4.4481602413E-01 -7.9618653922E-01 -4.1015326335E-01
           Stress_EigVec3 =  4.6480628382E-01 -1.8623448432E-01  8.6560489565E-01
           -DivStress = -3.6875253818E+00  1.4664156506E+00 -6.8460573555E+00
           ESP =  -1.1046926507E+00     ESP at Nucleus =  -1.1071581204E+00
           ESPe = -1.2599327369E+01     ESPe at Nucleus = -1.2537457843E+01
           ESPn =  1.1494634718E+01     ESPn at Nucleus =  1.1430299722E+01

CP# 15     Coords = -3.82720284290335E-01 -2.88925010690710E+00  3.11159664329877E+00
           Type = (3,-3) NACP H15
           Rho =  4.2229873028E-01     Rho at Nucleus =  4.1844795750E-01
           GradRho =  1.4381132305E-09  4.4221242154E-09 -8.7265621790E-10
           HessRho_EigVals = -6.4258314481E+00 -6.4195522380E+00 -5.8123632377E+00
           HessRho_EigVec1 =  7.5199567021E-01 -1.1461466429E-01  6.4912709904E-01
           HessRho_EigVec2 = -5.8552871053E-01  3.3614954881E-01  7.3767174948E-01
           HessRho_EigVec3 =  3.0275178138E-01  9.3480851492E-01 -1.8567282866E-01
           DelSqRho = -1.8657746924E+01
           Bond Ellipticity = NA
           V = -4.6736572067E+00
           G =  4.6102378784E-03
           K =  4.6690469688E+00
           L =  4.6644367309E+00
           Vnuc =  4.2711700572E+01
           Ven = -1.8037096920E+01
           Vrep =  1.3363439713E+01
           DelSqV =  7.0172008891E+02
           DelSqVen =  7.9690410727E+02
           DelSqVrep = -9.5184018363E+01
           DelSqG =  6.9039917119E+01
           DelSqK = -7.7076000603E+02
           Stress_EigVals = -1.6096958414E+00 -1.6093759736E+00 -1.4545853918E+00
           Stress_EigVec1 =  6.5453664700E-01 -6.0891502324E-02  7.5357415208E-01
           Stress_EigVec2 =  6.9315305832E-01 -3.4964239601E-01 -6.3030868045E-01
           Stress_EigVec3 =  3.0186191458E-01  9.3490235846E-01 -1.8664663047E-01
           -DivStress = -2.4422897605E+00 -7.5086765353E+00  1.4803697616E+00
           ESP =  -1.0897292165E+00     ESP at Nucleus =  -1.0923175013E+00
           ESPe = -1.5944827881E+01     ESPe at Nucleus = -1.5856647059E+01
           ESPn =  1.4855098665E+01     ESPn at Nucleus =  1.4764329557E+01

CP# 16     Coords = -3.93526820872850E+00 -7.44607431852884E-01 -6.23043137758868E-01
           Type = (3,-3) NACP Br16
           Rho =  2.8285400664E+04     Rho at Nucleus =  2.8285400663E+04
           GradRho = -3.6120580660E-07  2.1634249947E-08  1.1824079849E-07
           HessRho_EigVals = -2.7950647508E+09 -2.7950604388E+09 -2.7950603056E+09
           HessRho_EigVec1 =  8.1961093516E-01  3.3954956070E-01  4.6145856888E-01
           HessRho_EigVec2 = -5.7205116857E-01  5.2937157317E-01  6.2651671810E-01
           HessRho_EigVec3 =  3.1549572159E-02  7.7747786679E-01 -6.2811845312E-01
           DelSqRho = -8.3851854951E+09
           Bond Ellipticity = NA
           V = -2.0982423669E+09
           G =  9.7299657652E+05
           K =  2.0972693704E+09
           L =  2.0962963738E+09
           Vnuc =  1.3534841699E+09
           Ven = -3.8283842039E+13
           Vrep =  3.8281743796E+13
           DelSqV =  8.5641061058E+15
           DelSqVen =  1.1349194206E+19
           DelSqVrep = -1.1340634498E+19
           DelSqG =  2.0804245549E+14
           DelSqK = -8.7721485613E+15
           Stress_EigVals = -6.9941450884E+08 -6.9941447064E+08 -6.9941338746E+08
           Stress_EigVec1 =  1.8778193070E-02  7.8888983999E-01 -6.1424766977E-01
           Stress_EigVec2 = -5.7262369202E-01  5.1210276902E-01  6.4019751741E-01
           Stress_EigVec3 =  8.1960324963E-01  3.3971101590E-01  4.6135337744E-01
           -DivStress = -6.0012282808E+07 -2.2969136004E+07 -3.4534847656E+07
           ESP =  -1.7527343121E+02     ESP at Nucleus =  -1.7527343121E+02
           ESPe = -1.8200780812E+02     ESPe at Nucleus = -1.8200780809E+02
           ESPn =  6.7343769068E+00     ESPn at Nucleus =  6.7343768787E+00

