AIMSum (Version 19.02.13, Professional)
Copyright (c) 1997-2019 by Todd A. Keith
AIMSum is a component of the AIMAll package ( http://aim.tkgristmill.com )

TP:  64-bit Linux

Much of the Quantum Theory of Atoms in Molecules (QTAIM) is described in the book:
  "Atoms in Molecules - A Quantum Theory"
  R.F.W. Bader, Oxford University Press, Oxford, 1990

For additional references see:  http://aim.tkgristmill.com/references.html

Wfn File:  /home/mhennefarth/Documents/ML_Diels/summary-pieniazek2006/r_6d-opt/r_6d-opt.wfn
Sum File:  /home/mhennefarth/Documents/ML_Diels/summary-pieniazek2006/r_6d-opt/r_6d-opt.sum

SumViz File:  /home/mhennefarth/Documents/ML_Diels/summary-pieniazek2006/r_6d-opt/r_6d-opt.sumviz

Wfn Title:   Title Card Required                                                           
 
Total memory allocated for AIMSum =        0.823 Megabytes

Atomic units (a.u.) used throughout, except where stated otherwise

Model:  Restricted SCF
 
Restricted, closed-shell, single-determinant wavefunction.
  Number of electrons (from MO Occs)                   =          60.0000000000
  Number of Alpha electrons (from MO Occs)             =          30.0000000000
  Number of Beta electrons (from MO Occs)              =          30.0000000000
  Number of electron pairs (N*(N-1)/2)                 =        1770.0000000000
  Number of electron pairs (from Muller 2EDM)          =        1770.0000000000
 
Nuclear Charges and Cartesian Coordinates:
-------------------------------------------------------------------------------
Atom      Charge                X                  Y                  Z
-------------------------------------------------------------------------------
C1         6.0          -4.5241040100E+00  -1.2229560100E+00  -1.0900206300E+00
C2         6.0           5.9847586800E+00  -1.7130941500E+00  -1.3289727400E+00
C3         6.0          -1.4050182300E+00   1.4077469400E+00   1.8875955000E-01
C4         6.0           5.9871132900E+00   1.4780920000E-01   3.6672826000E-01
C5         6.0          -3.2812630600E+00   1.2290734300E+00  -1.5116656300E+00
C6         6.0          -3.3927016000E+00  -2.4728456500E+00   8.2333150000E-01
H7         1.0           7.3991302100E+00  -3.2042837900E+00  -1.3107540200E+00
H8         1.0           7.4080671300E+00   2.5444500000E-01   1.8484307500E+00
H9         1.0           4.5698350500E+00   1.6335172900E+00   3.4576890000E-01
H10        1.0          -3.7910035200E+00   2.6166744500E+00  -2.9260749800E+00
H11        1.0          -3.8929011900E+00  -4.3156552200E+00   1.5605569600E+00
H12        1.0          -6.1214878200E+00  -1.8872120000E+00  -2.1904283100E+00
H13        1.0           4.5711965900E+00  -1.8172926100E+00  -2.8174096500E+00
C14        6.0          -1.2494498500E+00  -8.8996504000E-01   1.8409403100E+00
H15        1.0           5.9926302000E-01  -1.8226342200E+00   1.6680997300E+00
H16        1.0          -1.4879959400E+00  -4.1244378000E-01   3.8490430100E+00
F17        9.0           2.2554279000E-01   3.3378080700E+00   4.7090711000E-01
 
Some Atomic Properties:
----------------------
  q(A) = Net Charge of Atom A
  L(A) = Lagrangian of Atom A = -(1/4) Times Atomic Integral of the Laplacian of the Electron Density
  K(A) = Electronic Kinetic Energy of Atom A (Hamiltonian Form)
  K_Scaled(A) = K(A) * E(Mol)/K(Mol) = Approximation to Virial-Based Total Energy of Atom A.
  |Mu_Intra(A)| = Magnitude of Intraatomic Dipole Moment of Atom A
--------------------------------------------------------------------------------------------------
Atom A          q(A)              L(A)              K(A)          K_Scaled(A)      |Mu_Intra(A)|
--------------------------------------------------------------------------------------------------
C1       -4.1145668900E-02 -5.3235079347E-05  3.7715483365E+01 -3.8060532516E+01  1.6254034543E-01
C2       -8.7297079600E-02 -2.1987838562E-06  3.7695121425E+01 -3.8039984290E+01  8.6024110828E-02
C3        4.8906138330E-01  1.0435281366E-04  3.7427108202E+01 -3.7769519084E+01  6.9254327568E-01
C4       -8.7321819200E-02 -7.9444232955E-05  3.7698752357E+01 -3.8043648441E+01  1.0385592556E-01
C5       -2.0718873800E-02 -1.3131608210E-04  3.7713795948E+01 -3.8058829661E+01  2.5298770576E-01
C6       -6.7066213800E-02  8.0663878310E-06  3.7721705410E+01 -3.8066811485E+01  1.8659924589E-01
H7        3.8123556450E-02  2.3654059389E-05  5.9642123092E-01 -6.0187773370E-01  1.4754793549E-01
H8        3.7236368430E-02  2.2995340104E-05  5.9673197322E-01 -6.0219131890E-01  1.4754098901E-01
H9        6.4854999010E-02  2.0609794014E-05  5.8869326785E-01 -5.9407906949E-01  1.2630990304E-01
H10       6.5707990240E-02  2.0147241934E-05  5.8264582877E-01 -5.8797630397E-01  1.4781648983E-01
H11       5.2665574880E-02  1.9162518858E-05  5.8962657169E-01 -5.9502091189E-01  1.4905186195E-01
H12       4.9322925640E-02  2.0437556953E-05  5.9186670475E-01 -5.9728153935E-01  1.4830553056E-01
H13       4.1566878800E-02  2.0656767423E-05  5.9487113201E-01 -6.0031345333E-01  1.4661225655E-01
C14      -3.6351290000E-03  1.6864126190E-04  3.7714919631E+01 -3.8059963625E+01  1.8984417674E-01
H15       6.8022285770E-02  1.9851592879E-05  5.7982031761E-01 -5.8512494295E-01  1.4375739684E-01
H16       5.4316059920E-02  2.5868037393E-05  5.8568189051E-01 -5.9104014185E-01  1.4882013428E-01
F17      -6.5357238640E-01  3.6699494098E-05  9.9557390663E+01 -1.0046821535E+02  3.1894290807E-01
--------------------------------------------------------------------------------------------------
Total     1.2085174000E-04  2.4494868818E-04  3.6855063592E+02 -3.7192240987E+02
 
1st Largest |L(A)| = 1.6864126190E-04, atom C14     
2nd Largest |L(A)| = 1.3131608210E-04, atom C5      
 
Molecular charge q(Mol) from the wfn file:   0.0000000000E+00
Molecular energy E(Mol) from the wfn file:  -3.7192237398E+02
Molecular virial ratio (-V(Mol)/T(Mol)) from the wfn file:   2.0091487400E+00
Note.  K_Scaled(A) = (1+V(Mol)/T(Mol))*K(A) = (E(Mol)/T(Mol))*K(A)
       Only use K_Scaled(A) data with caution.
 
N_AIMInt(SumA)     =         59.999879
N_Analytic(Mol)    =         59.999990
 
G_AIMInt(SumA)     =        368.550391
G_Analytic(Mol)    =        368.550576
 
K_AIMInt(SumA)     =        368.550636
K_Analytic(Mol)    =        368.550576
 
L_AIMInt(SumA)     =          0.000245
L_Analytic(Mol)    =          0.000000
 
VenT_AIMInt(SumA)  =      -1530.482616
VenT_Analytic(Mol) =      -1530.485011
 
Some Information About the Atomic Calculations:
----------------------------------------------
  Time(sec) = "Elapsed User Time", in Seconds, for Atom A by AIMInt and, if used, by TWOe
  NProc = Number of Processors Used for AIMInt Job
  BIM = Basin Integration Method
  OAQ = Angular Quadrature Outside of Beta Sphere
  ORQ = Multiple of Default for Radial Quadrature Outside of Beta Sphere
  IAQ = Multiple of Default for Angular Quadrature Inside of Beta Sphere
  IRQ = Multiple of Default for Radial Quadrature Inside of Beta Sphere
  MIR = Maximum Integration Radius
------------------------------------------------------------------------------------------------------
Atom A     Time(sec)   NProc      BIM          OAQ                     ORQ      IAQ      IRQ      MIR
------------------------------------------------------------------------------------------------------
C1             19        8     Proaim(5)    4500(GS4)                  1.00     1.00     1.00    13.00
C2             22        8     Proaim(5)    4500(GS4)                  1.00     1.00     1.00    13.00
C3             24        8     Proaim(5)    4500(GS4)                  1.00     1.00     1.00    13.00
C4             26        8     Proaim(5)    4500(GS4)                  1.00     1.00     1.00    13.00
C5             22        8     Proaim(5)    4500(GS4)                  1.00     1.00     1.00    13.00
C6             18        8     Proaim(5)    4500(GS4)                  1.00     1.00     1.00    13.00
H7              4        8     Proaim(5)    1800(GS4)                  1.00     1.00     1.00    13.00
H8              4        8     Proaim(5)    1800(GS4)                  1.00     1.00     1.00    13.00
H9             10        8     Proaim(5)    4500(GS4)                  1.00     1.00     1.00    13.00
H10             5        8     Proaim(5)    1800(GS4)                  1.00     1.00     1.00    13.00
H11             5        8     Proaim(5)    1800(GS4)                  1.00     1.00     1.00    13.00
H12             5        8     Proaim(5)    1800(GS4)                  1.00     1.00     1.00    13.00
H13             6        8     Proaim(5)    1800(GS4)                  1.00     1.00     1.00    13.00
C14            25        8     Proaim(5)    4500(GS4)                  1.00     1.00     1.00    13.00
H15            15        8     Proaim(5)    4500(GS4)                  1.00     1.00     1.00    13.00
H16             4        8     Proaim(5)    1800(GS4)                  1.00     1.00     1.00    13.00
F17            12        8     Proaim(5)    4500(GS4)                  1.00     1.00     1.00    13.00
------------------------------------------------------------------------------------------------------
Total         226
Note:  Total wall clock time is less than total of atomic times if more than one atom
       was calculated at a time
 
Electron Density Critical Point Analysis of Molecular Structure:               
---------------------------------------------------------------                
  NACP = Nuclear Attractor Critical Point                                      
  NNACP = Non-Nuclear Attractor Critical Point                                 
  BCP = Bond Critical Point                                                    
  RCP = Ring Critical Point                                                    
  CCP = Cage Critical Point                                                    
  Rho = Electron Density                                                       
  GradRho = Gradient of Electron Density                                       
  HessRho_EigVals = Eigenvalues of the Hessian of Rho, Ascending Order         
  HessRho_EigVecs = Eigenvectors of the Hessian of Rho                         
  DelSqRho = Laplacian of Rho = Trace of Hessian of Rho                        
  Bond Ellipticity = (HessRho_EigVal(1) / HessRho_EigVal(2)) - 1               
  V = Virial Field = Potential Energy Density = Trace of Stress Tensor         
  G = Lagrangian Form of Kinetic Energy Density                                
  K = Hamiltonian Form of Kinetic Energy Density                               
  L = K - G = Lagrangian Density = (-1/4)DelSqRho                              
  Vnuc = Electrostatic Potential from Nuclei                                   
  Ven = Electron-nuclear attractive contribution to Virial Field V             
  Vrep = V - Ven = Repulsive contribution to Virial Field V                    
  DelSqV = Laplacian of V                                                      
  DelSqVen = Laplacian of Ven                                                  
  DelSqVrep = Laplacian of Vrep                                                
  DelSqG = Laplacian of G                                                      
  DelSqK = Laplacian of K                                                      
  Stress_EigVals = Eigenvalues of Stress Tensor, Ascending Order               
  Stress_EigVecs = Eigenvectors of Stress Tensor                               
  -DivStress = Ehrenfest Force Density = Minus Divergence of Stress Tensor     
  ESP = Total Electrostatic Potential                                          
  ESPe = Electrostatic Potential from Electrons                                
  ESPn = Electrostatic Potential from Nuclei                                   
  BP = Bond Path                                                               
  BPL = Bond Path Length                                                       
  GBL = Geometric Bond Length                                                  
  GBL_I = Distance Between Nuclear Attractors                                  
  GBL_II = Distance Between Nuclei                                             
  GBL_III = Sum of Distances Between BCP and Nuclear Attractors                
  GBL_IV = Sum of Distances Between BCP and Nuclei                             

CP# 1      Coords = -4.52410414412690E+00 -1.22295462569386E+00 -1.09002168479468E+00
           Type = (3,-3) NACP C1
           Rho =  1.1766479266E+02     Rho at Nucleus =  1.1766479244E+02
           GradRho = -1.6206850900E-10  9.5092194660E-10 -7.3419778514E-10
           HessRho_EigVals = -1.4498359064E+05 -1.4498285692E+05 -1.4498243999E+05
           HessRho_EigVec1 =  6.2763745605E-01 -4.2929757401E-01 -6.4944192714E-01
           HessRho_EigVec2 = -4.8014855599E-01 -8.7011771796E-01  1.1114189614E-01
           HessRho_EigVec3 = -6.1280387397E-01  2.4207178656E-01 -7.5224508121E-01
           DelSqRho = -4.3494888755E+05
           Bond Ellipticity = NA
           V = -1.0874745931E+05
           G =  5.1187083722E+00
           K =  1.0874234060E+05
           L =  1.0873722189E+05
           Vnuc =  3.4373569811E+06
           Ven = -4.0445589649E+08
           Vrep =  4.0434714903E+08
           DelSqV =  2.4948883630E+09
           DelSqVen =  1.4950745375E+12
           DelSqVrep = -1.4925796368E+12
           DelSqG =  1.3400617966E+08
           DelSqK = -2.6288945426E+09
           Stress_EigVals = -3.6249433348E+04 -3.6249230219E+04 -3.6248795737E+04
           Stress_EigVec1 =  6.6358697932E-01 -1.4291485488E-01  7.3432122748E-01
           Stress_EigVec2 = -4.0800102550E-01 -8.9188769618E-01  1.9511919584E-01
           Stress_EigVec3 =  6.2704663628E-01 -4.2908237164E-01 -6.5015446955E-01
           -DivStress =  1.0461776680E+02 -1.1250255567E+03  8.5294159478E+02
           ESP =  -1.4737957208E+01     ESP at Nucleus =  -1.4737957230E+01
           ESPe = -2.6152252823E+01     ESPe at Nucleus = -2.6152253208E+01
           ESPn =  1.1414295614E+01     ESPn at Nucleus =  1.1414295978E+01

CP# 2      Coords =  5.98475867889509E+00 -1.71309493803473E+00 -1.32897338366146E+00
           Type = (3,-3) NACP C2
           Rho =  1.1767920783E+02     Rho at Nucleus =  1.1767920776E+02
           GradRho =  2.0167161777E-11 -1.8082443637E-10 -1.3937349503E-10
           HessRho_EigVals = -1.4500660933E+05 -1.4500557279E+05 -1.4500535895E+05
           HessRho_EigVec1 =  5.8792466166E-01  5.4240072803E-01 -6.0012168970E-01
           HessRho_EigVec2 =  8.0864692392E-01 -4.1321177707E-01  4.1874357275E-01
           HessRho_EigVec3 =  2.0850531144E-02  7.3147623168E-01  6.8154807448E-01
           DelSqRho = -4.3501754107E+05
           Bond Ellipticity = NA
           V = -1.0876456849E+05
           G =  5.0916095780E+00
           K =  1.0875947688E+05
           L =  1.0875438527E+05
           Vnuc =  5.8968324481E+06
           Ven = -6.9393457121E+08
           Vrep =  6.9382580664E+08
           DelSqV =  2.4952855322E+09
           DelSqVen =  2.5652256768E+12
           DelSqVrep = -2.5627303093E+12
           DelSqG =  1.3403271481E+08
           DelSqK = -2.6293182470E+09
           Stress_EigVals = -3.6255121098E+04 -3.6254998284E+04 -3.6254449105E+04
           Stress_EigVec1 =  9.6311213796E-03  7.3514373839E-01  6.7784284713E-01
           Stress_EigVec2 =  8.0971817261E-01 -4.0348789235E-01  4.2609154142E-01
           Stress_EigVec3 =  5.8673991039E-01  5.4475793215E-01 -5.9914528532E-01
           -DivStress =  1.2942568380E-01  6.3936352679E+02  5.2331209831E+02
           ESP =  -1.4744948416E+01     ESP at Nucleus =  -1.4744948431E+01
           ESPe = -2.3584592545E+01     ESPe at Nucleus = -2.3584593584E+01
           ESPn =  8.8396441285E+00     ESPn at Nucleus =  8.8396451524E+00

CP# 3      Coords = -1.40501164024281E+00  1.40775312146491E+00  1.88761714228459E-01
           Type = (3,-3) NACP C3
           Rho =  1.1765678597E+02     Rho at Nucleus =  1.1765677971E+02
           GradRho = -2.4218717309E-12  1.5118821126E-11 -9.3744283169E-13
           HessRho_EigVals = -1.4496522334E+05 -1.4496350618E+05 -1.4496268685E+05
           HessRho_EigVec1 =  6.0276710921E-01  7.9652095332E-01  4.7182443469E-02
           HessRho_EigVec2 =  6.2700015850E-01 -4.3625090066E-01 -6.4541146017E-01
           HessRho_EigVec3 =  4.9350036808E-01 -4.1861619963E-01  7.6237645826E-01
           DelSqRho = -4.3489141637E+05
           Bond Ellipticity = NA
           V = -1.0873280915E+05
           G =  4.9775309850E+00
           K =  1.0872783162E+05
           L =  1.0872285409E+05
           Vnuc =  6.4581280031E+05
           Ven = -7.5984258421E+07
           Vrep =  7.5875525612E+07
           DelSqV =  2.4945444557E+09
           DelSqVen =  2.8085844288E+11
           DelSqVrep = -2.7836389830E+11
           DelSqG =  1.3397867470E+08
           DelSqK = -2.6285231304E+09
           Stress_EigVals = -3.6244678948E+04 -3.6244178924E+04 -3.6243951282E+04
           Stress_EigVec1 =  5.2928249932E-01 -3.7396092401E-01  7.6158601827E-01
           Stress_EigVec2 =  6.2259654805E-01 -4.3861971521E-01 -6.4806348746E-01
           Stress_EigVec3 =  5.7639706303E-01  8.1716948838E-01  6.7304127632E-04
           -DivStress = -5.3394737071E+03 -5.0046320719E+03 -1.7562790876E+03
           ESP =  -1.4662477047E+01     ESP at Nucleus =  -1.4662477455E+01
           ESPe = -2.8545211656E+01     ESPe at Nucleus = -2.8545213223E+01
           ESPn =  1.3882734610E+01     ESPn at Nucleus =  1.3882735768E+01

CP# 4      Coords =  5.98711349081842E+00  1.47809638340367E-01  3.66728954376163E-01
           Type = (3,-3) NACP C4
           Rho =  1.1768795079E+02     Rho at Nucleus =  1.1768795074E+02
           GradRho = -4.5697012609E-12  7.0578605568E-11  1.1677007966E-10
           HessRho_EigVals = -1.4501962901E+05 -1.4501849972E+05 -1.4501831475E+05
           HessRho_EigVec1 =  5.8471633552E-01  5.5046957627E-01 -5.9589433004E-01
           HessRho_EigVec2 =  7.9006763504E-01 -2.1969419264E-01  5.7230026541E-01
           HessRho_EigVec3 = -1.8411936086E-01  8.0543013807E-01  5.6336697954E-01
           DelSqRho = -4.3505644348E+05
           Bond Ellipticity = NA
           V = -1.0877430172E+05
           G =  5.0954243345E+00
           K =  1.0876920629E+05
           L =  1.0876411087E+05
           Vnuc =  7.0976017152E+06
           Ven = -8.3530220141E+08
           Vrep =  8.3519342711E+08
           DelSqV =  2.4955102221E+09
           DelSqVen =  3.0878573527E+12
           DelSqVrep = -3.0853618425E+12
           DelSqG =  1.3404687448E+08
           DelSqK = -2.6295570966E+09
           Stress_EigVals = -3.6258365675E+04 -3.6258255912E+04 -3.6257680132E+04
           Stress_EigVec1 = -9.4795423471E-02  7.7767773324E-01  6.2147499621E-01
           Stress_EigVec2 =  8.0650919882E-01 -3.0596905036E-01  5.0589114683E-01
           Stress_EigVec3 =  5.8357239474E-01  5.4918146678E-01 -5.9819977988E-01
           -DivStress = -1.6465123677E+02 -3.5586880070E+02 -5.6334626231E+02
           ESP =  -1.4746887458E+01     ESP at Nucleus =  -1.4746887469E+01
           ESPe = -2.3937192263E+01     ESPe at Nucleus = -2.3937193000E+01
           ESPn =  9.1903048055E+00     ESPn at Nucleus =  9.1903055308E+00

CP# 5      Coords = -3.28126367679996E+00  1.22907290153457E+00 -1.51166579916649E+00
           Type = (3,-3) NACP C5
           Rho =  1.1764134255E+02     Rho at Nucleus =  1.1764134250E+02
           GradRho = -1.1180165214E-10 -6.8272327895E-11 -1.2189982530E-11
           HessRho_EigVals = -1.4495849702E+05 -1.4495811578E+05 -1.4495794575E+05
           HessRho_EigVec1 =  6.0923347975E-01 -4.4244148107E-01 -6.5808821824E-01
           HessRho_EigVec2 =  6.3046146439E-01  7.7361505556E-01  6.3545949731E-02
           HessRho_EigVec3 = -4.8099158941E-01  4.5361358185E-01 -7.5025449634E-01
           DelSqRho = -4.3487455856E+05
           Bond Ellipticity = NA
           V = -1.0872905245E+05
           G =  5.2064035218E+00
           K =  1.0872384604E+05
           L =  1.0871863964E+05
           Vnuc =  7.2318929082E+06
           Ven = -8.5076959087E+08
           Vrep =  8.5066086181E+08
           DelSqV =  2.4944706359E+09
           DelSqVen =  3.1449658163E+12
           DelSqVrep = -3.1424713457E+12
           DelSqG =  1.3398767335E+08
           DelSqK = -2.6284583093E+09
           Stress_EigVals = -3.6243228211E+04 -3.6243087713E+04 -3.6242736523E+04
           Stress_EigVec1 =  4.9125462182E-01 -4.3101381970E-01  7.5689892573E-01
           Stress_EigVec2 = -6.0868689976E-01 -7.9145762608E-01 -5.5633480730E-02
           Stress_EigVec3 =  6.2303222597E-01 -4.3338425600E-01 -6.5115968246E-01
           -DivStress =  5.0417078348E+02  4.3580783700E+02  1.3527946921E+02
           ESP =  -1.4742621590E+01     ESP at Nucleus =  -1.4742621595E+01
           ESPe = -2.6843852839E+01     ESPe at Nucleus = -2.6843853194E+01
           ESPn =  1.2101231248E+01     ESPn at Nucleus =  1.2101231599E+01

CP# 6      Coords = -3.39270018977904E+00 -2.47284542894821E+00  8.23332721194835E-01
           Type = (3,-3) NACP C6
           Rho =  1.1764761517E+02     Rho at Nucleus =  1.1764761492E+02
           GradRho =  1.1062466169E-09  1.9127820486E-10  9.6483121709E-10
           HessRho_EigVals = -1.4496549180E+05 -1.4496525431E+05 -1.4496477053E+05
           HessRho_EigVec1 =  6.2123484190E-01 -4.3466859974E-01 -6.5202030613E-01
           HessRho_EigVec2 =  7.3605252832E-01  6.0916678430E-01  2.9519909290E-01
           HessRho_EigVec3 =  2.6887533683E-01 -6.6330915666E-01  6.9837455276E-01
           DelSqRho = -4.3489551664E+05
           Bond Ellipticity = NA
           V = -1.0873415554E+05
           G =  5.1381924939E+00
           K =  1.0872901735E+05
           L =  1.0872387916E+05
           Vnuc =  3.1939852242E+06
           Ven = -3.7576474452E+08
           Vrep =  3.7565601037E+08
           DelSqV =  2.4945876525E+09
           DelSqVen =  1.3890499338E+12
           DelSqVrep = -1.3865553462E+12
           DelSqG =  1.3399321774E+08
           DelSqK = -2.6285808703E+09
           Stress_EigVals = -3.6244980063E+04 -3.6244734801E+04 -3.6244440681E+04
           Stress_EigVec1 = -1.5502102864E-01  7.4861549092E-01 -6.4462650227E-01
           Stress_EigVec2 =  7.6481863079E-01  5.0396481721E-01  4.0133766957E-01
           Stress_EigVec3 =  6.2531667392E-01 -4.3080658047E-01 -6.5068021912E-01
           -DivStress = -1.1467414985E+03 -1.8321854449E+02 -9.9049480036E+02
           ESP =  -1.4743010925E+01     ESP at Nucleus =  -1.4743010948E+01
           ESPe = -2.6261562129E+01     ESPe at Nucleus = -2.6261561794E+01
           ESPn =  1.1518551204E+01     ESPn at Nucleus =  1.1518550846E+01

CP# 7      Coords =  7.37509726508136E+00 -3.17899902903302E+00 -1.31110413419371E+00
           Type = (3,-3) NACP H7
           Rho =  4.2575530484E-01     Rho at Nucleus =  4.2208025900E-01
           GradRho = -1.9190209046E-15  1.5257456248E-15 -4.0380199354E-16
           HessRho_EigVals = -6.4818180436E+00 -6.4753278475E+00 -5.8831073808E+00
           HessRho_EigVec1 =  4.2691749870E-01  4.1719420753E-01  8.0230321108E-01
           HessRho_EigVec2 =  5.8563811859E-01  5.4847234576E-01 -5.9683002605E-01
           HessRho_EigVec3 = -6.8903515394E-01  7.2465652494E-01 -1.0172388830E-02
           DelSqRho = -1.8840253272E+01
           Bond Ellipticity = NA
           V = -4.7190933486E+00
           G =  4.5150153197E-03
           K =  4.7145783333E+00
           L =  4.7100633180E+00
           Vnuc =  3.7994807231E+01
           Ven = -1.6176490735E+01
           Vrep =  1.1457397386E+01
           DelSqV =  7.0943600554E+02
           DelSqVen =  7.1583179125E+02
           DelSqVrep = -6.3957857089E+00
           DelSqG =  6.9808577072E+01
           DelSqK = -7.7924458261E+02
           Stress_EigVals = -1.6237268819E+00 -1.6229891709E+00 -1.4723772958E+00
           Stress_EigVec1 =  4.2869953362E-01  4.1637518858E-01  8.0177828120E-01
           Stress_EigVec2 =  5.8531645576E-01  5.4802375588E-01 -5.9755720196E-01
           Stress_EigVec3 = -6.8820153770E-01  7.2546651565E-01 -8.7737210908E-03
           -DivStress =  5.4285884720E+00 -5.7129105214E+00  7.8036602738E-02
           ESP =  -1.1106474653E+00     ESP at Nucleus =  -1.1130898214E+00
           ESPe = -1.0440556721E+01     ESPe at Nucleus = -1.0365276447E+01
           ESPn =  9.3299092561E+00     ESPn at Nucleus =  9.2521866256E+00

CP# 8      Coords =  7.38397245197979E+00  2.52636770496838E-01  1.82332594471046E+00
           Type = (3,-3) NACP H8
           Rho =  4.2582784887E-01     Rho at Nucleus =  4.2216010248E-01
           GradRho = -7.3038592251E-16  1.5351625136E-17 -4.4103300910E-16
           HessRho_EigVals = -6.4839276896E+00 -6.4777739996E+00 -5.8860746857E+00
           HessRho_EigVec1 = -4.2219248933E-01  8.3791033454E-01  3.4591873789E-01
           HessRho_EigVec2 =  5.8578085754E-01  5.4339757394E-01 -6.0131511171E-01
           HessRho_EigVec3 =  6.9181954937E-01  5.1238148961E-02  7.2025020875E-01
           DelSqRho = -1.8847776375E+01
           Bond Ellipticity = NA
           V = -4.7209686917E+00
           G =  4.5122989980E-03
           K =  4.7164563927E+00
           L =  4.7119440937E+00
           Vnuc =  3.8389495533E+01
           Ven = -1.6347316302E+01
           Vrep =  1.1626347610E+01
           DelSqV =  7.0976857739E+02
           DelSqVen =  7.2355662695E+02
           DelSqVrep = -1.3788049563E+01
           DelSqG =  6.9852096109E+01
           DelSqK = -7.7962067349E+02
           Stress_EigVals = -1.6243136499E+00 -1.6235331926E+00 -1.4731218492E+00
           Stress_EigVec1 = -4.2872271982E-01  8.3292183366E-01  3.4991148669E-01
           Stress_EigVec2 =  5.8201216033E-01  5.5086635217E-01 -5.9817063392E-01
           Stress_EigVec3 =  6.9098384550E-01  5.2796600795E-02  7.2093955655E-01
           -DivStress =  5.4446926812E+00  4.0985868421E-01  5.6744453598E+00
           ESP =  -1.1115130295E+00     ESP at Nucleus =  -1.1139511329E+00
           ESPe = -1.0801309691E+01     ESPe at Nucleus = -1.0725453077E+01
           ESPn =  9.6897966619E+00     ESPn at Nucleus =  9.6115019445E+00

CP# 9      Coords =  4.59452197995351E+00  1.60773317625855E+00  3.46192867058370E-01
           Type = (3,-3) NACP H9
           Rho =  4.2374841439E-01     Rho at Nucleus =  4.1992732578E-01
           GradRho = -9.3562242914E-16 -1.0959996474E-15 -1.2733869813E-16
           HessRho_EigVals = -6.4442154959E+00 -6.4377212058E+00 -5.8339108501E+00
           HessRho_EigVec1 =  4.2806361627E-01  4.2283898219E-01  7.9872945080E-01
           HessRho_EigVec2 =  5.8203261034E-01  5.4712741080E-01 -6.0157263639E-01
           HessRho_EigVec3 = -6.9137513763E-01  7.2239794538E-01 -1.1900738531E-02
           DelSqRho = -1.8715847552E+01
           Bond Ellipticity = NA
           V = -4.6880869547E+00
           G =  4.5625333869E-03
           K =  4.6835244213E+00
           L =  4.6789618879E+00
           Vnuc =  3.9648529093E+01
           Ven = -1.6801001336E+01
           Vrep =  1.2112914381E+01
           DelSqV =  7.0397703878E+02
           DelSqVen =  7.4205582616E+02
           DelSqVrep = -3.8078787386E+01
           DelSqG =  6.9232191291E+01
           DelSqK = -7.7320923007E+02
           Stress_EigVals = -1.6143148166E+00 -1.6135858269E+00 -1.4601863112E+00
           Stress_EigVec1 =  4.2912882727E-01  4.2148624567E-01  7.9887282738E-01
           Stress_EigVec2 =  5.8210102978E-01  5.4723551559E-01 -6.0140808243E-01
           Stress_EigVec3 = -6.9065681836E-01  7.2310624060E-01 -1.0513042596E-02
           -DivStress = -5.5400378429E+00  5.7877607255E+00 -9.4327494457E-02
           ESP =  -1.1132686772E+00     ESP at Nucleus =  -1.1157951254E+00
           ESPe = -1.2750096345E+01     ESPe at Nucleus = -1.2708833380E+01
           ESPn =  1.1636827668E+01     ESPn at Nucleus =  1.1593038255E+01

CP# 10     Coords = -3.78224542466070E+00  2.59255221306543E+00 -2.90159268299935E+00
           Type = (3,-3) NACP H10
           Rho =  4.2263398107E-01     Rho at Nucleus =  4.1885926976E-01
           GradRho =  3.2546817482E-16 -1.1142430430E-15  1.5184370010E-15
           HessRho_EigVals = -6.4477346805E+00 -6.4424198970E+00 -5.8405529106E+00
           HessRho_EigVec1 =  7.3622623398E-01  5.9469050667E-01  3.2297698631E-01
           HessRho_EigVec2 = -6.3016995972E-01  4.2847599619E-01  6.4752925999E-01
           HessRho_EigVec3 = -2.4669161775E-01  6.8025842293E-01 -6.9021136166E-01
           DelSqRho = -1.8730707488E+01
           Bond Ellipticity = NA
           V = -4.6919358420E+00
           G =  4.6294850055E-03
           K =  4.6873063570E+00
           L =  4.6826768720E+00
           Vnuc =  3.9716161799E+01
           Ven = -1.6785399574E+01
           Vrep =  1.2093463732E+01
           DelSqV =  7.0512960981E+02
           DelSqVen =  7.4391180921E+02
           DelSqVrep = -3.8782199402E+01
           DelSqG =  6.9526450177E+01
           DelSqK = -7.7465605998E+02
           Stress_EigVals = -1.6151764239E+00 -1.6151165134E+00 -1.4616429047E+00
           Stress_EigVec1 = -6.6966886599E-01  3.9509348117E-01  6.2884397990E-01
           Stress_EigVec2 =  7.0029732332E-01  6.1783123721E-01  3.5758666260E-01
           Stress_EigVec3 = -2.4723929477E-01  6.7984241075E-01 -6.9042525132E-01
           -DivStress = -1.9684795462E+00  5.4205764407E+00 -5.5017103726E+00
           ESP =  -1.0926301024E+00     ESP at Nucleus =  -1.0952313309E+00
           ESPe = -1.2614255441E+01     ESPe at Nucleus = -1.2522637803E+01
           ESPn =  1.1521625338E+01     ESPn at Nucleus =  1.1427406472E+01

CP# 11     Coords = -3.88414905318745E+00 -4.28389789384971E+00  1.54798374040890E+00
           Type = (3,-3) NACP H11
           Rho =  4.2445942026E-01     Rho at Nucleus =  4.2071736895E-01
           GradRho =  8.5545410738E-11  3.1012919231E-10 -1.2271463606E-10
           HessRho_EigVals = -6.4659027978E+00 -6.4590198056E+00 -5.8606882838E+00
           HessRho_EigVec1 =  7.3888497615E-01  6.1740264258E-02  6.7099711757E-01
           HessRho_EigVec2 = -6.2636478312E-01  4.3005963736E-01  6.5016603016E-01
           HessRho_EigVec3 =  2.4842735454E-01  9.0068687571E-01 -3.5643653213E-01
           DelSqRho = -1.8785610887E+01
           Bond Ellipticity = NA
           V = -4.7058491142E+00
           G =  4.7231961844E-03
           K =  4.7011259180E+00
           L =  4.6964027218E+00
           Vnuc =  3.9323994418E+01
           Ven = -1.6691439873E+01
           Vrep =  1.1985590759E+01
           DelSqV =  7.0720494171E+02
           DelSqVen =  7.3872525821E+02
           DelSqVrep = -3.1520316501E+01
           DelSqG =  6.9627612721E+01
           DelSqK = -7.7683255443E+02
           Stress_EigVals = -1.6196626534E+00 -1.6194583521E+00 -1.4667281087E+00
           Stress_EigVec1 =  7.4395896167E-01  5.9898761832E-02  6.6553527455E-01
           Stress_EigVec2 = -6.2078931101E-01  4.3051339330E-01  6.5519374960E-01
           Stress_EigVec3 =  2.4727655505E-01  9.0059444620E-01 -3.5746880815E-01
           -DivStress = -1.9714920518E+00 -7.1559757975E+00  2.8337723320E+00
           ESP =  -1.1009358146E+00     ESP at Nucleus =  -1.1034911274E+00
           ESPe = -1.2063564597E+01     ESPe at Nucleus = -1.1974270602E+01
           ESPn =  1.0962628782E+01     ESPn at Nucleus =  1.0870779474E+01

CP# 12     Coords = -6.09416438568206E+00 -1.87574306295624E+00 -2.17167848011317E+00
           Type = (3,-3) NACP H12
           Rho =  4.2644928677E-01     Rho at Nucleus =  4.2272267426E-01
           GradRho =  3.8098356121E-15  1.4287108009E-15  1.0792182306E-15
           HessRho_EigVals = -6.5091444982E+00 -6.5032371726E+00 -5.9025662010E+00
           HessRho_EigVec1 =  1.5469143717E-02  8.4204632417E-01 -5.3918335799E-01
           HessRho_EigVec2 = -6.2658950441E-01  4.2839377995E-01  6.5104866351E-01
           HessRho_EigVec3 =  7.7919593078E-01  3.2777546773E-01  5.3424427391E-01
           DelSqRho = -1.8914947872E+01
           Bond Ellipticity = NA
           V = -4.7375829755E+00
           G =  4.4230037695E-03
           K =  4.7331599717E+00
           L =  4.7287369679E+00
           Vnuc =  3.9293064297E+01
           Ven = -1.6756499244E+01
           Vrep =  1.2018916269E+01
           DelSqV =  7.1232872902E+02
           DelSqVen =  7.4322626289E+02
           DelSqVrep = -3.0897533874E+01
           DelSqG =  7.0252985908E+01
           DelSqK = -7.8258171493E+02
           Stress_EigVals = -1.6304094826E+00 -1.6298830227E+00 -1.4772904702E+00
           Stress_EigVec1 =  1.5506448592E-02  8.4290760391E-01 -5.3783484577E-01
           Stress_EigVec2 = -6.2661076616E-01  4.2736200584E-01  6.5170596414E-01
           Stress_EigVec3 =  7.7917809119E-01  3.2690745975E-01  5.3480184646E-01
           -DivStress = -6.1984891047E+00 -2.6014918572E+00 -4.2537424036E+00
           ESP =  -1.1009674798E+00     ESP at Nucleus =  -1.1035109221E+00
           ESPe = -1.1876823987E+01     ESPe at Nucleus = -1.1787667164E+01
           ESPn =  1.0775856507E+01     ESPn at Nucleus =  1.0684156242E+01

CP# 13     Coords =  4.59528796670730E+00 -1.81560001757025E+00 -2.79209135280156E+00
           Type = (3,-3) NACP H13
           Rho =  4.2528561448E-01     Rho at Nucleus =  4.2159370615E-01
           GradRho = -9.5559758362E-16  3.0060352265E-16  1.1406382837E-15
           HessRho_EigVals = -6.4740002033E+00 -6.4674110184E+00 -5.8741567628E+00
           HessRho_EigVec1 = -4.2644014784E-01  8.3410143573E-01  3.4989083330E-01
           HessRho_EigVec2 =  5.8657940968E-01  5.4947617014E-01 -5.9497944048E-01
           HessRho_EigVec3 =  6.8852988058E-01  4.8484362113E-02  7.2358542701E-01
           DelSqRho = -1.8815567985E+01
           Bond Ellipticity = NA
           V = -4.7129193483E+00
           G =  4.5136760899E-03
           K =  4.7084056722E+00
           L =  4.7038919961E+00
           Vnuc =  3.9147864318E+01
           Ven = -1.6649023532E+01
           Vrep =  1.1936104184E+01
           DelSqV =  7.0841175983E+02
           DelSqVen =  7.3658930253E+02
           DelSqVrep = -2.8177542699E+01
           DelSqG =  6.9704202308E+01
           DelSqK = -7.7811596214E+02
           Stress_EigVals = -1.6217573993E+00 -1.6210314564E+00 -1.4701304925E+00
           Stress_EigVec1 = -4.2473057974E-01  8.3672547006E-01  3.4567965283E-01
           Stress_EigVec2 =  5.8869383768E-01  5.4534122909E-01 -5.9669297745E-01
           Stress_EigVec3 =  6.8778157878E-01  4.9934272810E-02  7.2419822444E-01
           -DivStress = -5.4348508906E+00 -3.8297170907E-01 -5.7128110870E+00
           ESP =  -1.1110638387E+00     ESP at Nucleus =  -1.1135146105E+00
           ESPe = -1.1679046551E+01     ESPe at Nucleus = -1.1621157565E+01
           ESPn =  1.0567982712E+01     ESPn at Nucleus =  1.0507642954E+01

CP# 14     Coords = -1.24945015591897E+00 -8.89964555247812E-01  1.84094000156312E+00
           Type = (3,-3) NACP C14
           Rho =  1.1754597691E+02     Rho at Nucleus =  1.1754597688E+02
           GradRho = -4.1263061212E-11  4.2783181959E-11 -2.0170672634E-11
           HessRho_EigVals = -1.4484837030E+05 -1.4484810454E+05 -1.4484795091E+05
           HessRho_EigVec1 =  2.6161335954E-01  8.9584650541E-01 -3.5919004559E-01
           HessRho_EigVec2 = -4.4558881111E-01  4.4222085053E-01  7.7839021754E-01
           HessRho_EigVec3 =  8.5615948370E-01 -4.3586214466E-02  5.1487006165E-01
           DelSqRho = -4.3454442574E+05
           Bond Ellipticity = NA
           V = -1.0864663773E+05
           G =  5.2656495396E+00
           K =  1.0864137209E+05
           L =  1.0863610644E+05
           Vnuc =  9.2176527509E+06
           Ven = -1.0834979974E+09
           Vrep =  1.0833893508E+09
           DelSqV =  2.4925958642E+09
           DelSqVen =  4.0054798418E+12
           DelSqVrep = -4.0029872459E+12
           DelSqG =  1.3389296166E+08
           DelSqK = -2.6264888259E+09
           Stress_EigVals = -3.6215612590E+04 -3.6215575505E+04 -3.6215449640E+04
           Stress_EigVec1 =  8.4865880722E-01 -1.2765841744E-01  5.1330454643E-01
           Stress_EigVec2 = -4.2802926500E-01  4.0439297474E-01  8.0824332369E-01
           Stress_EigVec3 =  3.1075581609E-01  9.0563218275E-01 -2.8855012100E-01
           -DivStress =  2.5162967648E+02 -3.8901066589E+02  2.4973850465E+02
           ESP =  -1.4724851083E+01     ESP at Nucleus =  -1.4724851085E+01
           ESPe = -2.7146405871E+01     ESPe at Nucleus = -2.7146405073E+01
           ESPn =  1.2421554787E+01     ESPn at Nucleus =  1.2421553988E+01

CP# 15     Coords =  5.68697971123858E-01 -1.80723639373264E+00  1.67095687803135E+00
           Type = (3,-3) NACP H15
           Rho =  4.1340306527E-01     Rho at Nucleus =  4.0993399068E-01
           GradRho = -3.3033767372E-12  1.6645695239E-12  3.0824363786E-13
           HessRho_EigVals = -6.2994747278E+00 -6.2988632878E+00 -5.7349091000E+00
           HessRho_EigVec1 =  4.5290003533E-01  8.9082983173E-01  3.6107740142E-02
           HessRho_EigVec2 =  5.6991914763E-02 -6.9343919735E-02  9.9596352466E-01
           HessRho_EigVec3 =  8.8973787131E-01 -4.4901406626E-01 -8.2175961536E-02
           DelSqRho = -1.8333247116E+01
           Bond Ellipticity = NA
           V = -4.5931175103E+00
           G =  4.9028656818E-03
           K =  4.5882146446E+00
           L =  4.5833117789E+00
           Vnuc =  4.2115926329E+01
           Ven = -1.7410853041E+01
           Vrep =  1.2817735531E+01
           DelSqV =  6.9103408481E+02
           DelSqVen =  7.7212168490E+02
           DelSqVrep = -8.1087600088E+01
           DelSqG =  6.8104272933E+01
           DelSqK = -7.5913835775E+02
           Stress_EigVals = -1.5786481012E+00 -1.5785599705E+00 -1.4359094385E+00
           Stress_EigVec1 =  3.1210496195E-01  4.6608343560E-01  8.2786274453E-01
           Stress_EigVec2 =  3.3314151093E-01  7.6236958760E-01 -5.5480568273E-01
           Stress_EigVec3 =  8.8972311784E-01 -4.4895305206E-01 -8.2667591175E-02
           -DivStress =  6.7206274230E+00 -3.3850532613E+00 -6.2877254627E-01
           ESP =  -1.0899722920E+00     ESP at Nucleus =  -1.0922894533E+00
           ESPe = -1.4088338941E+01     ESPe at Nucleus = -1.4015148600E+01
           ESPn =  1.2998366649E+01     ESPn at Nucleus =  1.2922859146E+01

CP# 16     Coords = -1.48413583182155E+00 -4.20157407026625E-01  3.81637109909764E+00
           Type = (3,-3) NACP H16
           Rho =  4.1550068517E-01     Rho at Nucleus =  4.1211947211E-01
           GradRho =  1.2984563036E-10 -2.5945674935E-10 -1.0998370252E-09
           HessRho_EigVals = -6.3365244731E+00 -6.3357819116E+00 -5.7786223348E+00
           HessRho_EigVec1 =  5.6225924909E-01  8.1725153637E-01 -1.2635055643E-01
           HessRho_EigVec2 = -8.1907222903E-01  5.2930311102E-01 -2.2126658198E-01
           HessRho_EigVec3 = -1.1395271147E-01  2.2789941413E-01  9.6699360731E-01
           DelSqRho = -1.8450928719E+01
           Bond Ellipticity = NA
           V = -4.6225046395E+00
           G =  4.8862298222E-03
           K =  4.6176184097E+00
           L =  4.6127321799E+00
           Vnuc =  4.1806265903E+01
           Ven = -1.7370532127E+01
           Vrep =  1.2748027488E+01
           DelSqV =  6.9596356234E+02
           DelSqVen =  7.7136443420E+02
           DelSqVrep = -7.5400871860E+01
           DelSqG =  6.8624467325E+01
           DelSqK = -7.6458802966E+02
           Stress_EigVals = -1.5879446718E+00 -1.5878224155E+00 -1.4467375522E+00
           Stress_EigVec1 =  9.7759941350E-01 -1.4737512143E-01  1.5026629797E-01
           Stress_EigVec2 =  1.7678776277E-01  9.6239309108E-01 -2.0626590892E-01
           Stress_EigVec3 = -1.1421678362E-01  2.2821067422E-01  9.6688903940E-01
