AIMSum (Version 19.02.13, Professional)
Copyright (c) 1997-2019 by Todd A. Keith
AIMSum is a component of the AIMAll package ( http://aim.tkgristmill.com )

TP:  64-bit Linux

Much of the Quantum Theory of Atoms in Molecules (QTAIM) is described in the book:
  "Atoms in Molecules - A Quantum Theory"
  R.F.W. Bader, Oxford University Press, Oxford, 1990

For additional references see:  http://aim.tkgristmill.com/references.html

Wfn File:  /home/mhennefarth/Documents/ML_Diels/summary-pieniazek2006/r_8d-opt/r_8d-opt.wfn
Sum File:  /home/mhennefarth/Documents/ML_Diels/summary-pieniazek2006/r_8d-opt/r_8d-opt.sum

SumViz File:  /home/mhennefarth/Documents/ML_Diels/summary-pieniazek2006/r_8d-opt/r_8d-opt.sumviz

Wfn Title:   Title Card Required                                                           
 
Total memory allocated for AIMSum =        0.847 Megabytes

Atomic units (a.u.) used throughout, except where stated otherwise

Model:  Restricted SCF
 
Restricted, closed-shell, single-determinant wavefunction.
  Number of electrons (from MO Occs)                   =          60.0000000000
  Number of Alpha electrons (from MO Occs)             =          30.0000000000
  Number of Beta electrons (from MO Occs)              =          30.0000000000
  Number of electron pairs (N*(N-1)/2)                 =        1770.0000000000
  Number of electron pairs (from Muller 2EDM)          =        1770.0000000000
 
Nuclear Charges and Cartesian Coordinates:
-------------------------------------------------------------------------------
Atom      Charge                X                  Y                  Z
-------------------------------------------------------------------------------
C1         6.0           2.3546217900E+00   1.1184796400E+00  -1.9294702800E+00
C2         6.0          -5.8215766000E+00  -2.9454400000E-03  -1.2558713800E+00
C3         6.0           1.7059813400E+00  -3.0800307000E-01   2.1830398600E+00
C4         6.0          -5.5489527300E+00  -1.7540253000E+00   5.3178846000E-01
C5         6.0           2.6993007500E+00  -9.0761232000E-01  -7.7841000000E-02
C6         6.0           1.1157055100E+00   3.0192171800E+00  -7.7271742000E-01
H7         1.0          -7.6385070900E+00   8.7427076000E-01  -1.6489766900E+00
H8         1.0          -7.1309893800E+00  -2.3874040600E+00   1.6812424400E+00
H9         1.0          -3.7284074700E+00  -2.6263634100E+00   9.1448562000E-01
H10        1.0           5.6216322000E-01   4.8078688200E+00  -1.6027761100E+00
H11        1.0           3.0148388800E+00   1.0293958500E+00  -3.8663669400E+00
H12        1.0          -4.2340001800E+00   6.2109902000E-01  -2.4013858500E+00
C13        6.0           5.7557727000E-01   2.2927928300E+00   1.9333226600E+00
H14        1.0          -1.4699215300E+00   2.2849368900E+00   2.3058888400E+00
H15        1.0           1.4114063100E+00   3.6489448700E+00   3.2695881600E+00
F16        9.0           3.8914586200E+00  -3.0612186300E+00  -6.8931376000E-01
H17        1.0           1.7063457100E+00  -1.4492022500E+00   3.8786189500E+00
 
Some Atomic Properties:
----------------------
  q(A) = Net Charge of Atom A
  L(A) = Lagrangian of Atom A = -(1/4) Times Atomic Integral of the Laplacian of the Electron Density
  K(A) = Electronic Kinetic Energy of Atom A (Hamiltonian Form)
  K_Scaled(A) = K(A) * E(Mol)/K(Mol) = Approximation to Virial-Based Total Energy of Atom A.
  |Mu_Intra(A)| = Magnitude of Intraatomic Dipole Moment of Atom A
--------------------------------------------------------------------------------------------------
Atom A          q(A)              L(A)              K(A)          K_Scaled(A)      |Mu_Intra(A)|
--------------------------------------------------------------------------------------------------
C1       -4.7329236600E-02 -2.1959737451E-05  3.7738979606E+01 -3.8082882474E+01  1.9435742420E-01
C2       -8.5546295700E-02 -1.5963734357E-04  3.7695804752E+01 -3.8039314181E+01  9.3523074349E-02
C3       -4.4409480700E-02 -3.9560003088E-05  3.7718212998E+01 -3.8061926626E+01  2.6459972354E-01
C4       -8.4483639900E-02  4.1519050326E-05  3.7695806532E+01 -3.8039315977E+01  9.6019531984E-02
C5        5.0780397900E-01  1.4724950748E-04  3.7416623892E+01 -3.7757589238E+01  6.9655226083E-01
C6       -5.9619957800E-02 -5.5183353716E-05  3.7724936222E+01 -3.8068711116E+01  1.7485411985E-01
H7        3.6986282630E-02  1.5388849952E-05  5.9677887224E-01 -6.0221712116E-01  1.4784156095E-01
H8        3.7416584500E-02  1.8757829224E-05  5.9662412235E-01 -6.0206096109E-01  1.4770059964E-01
H9        4.8886991770E-02  2.7947282821E-05  5.9202818680E-01 -5.9742314430E-01  1.4379085478E-01
H10       5.6804413200E-02  1.6554252705E-05  5.8821695245E-01 -5.9357717943E-01  1.4779732391E-01
H11       6.6290323580E-02  2.0654883136E-05  5.8331814538E-01 -5.8863373114E-01  1.4658994944E-01
H12       4.6558635520E-02  2.4217254461E-05  5.9301098797E-01 -5.9841490141E-01  1.4401073952E-01
C13      -2.3700000185E-08 -3.0194872930E-04  3.7693282037E+01 -3.8036768477E+01  1.6662883023E-01
H14       5.8861763890E-02  2.9192827793E-05  5.8454367327E-01 -5.8987042686E-01  1.4762646330E-01
H15       4.5262055610E-02  2.5775338846E-05  5.9003960813E-01 -5.9541644437E-01  1.5170708082E-01
F16      -6.5163518440E-01  3.4217624316E-05  9.9574550341E+01 -1.0048194036E+02  3.3539747602E-01
H17       6.8032806840E-02  1.9250082167E-05  5.8113264129E-01 -5.8642831128E-01  1.4848041204E-01
--------------------------------------------------------------------------------------------------
Total    -1.1998226000E-04 -1.5756438390E-04  3.6856388957E+02 -3.7192249067E+02
 
1st Largest |L(A)| = 3.0194872930E-04, atom C13     
2nd Largest |L(A)| = 1.5963734357E-04, atom C2      
 
Molecular charge q(Mol) from the wfn file:   0.0000000000E+00
Molecular energy E(Mol) from the wfn file:  -3.7192253817E+02
Molecular virial ratio (-V(Mol)/T(Mol)) from the wfn file:   2.0091126700E+00
Note.  K_Scaled(A) = (1+V(Mol)/T(Mol))*K(A) = (E(Mol)/T(Mol))*K(A)
       Only use K_Scaled(A) data with caution.
 
N_AIMInt(SumA)     =         60.000120
N_Analytic(Mol)    =         59.999990
 
G_AIMInt(SumA)     =        368.564047
G_Analytic(Mol)    =        368.563913
 
K_AIMInt(SumA)     =        368.563890
K_Analytic(Mol)    =        368.563913
 
L_AIMInt(SumA)     =         -0.000158
L_Analytic(Mol)    =          0.000000
 
VenT_AIMInt(SumA)  =      -1533.271432
VenT_Analytic(Mol) =      -1533.269560
 
Some Information About the Atomic Calculations:
----------------------------------------------
  Time(sec) = "Elapsed User Time", in Seconds, for Atom A by AIMInt and, if used, by TWOe
  NProc = Number of Processors Used for AIMInt Job
  BIM = Basin Integration Method
  OAQ = Angular Quadrature Outside of Beta Sphere
  ORQ = Multiple of Default for Radial Quadrature Outside of Beta Sphere
  IAQ = Multiple of Default for Angular Quadrature Inside of Beta Sphere
  IRQ = Multiple of Default for Radial Quadrature Inside of Beta Sphere
  MIR = Maximum Integration Radius
------------------------------------------------------------------------------------------------------
Atom A     Time(sec)   NProc      BIM          OAQ                     ORQ      IAQ      IRQ      MIR
------------------------------------------------------------------------------------------------------
C1             19        8     Proaim(5)    4500(GS4)                  1.00     1.00     1.00    13.00
C2             19        8     Proaim(5)    4500(GS4)                  1.00     1.00     1.00    13.00
C3             25        8     Proaim(5)    4500(GS4)                  1.00     1.00     1.00    13.00
C4             25        8     Proaim(5)    4500(GS4)                  1.00     1.00     1.00    13.00
C5             20        8     Proaim(5)    4500(GS4)                  1.00     1.00     1.00    13.00
C6             24        8     Proaim(5)    4500(GS4)                  1.00     1.00     1.00    13.00
H7              4        8     Proaim(5)    1800(GS4)                  1.00     1.00     1.00    13.00
H8              5        8     Proaim(5)    1800(GS4)                  1.00     1.00     1.00    13.00
H9             10        8     Proaim(5)    4500(GS4)                  1.00     1.00     1.00    13.00
H10             5        8     Proaim(5)    1800(GS4)                  1.00     1.00     1.00    13.00
H11             6        8     Proaim(5)    1800(GS4)                  1.00     1.00     1.00    13.00
H12            14        8     Proaim(5)    4500(GS4)                  1.00     1.00     1.00    13.00
C13            25        8     Proaim(5)    4500(GS4)                  1.00     1.00     1.00    13.00
H14            13        8     Proaim(5)    4500(GS4)                  1.00     1.00     1.00    13.00
H15             5        8     Proaim(5)    1800(GS4)                  1.00     1.00     1.00    13.00
F16             9        8     Proaim(5)    2700(GS4)                  1.00     1.00     1.00    13.00
H17             5        8     Proaim(5)    1800(GS4)                  1.00     1.00     1.00    13.00
------------------------------------------------------------------------------------------------------
Total         233
Note:  Total wall clock time is less than total of atomic times if more than one atom
       was calculated at a time
 
Electron Density Critical Point Analysis of Molecular Structure:               
---------------------------------------------------------------                
  NACP = Nuclear Attractor Critical Point                                      
  NNACP = Non-Nuclear Attractor Critical Point                                 
  BCP = Bond Critical Point                                                    
  RCP = Ring Critical Point                                                    
  CCP = Cage Critical Point                                                    
  Rho = Electron Density                                                       
  GradRho = Gradient of Electron Density                                       
  HessRho_EigVals = Eigenvalues of the Hessian of Rho, Ascending Order         
  HessRho_EigVecs = Eigenvectors of the Hessian of Rho                         
  DelSqRho = Laplacian of Rho = Trace of Hessian of Rho                        
  Bond Ellipticity = (HessRho_EigVal(1) / HessRho_EigVal(2)) - 1               
  V = Virial Field = Potential Energy Density = Trace of Stress Tensor         
  G = Lagrangian Form of Kinetic Energy Density                                
  K = Hamiltonian Form of Kinetic Energy Density                               
  L = K - G = Lagrangian Density = (-1/4)DelSqRho                              
  Vnuc = Electrostatic Potential from Nuclei                                   
  Ven = Electron-nuclear attractive contribution to Virial Field V             
  Vrep = V - Ven = Repulsive contribution to Virial Field V                    
  DelSqV = Laplacian of V                                                      
  DelSqVen = Laplacian of Ven                                                  
  DelSqVrep = Laplacian of Vrep                                                
  DelSqG = Laplacian of G                                                      
  DelSqK = Laplacian of K                                                      
  Stress_EigVals = Eigenvalues of Stress Tensor, Ascending Order               
  Stress_EigVecs = Eigenvectors of Stress Tensor                               
  -DivStress = Ehrenfest Force Density = Minus Divergence of Stress Tensor     
  ESP = Total Electrostatic Potential                                          
  ESPe = Electrostatic Potential from Electrons                                
  ESPn = Electrostatic Potential from Nuclei                                   
  BP = Bond Path                                                               
  BPL = Bond Path Length                                                       
  GBL = Geometric Bond Length                                                  
  GBL_I = Distance Between Nuclear Attractors                                  
  GBL_II = Distance Between Nuclei                                             
  GBL_III = Sum of Distances Between BCP and Nuclear Attractors                
  GBL_IV = Sum of Distances Between BCP and Nuclei                             

CP# 1      Coords =  2.35462231872757E+00  1.11847828937726E+00 -1.92947012888326E+00
           Type = (3,-3) NACP C1
           Rho =  1.1767565485E+02     Rho at Nucleus =  1.1767565470E+02
           GradRho =  2.6189598114E-10 -6.5363630020E-10  6.0248966840E-11
           HessRho_EigVals = -1.4500103798E+05 -1.4500040530E+05 -1.4499995926E+05
           HessRho_EigVec1 =  8.7442821381E-01  3.9871080415E-01  2.7641453208E-01
           HessRho_EigVec2 =  7.6276461228E-02 -6.7564189505E-01  7.3327343544E-01
           HessRho_EigVec3 = -4.7912127937E-01  6.2011105805E-01  6.2121258466E-01
           DelSqRho = -4.3500140255E+05
           Bond Ellipticity = NA
           V = -1.0876069261E+05
           G =  5.1709878266E+00
           K =  1.0875552162E+05
           L =  1.0875035064E+05
           Vnuc =  4.1144578398E+06
           Ven = -4.8417152066E+08
           Vrep =  4.8406275997E+08
           DelSqV =  2.4951940563E+09
           DelSqVen =  1.7897949102E+12
           DelSqVrep = -1.7872997162E+12
           DelSqG =  1.3402657235E+08
           DelSqK = -2.6292206286E+09
           Stress_EigVals = -3.6253844945E+04 -3.6253627523E+04 -3.6253220145E+04
           Stress_EigVec1 = -4.6455928223E-01  5.1547720392E-01  7.2004716896E-01
           Stress_EigVec2 = -1.4488309823E-01  7.5791449851E-01 -6.3606171146E-01
           Stress_EigVec3 =  8.7360950152E-01  3.9981103684E-01  2.7741228105E-01
           -DivStress = -4.2660130967E+02  1.0926379674E+03 -1.2739454812E+02
           ESP =  -1.4734673849E+01     ESP at Nucleus =  -1.4734673866E+01
           ESPe = -2.7043609177E+01     ESPe at Nucleus = -2.7043608886E+01
           ESPn =  1.2308935327E+01     ESPn at Nucleus =  1.2308935019E+01

CP# 2      Coords = -5.82157683667314E+00 -2.94473271083298E-03 -1.25587199970968E+00
           Type = (3,-3) NACP C2
           Rho =  1.1768125089E+02     Rho at Nucleus =  1.1768125082E+02
           GradRho = -1.1213498012E-10  1.5086577571E-10 -1.3586929585E-10
           HessRho_EigVals = -1.4500952518E+05 -1.4500846099E+05 -1.4500826525E+05
           HessRho_EigVec1 =  2.0313926343E-01  7.1363313724E-01  6.7041940983E-01
           HessRho_EigVec2 = -9.7898642073E-01  1.3551958213E-01  1.5238120253E-01
           HessRho_EigVec3 =  1.7889317343E-02 -6.8728610366E-01  7.2616649884E-01
           DelSqRho = -4.3502625143E+05
           Bond Ellipticity = NA
           V = -1.0876674898E+05
           G =  5.0930609507E+00
           K =  1.0876165592E+05
           L =  1.0875656286E+05
           Vnuc =  6.1875090398E+06
           Ven = -7.2815380367E+08
           Vrep =  7.2804503692E+08
           DelSqV =  2.4953357373E+09
           DelSqVen =  2.6917283103E+12
           DelSqVrep = -2.6892329090E+12
           DelSqG =  1.3403577621E+08
           DelSqK = -2.6293715136E+09
           Stress_EigVals = -3.6255846177E+04 -3.6255730039E+04 -3.6255172763E+04
           Stress_EigVec1 =  6.3735172319E-02 -6.9216143899E-01  7.1892306277E-01
           Stress_EigVec2 = -9.7732715530E-01  1.0246238454E-01  1.8529190824E-01
           Stress_EigVec3 =  2.0191448515E-01  7.1443264352E-01  6.6993771244E-01
           -DivStress =  1.9252724866E+02 -5.7363076432E+02  5.0375121563E+02
           ESP =  -1.4745600680E+01     ESP at Nucleus =  -1.4745600694E+01
           ESPe = -2.3831802807E+01     ESPe at Nucleus = -2.3831803758E+01
           ESPn =  9.0862021274E+00     ESPn at Nucleus =  9.0862030637E+00

CP# 3      Coords =  1.70598068375523E+00 -3.08002119138645E-01  2.18304011941965E+00
           Type = (3,-3) NACP C3
           Rho =  1.1763561048E+02     Rho at Nucleus =  1.1763561038E+02
           GradRho = -2.1047353964E-10  2.7999966278E-10  9.6658617308E-11
           HessRho_EigVals = -1.4495423591E+05 -1.4495417046E+05 -1.4495393527E+05
           HessRho_EigVec1 =  8.8511410642E-01  3.6778250238E-01  2.8514741725E-01
           HessRho_EigVec2 = -3.8855918520E-01  9.2125019956E-01  1.7883775123E-02
           HessRho_EigVec3 = -2.5611477548E-01 -1.2662582975E-01  9.5831681662E-01
           DelSqRho = -4.3486234164E+05
           Bond Ellipticity = NA
           V = -1.0872599958E+05
           G =  5.2070852283E+00
           K =  1.0872079250E+05
           L =  1.0871558541E+05
           Vnuc =  5.0671515812E+06
           Ven = -5.9607746965E+08
           Vrep =  5.9596874365E+08
           DelSqV =  2.4944040462E+09
           DelSqVen =  2.2035131269E+12
           DelSqVrep = -2.2010187229E+12
           DelSqG =  1.3398689453E+08
           DelSqK = -2.6283909407E+09
           Stress_EigVals = -3.6242205564E+04 -3.6242025627E+04 -3.6241768391E+04
           Stress_EigVec1 = -2.0084204282E-01 -2.1863815307E-01  9.5491352062E-01
           Stress_EigVec2 = -4.4549506303E-01  8.8853310405E-01  1.0974093048E-01
           Stress_EigVec3 =  8.7246582893E-01  4.0336866640E-01  2.7585702151E-01
           -DivStress =  5.3614208537E+02 -7.7916182226E+02 -2.1089827782E+02
           ESP =  -1.4746029766E+01     ESP at Nucleus =  -1.4746029773E+01
           ESPe = -2.7208014340E+01     ESPe at Nucleus = -2.7208014300E+01
           ESPn =  1.2461984574E+01     ESPn at Nucleus =  1.2461984527E+01

CP# 4      Coords = -5.54895278451651E+00 -1.75402589189406E+00  5.31789184461860E-01
           Type = (3,-3) NACP C4
           Rho =  1.1768230641E+02     Rho at Nucleus =  1.1768230635E+02
           GradRho = -5.9971699481E-11 -1.0289054157E-10  1.4603147662E-10
           HessRho_EigVals = -1.4501095646E+05 -1.4500987478E+05 -1.4500968395E+05
           HessRho_EigVec1 =  2.0295157955E-01  7.1580387097E-01  6.6815827067E-01
           HessRho_EigVec2 = -9.5452030053E-01 -7.5760175630E-03  2.9804966001E-01
           HessRho_EigVec3 =  2.1840707917E-01 -6.9826028261E-01  6.8171176131E-01
           DelSqRho = -4.3503051520E+05
           Bond Ellipticity = NA
           V = -1.0876781538E+05
           G =  5.0932897254E+00
           K =  1.0876272209E+05
           L =  1.0875762880E+05
           Vnuc =  6.4027438707E+06
           Ven = -7.5348966608E+08
           Vrep =  7.5338089826E+08
           DelSqV =  2.4953602353E+09
           DelSqVen =  2.7853886587E+12
           DelSqVrep = -2.7828932985E+12
           DelSqG =  1.3403720322E+08
           DelSqK = -2.6293974385E+09
           Stress_EigVals = -3.6256201986E+04 -3.6256087694E+04 -3.6255525698E+04
           Stress_EigVec1 =  1.6215995318E-01 -6.9806466695E-01  6.9743090722E-01
           Stress_EigVec2 = -9.6590831660E-01  3.2254203943E-02  2.5686726194E-01
           Stress_EigVec3 =  2.0180503837E-01  7.1530789670E-01  6.6903612713E-01
           -DivStress =  4.4649328526E+01  4.8118859551E+02 -5.8767271060E+02
           ESP =  -1.4745830700E+01     ESP at Nucleus =  -1.4745830713E+01
           ESPe = -2.3871117484E+01     ESPe at Nucleus = -2.3871118386E+01
           ESPn =  9.1252867846E+00     ESPn at Nucleus =  9.1252876723E+00

CP# 5      Coords =  2.69930513556245E+00 -9.07619488394848E-01 -7.78444966813288E-02
           Type = (3,-3) NACP C5
           Rho =  1.1767263682E+02     Rho at Nucleus =  1.1767263081E+02
           GradRho = -3.0448997924E-11  4.8276205082E-13  7.9916542134E-13
           HessRho_EigVals = -1.4498504494E+05 -1.4498358254E+05 -1.4498258181E+05
           HessRho_EigVec1 = -4.6097543456E-01  8.7243981121E-01  1.6232813848E-01
           HessRho_EigVec2 =  8.7048357730E-01  4.0899204214E-01  2.7383179346E-01
           HessRho_EigVec3 = -1.7251084133E-01 -2.6753370867E-01  9.4797981221E-01
           DelSqRho = -4.3495120929E+05
           Bond Ellipticity = NA
           V = -1.0874773466E+05
           G =  4.9661664856E+00
           K =  1.0874276849E+05
           L =  1.0873780232E+05
           Vnuc =  6.5921182655E+05
           Ven = -7.7571193851E+07
           Vrep =  7.7462446116E+07
           DelSqV =  2.4948862886E+09
           DelSqVen =  2.8672498067E+11
           DelSqVrep = -2.8423009445E+11
           DelSqG =  1.3399737667E+08
           DelSqK = -2.6288836652E+09
           Stress_EigVals = -3.6249670102E+04 -3.6249113920E+04 -3.6248950633E+04
           Stress_EigVec1 = -1.9521232493E-01 -2.2806016637E-01  9.5387667374E-01
           Stress_EigVec2 =  8.6725040925E-01  4.1404898861E-01  2.7647814143E-01
           Stress_EigVec3 = -4.5800532296E-01  8.8122187646E-01  1.1695780691E-01
           -DivStress = -3.5525653331E+03  5.8039712746E+03  2.8347138208E+03
           ESP =  -1.4663939393E+01     ESP at Nucleus =  -1.4663939786E+01
           ESPe = -2.8398045658E+01     ESPe at Nucleus = -2.8398049431E+01
           ESPn =  1.3734106265E+01     ESPn at Nucleus =  1.3734109646E+01

CP# 6      Coords =  1.11570487614755E+00  3.01921753411593E+00 -7.72716372229905E-01
           Type = (3,-3) NACP C6
           Rho =  1.1767398784E+02     Rho at Nucleus =  1.1767398773E+02
           GradRho = -2.2620158524E-10  1.2868033288E-10  3.7595968222E-10
           HessRho_EigVals = -1.4499916751E+05 -1.4499842793E+05 -1.4499809042E+05
           HessRho_EigVec1 =  8.7370364954E-01  4.0390924688E-01  2.7110745668E-01
           HessRho_EigVec2 = -9.8064942214E-02 -3.9962564688E-01  9.1141791153E-01
           HessRho_EigVec3 = -4.7647161499E-01  8.2289529264E-01  3.0954504917E-01
           DelSqRho = -4.3499568586E+05
           Bond Ellipticity = NA
           V = -1.0875916879E+05
           G =  5.1236606418E+00
           K =  1.0875404513E+05
           L =  1.0874892147E+05
           Vnuc =  4.7068148368E+06
           Ven = -5.5386967189E+08
           Vrep =  5.5376091272E+08
           DelSqV =  2.4951603064E+09
           DelSqVen =  2.0474441892E+12
           DelSqVrep = -2.0449490289E+12
           DelSqG =  1.3402483938E+08
           DelSqK = -2.6291851458E+09
           Stress_EigVals = -3.6253331141E+04 -3.6253130184E+04 -3.6252707463E+04
           Stress_EigVec1 = -4.3985635923E-01  8.9305470489E-01  9.4761159341E-02
           Stress_EigVec2 = -2.0854302340E-01 -2.0420250324E-01  9.5645760233E-01
           Stress_EigVec3 =  8.7351942774E-01  4.0094218005E-01  2.7606009784E-01
           -DivStress =  5.1475970197E+02 -2.8464294094E+02 -8.5505163234E+02
           ESP =  -1.4733245887E+01     ESP at Nucleus =  -1.4733245899E+01
           ESPe = -2.6664260555E+01     ESPe at Nucleus = -2.6664260740E+01
           ESPn =  1.1931014667E+01     ESPn at Nucleus =  1.1931014841E+01

CP# 7      Coords = -7.60769403965292E+00  8.59433064357685E-01 -1.64233623585296E+00
           Type = (3,-3) NACP H7
           Rho =  4.2583218716E-01     Rho at Nucleus =  4.2216565589E-01
           GradRho =  1.5271447233E-11 -7.3480256270E-12  3.2856728067E-12
           HessRho_EigVals = -6.4838916289E+00 -6.4775435698E+00 -5.8860009717E+00
           HessRho_EigVec1 = -4.2053137139E-01 -5.5214998727E-01  7.1991927133E-01
           HessRho_EigVec2 =  2.0138634932E-01  7.1689174445E-01  6.6746517890E-01
           HessRho_EigVec3 =  8.8464507232E-01 -4.2567196089E-01  1.9027999822E-01
           DelSqRho = -1.8847436170E+01
           Bond Ellipticity = NA
           V = -4.7209001209E+00
           G =  4.5205391272E-03
           K =  4.7163795817E+00
           L =  4.7118590426E+00
           Vnuc =  3.8206619507E+01
           Ven = -1.6269608349E+01
           Vrep =  1.1548708228E+01
           DelSqV =  7.0976072783E+02
           DelSqVen =  7.2009682248E+02
           DelSqVrep = -1.0336094650E+01
           DelSqG =  6.9849114236E+01
           DelSqK = -7.7960984206E+02
           Stress_EigVals = -1.6242693645E+00 -1.6235239213E+00 -1.4731068350E+00
           Stress_EigVec1 = -4.2235288303E-01 -5.5187093426E-01  7.1906641843E-01
           Stress_EigVec2 =  2.0114309789E-01  7.1645312849E-01  6.6800925806E-01
           Stress_EigVec3 =  8.8383227842E-01 -4.2677088302E-01  1.9159101502E-01
           -DivStress = -6.9630416749E+00  3.3543408140E+00 -1.5017358171E+00
           ESP =  -1.1105765240E+00     ESP at Nucleus =  -1.1130148164E+00
           ESPe = -1.0613033796E+01     ESPe at Nucleus = -1.0536757005E+01
           ESPn =  9.5024572721E+00     ESPn at Nucleus =  9.4237421886E+00

CP# 8      Coords = -7.10414787451382E+00 -2.37667612400159E+00  1.66177561265963E+00
           Type = (3,-3) NACP H8
           Rho =  4.2581683382E-01     Rho at Nucleus =  4.2214799394E-01
           GradRho =  1.6000113560E-15  1.5959455979E-15 -8.9876971967E-16
           HessRho_EigVals = -6.4837602222E+00 -6.4774575749E+00 -5.8856454610E+00
           HessRho_EigVec1 = -6.0451391342E-01  6.3021385294E-01 -4.8723036445E-01
           HessRho_EigVec2 =  2.0206236139E-01  7.1294958898E-01  6.7147128433E-01
           HessRho_EigVec3 =  7.7054119331E-01  3.0746281586E-01 -5.5833044541E-01
           DelSqRho = -1.8846863258E+01
           Bond Ellipticity = NA
           V = -4.7207417959E+00
           G =  4.5129906885E-03
           K =  4.7162288052E+00
           L =  4.7117158145E+00
           Vnuc =  3.8240032513E+01
           Ven = -1.6283249570E+01
           Vrep =  1.1562507774E+01
           DelSqV =  7.0972961225E+02
           DelSqVen =  7.2070466376E+02
           DelSqVrep = -1.0975051509E+01
           DelSqG =  6.9847266677E+01
           DelSqK = -7.7957687893E+02
           Stress_EigVals = -1.6242392280E+00 -1.6234855327E+00 -1.4730170353E+00
           Stress_EigVec1 = -6.0611485627E-01  6.2915542963E-01 -4.8660890495E-01
           Stress_EigVec2 =  2.0172134987E-01  7.1338934549E-01  6.7110665229E-01
           Stress_EigVec3 =  7.6937200236E-01  3.0860830693E-01 -5.5930996315E-01
           -DivStress = -6.0649938431E+00 -2.4252826416E+00  4.4002964239E+00
           ESP =  -1.1108083358E+00     ESP at Nucleus =  -1.1132479948E+00
           ESPe = -1.0656316877E+01     ESPe at Nucleus = -1.0579993060E+01
           ESPn =  9.5455085415E+00     ESPn at Nucleus =  9.4667450652E+00

CP# 9      Coords = -3.75973573974229E+00 -2.61146428742264E+00  9.08008775264466E-01
           Type = (3,-3) NACP H9
           Rho =  4.2445437769E-01     Rho at Nucleus =  4.2070921864E-01
           GradRho = -1.0824802404E-10  5.1467333359E-11 -2.2370397581E-11
           HessRho_EigVals = -6.4594015071E+00 -6.4528552145E+00 -5.8551044947E+00
           HessRho_EigVec1 = -4.1518569753E-01 -5.5973173443E-01  7.1716192177E-01
           HessRho_EigVec2 =  2.0008583982E-01  7.1283192021E-01  6.7218770461E-01
           HessRho_EigVec3 =  8.8746069957E-01 -4.2257666641E-01  1.8396322386E-01
           DelSqRho = -1.8767361216E+01
           Bond Ellipticity = NA
           V = -4.7008976050E+00
           G =  4.5286504704E-03
           K =  4.6963689546E+00
           L =  4.6918403041E+00
           Vnuc =  3.9670831809E+01
           Ven = -1.6838458228E+01
           Vrep =  1.2137560623E+01
           DelSqV =  7.0632315399E+02
           DelSqVen =  7.4451683051E+02
           DelSqVrep = -3.8193676520E+01
           DelSqG =  6.9489051960E+01
           DelSqK = -7.7581220595E+02
           Stress_EigVals = -1.6180995572E+00 -1.6173793914E+00 -1.4654186564E+00
           Stress_EigVec1 = -4.1607930403E-01 -5.5673217548E-01  7.1897656258E-01
           Stress_EigVec2 =  2.0150744811E-01  7.1455875242E-01  6.6992577029E-01
           Stress_EigVec3 =  8.8672022708E-01 -4.2362138064E-01  1.8512742843E-01
           -DivStress =  7.0500462017E+00 -3.3539518012E+00  1.4583503557E+00
           ESP =  -1.1124261962E+00     ESP at Nucleus =  -1.1149082756E+00
           ESPe = -1.2446729725E+01     ESPe at Nucleus = -1.2399135367E+01
           ESPn =  1.1334303529E+01     ESPn at Nucleus =  1.1284227091E+01

CP# 10     Coords =  5.71663615280536E-01  4.77702443961927E+00 -1.58831905660828E+00
           Type = (3,-3) NACP H10
           Rho =  4.2453220350E-01     Rho at Nucleus =  4.2076672963E-01
           GradRho =  5.9549826685E-12 -1.9340955791E-11  9.0736633905E-12
           HessRho_EigVals = -6.4693745889E+00 -6.4633628932E+00 -5.8613620862E+00
           HessRho_EigVec1 = -4.0999403225E-01  2.8107410650E-01  8.6769939505E-01
           HessRho_EigVec2 = -8.7170283568E-01 -4.0070113198E-01 -2.8208645676E-01
           HessRho_EigVec3 = -2.6840093103E-01  8.7202978704E-01 -4.0929816850E-01
           DelSqRho = -1.8794099568E+01
           Bond Ellipticity = NA
           V = -4.7077206434E+00
           G =  4.5978756474E-03
           K =  4.7031227677E+00
           L =  4.6985248921E+00
           Vnuc =  3.9649581608E+01
           Ven = -1.6832524248E+01
           Vrep =  1.2124803604E+01
           DelSqV =  7.0744462126E+02
           DelSqVen =  7.4517818462E+02
           DelSqVrep = -3.7733563359E+01
           DelSqG =  6.9676907901E+01
           DelSqK = -7.7712152916E+02
           Stress_EigVals = -1.6206242365E+00 -1.6201660870E+00 -1.4669303199E+00
           Stress_EigVec1 = -3.9844419244E-01  2.8463897261E-01  8.7190761024E-01
           Stress_EigVec2 =  8.7684994853E-01  3.9704860606E-01  2.7108406848E-01
           Stress_EigVec3 = -2.6902861052E-01  8.7254401591E-01 -4.0778737968E-01
           -DivStress = -2.1420850441E+00  6.9535007318E+00 -3.2580136002E+00
           ESP =  -1.0931879969E+00     ESP at Nucleus =  -1.0957572518E+00
           ESPe = -1.2465733009E+01     ESPe at Nucleus = -1.2375731540E+01
           ESPn =  1.1372545012E+01     ESPn at Nucleus =  1.1279974288E+01

CP# 11     Coords =  3.00341572613880E+00  1.03089988722358E+00 -3.83280944183184E+00
           Type = (3,-3) NACP H11
           Rho =  4.2357707058E-01     Rho at Nucleus =  4.1978989542E-01
           GradRho = -1.4202840887E-09  1.8479294954E-10  4.1753720927E-09
           HessRho_EigVals = -6.4656675733E+00 -6.4606932504E+00 -5.8555606888E+00
           HessRho_EigVec1 = -3.6877873949E-01  9.1489698940E-01 -1.6421248455E-01
           HessRho_EigVec2 =  8.7227730088E-01  4.0166301574E-01  2.7892495792E-01
           HessRho_EigVec3 = -3.2114568604E-01  4.0377228397E-02  9.4616865715E-01
           DelSqRho = -1.8781921513E+01
           Bond Ellipticity = NA
           V = -4.7043878800E+00
           G =  4.4537509457E-03
           K =  4.6999341291E+00
           L =  4.6954803781E+00
           Vnuc =  3.9904097003E+01
           Ven = -1.6902460513E+01
           Vrep =  1.2198072633E+01
           DelSqV =  7.0705010436E+02
           DelSqVen =  7.4947562493E+02
           DelSqVrep = -4.2425520565E+01
           DelSqG =  6.9748576811E+01
           DelSqK = -7.7679868117E+02
           Stress_EigVals = -1.6195858442E+00 -1.6193245506E+00 -1.4654774852E+00
           Stress_EigVec1 = -3.7431932646E-01  9.1203048811E-01 -1.6758708364E-01
           Stress_EigVec2 =  8.6970883022E-01  4.0798872308E-01  2.7776204289E-01
           Stress_EigVec3 = -3.2170109182E-01  4.1780265662E-02  9.4591903296E-01
           -DivStress =  2.5739163988E+00 -3.3939590820E-01 -7.5608945058E+00
           ESP =  -1.0893466233E+00     ESP at Nucleus =  -1.0919483378E+00
           ESPe = -1.2808840172E+01     ESPe at Nucleus = -1.2716808003E+01
           ESPn =  1.1719493549E+01     ESPn at Nucleus =  1.1624859665E+01

CP# 12     Coords = -4.26129492663870E+00  6.10491927925756E-01 -2.38183165689531E+00
           Type = (3,-3) NACP H12
           Rho =  4.2477270794E-01     Rho at Nucleus =  4.2104033001E-01
           GradRho = -5.3424875201E-15 -1.0637514090E-15  1.0322417834E-15
           HessRho_EigVals = -6.4650570201E+00 -6.4584914229E+00 -5.8617909208E+00
           HessRho_EigVec1 = -6.0006510967E-01  6.2781217947E-01 -4.9575571754E-01
           HessRho_EigVec2 =  1.9934269068E-01  7.1753717787E-01  6.6738511374E-01
           HessRho_EigVec3 =  7.7471566128E-01  3.0164924282E-01 -5.5571879443E-01
           DelSqRho = -1.8785339364E+01
           Bond Ellipticity = NA
           V = -4.7054047296E+00
           G =  4.5349443442E-03
           K =  4.7008697853E+00
           L =  4.6963348409E+00
           Vnuc =  3.9616261399E+01
           Ven = -1.6827906633E+01
           Vrep =  1.2122501903E+01
           DelSqV =  7.0707397330E+02
           DelSqVen =  7.4420491471E+02
           DelSqVrep = -3.7130941409E+01
           DelSqG =  6.9569581153E+01
           DelSqK = -7.7664355446E+02
           Stress_EigVals = -1.6195162949E+00 -1.6188011497E+00 -1.4670872850E+00
           Stress_EigVec1 = -6.0078749398E-01  6.2946605393E-01 -4.9277466862E-01
           Stress_EigVec2 =  2.0122979241E-01  7.1565700498E-01  6.6883602016E-01
           Stress_EigVec3 =  7.7366721381E-01  3.0266737216E-01 -5.5662510194E-01
           -DivStress =  6.1478996408E+00  2.3900987905E+00 -4.4056497520E+00
           ESP =  -1.1119813685E+00     ESP at Nucleus =  -1.1144525895E+00
           ESPe = -1.2328777591E+01     ESPe at Nucleus = -1.2279333639E+01
           ESPn =  1.1216796223E+01     ESPn at Nucleus =  1.1164881050E+01

CP# 13     Coords =  5.75577701818193E-01  2.29279257548556E+00  1.93332236354250E+00
           Type = (3,-3) NACP C13
           Rho =  1.1752913878E+02     Rho at Nucleus =  1.1752913876E+02
           GradRho =  3.1477750745E-11  1.0305667100E-11 -9.3964371128E-12
           HessRho_EigVals = -1.4482221346E+05 -1.4482192113E+05 -1.4482181578E+05
           HessRho_EigVec1 = -1.4800421905E-01  7.6770456170E-01 -6.2347771178E-01
           HessRho_EigVec2 =  6.8505881227E-01  5.3426528362E-01  4.9523229948E-01
           HessRho_EigVec3 =  7.1329459193E-01 -3.5382243098E-01 -6.0499629128E-01
           DelSqRho = -4.3446595038E+05
           Bond Ellipticity = NA
           V = -1.0862694564E+05
           G =  5.2290219797E+00
           K =  1.0862171662E+05
           L =  1.0861648759E+05
           Vnuc =  1.0303093159E+07
           Ven = -1.2109136658E+09
           Vrep =  1.2108050388E+09
           DelSqV =  2.4921408313E+09
           DelSqVen =  4.4763447296E+12
           DelSqVrep = -4.4738524577E+12
           DelSqG =  1.3386340138E+08
           DelSqK = -2.6260042327E+09
           Stress_EigVals = -3.6209045459E+04 -3.6209017132E+04 -3.6208883047E+04
           Stress_EigVec1 =  6.8848200189E-01 -4.0417555998E-01 -6.0219153913E-01
           Stress_EigVec2 =  7.1302925685E-01  5.2902154859E-01  4.6013637109E-01
           Stress_EigVec3 = -1.3259642512E-01  7.4617579554E-01 -6.5241081398E-01
           -DivStress = -3.5091878047E+02  2.0638415513E+02  2.4149081786E+02
           ESP =  -1.4725282985E+01     ESP at Nucleus =  -1.4725282985E+01
           ESPe = -2.6699778748E+01     ESPe at Nucleus = -2.6699777990E+01
           ESPn =  1.1974495764E+01     ESPn at Nucleus =  1.1974495005E+01

CP# 14     Coords = -1.43644558059051E+00  2.28520935905539E+00  2.29991853140750E+00
           Type = (3,-3) NACP H14
           Rho =  4.1487909021E-01     Rho at Nucleus =  4.1146309501E-01
           GradRho =  2.9132103724E-09  2.2382922772E-11 -5.2080109377E-10
           HessRho_EigVals = -6.3250448141E+00 -6.3238234033E+00 -5.7629762794E+00
           HessRho_EigVec1 = -7.9346833310E-02  9.0838767214E-01 -4.1053126207E-01
           HessRho_EigVec2 =  1.5910647977E-01  4.1809084182E-01  8.9436300017E-01
           HessRho_EigVec3 =  9.8406768473E-01  5.6466879478E-03 -1.7770454912E-01
           DelSqRho = -1.8411844497E+01
           Bond Ellipticity = NA
           V = -4.6128103143E+00
           G =  4.9245950478E-03
           K =  4.6078857192E+00
           L =  4.6029611242E+00
           Vnuc =  4.1906670324E+01
           Ven = -1.7386201258E+01
           Vrep =  1.2773390944E+01
           DelSqV =  6.9428077907E+02
           DelSqVen =  7.7157910249E+02
           DelSqVrep = -7.7298323425E+01
           DelSqG =  6.8441600133E+01
           DelSqK = -7.6272237920E+02
           Stress_EigVals = -1.5849950246E+00 -1.5848468151E+00 -1.4429684745E+00
           Stress_EigVec1 = -2.4925290000E-02  9.9411176640E-01 -1.0545390378E-01
           Stress_EigVec2 =  1.7581647681E-01  1.0820165813E-01  9.7845846496E-01
           Stress_EigVec3 =  9.8410736020E-01  5.8478271635E-03 -1.7747818603E-01
           -DivStress = -7.3913844679E+00 -6.0673425909E-02  1.3179574745E+00
           ESP =  -1.0964202169E+00     ESP at Nucleus =  -1.0987057249E+00
           ESPe = -1.3595879186E+01     ESPe at Nucleus = -1.3523121044E+01
           ESPn =  1.2499458969E+01     ESPn at Nucleus =  1.2424415319E+01

CP# 15     Coords =  1.39789680034640E+00  3.62712792115586E+00  3.24806844323783E+00
           Type = (3,-3) NACP H15
           Rho =  4.1690856984E-01     Rho at Nucleus =  4.1357348669E-01
           GradRho = -4.6371866770E-10 -7.4944668039E-10 -7.3920446137E-10
           HessRho_EigVals = -6.3612509012E+00 -6.3597128174E+00 -5.8053607616E+00
           HessRho_EigVec1 =  3.3009983157E-01 -7.5813903171E-01  5.6236937132E-01
           HessRho_EigVec2 = -8.5406994469E-01  1.3835440453E-02  5.1997414374E-01
           HessRho_EigVec3 =  4.0199332180E-01  6.5194615513E-01  6.4293668432E-01
           DelSqRho = -1.8526324480E+01
           Bond Ellipticity = NA
           V = -4.6413761487E+00
           G =  4.8975143326E-03
           K =  4.6364786344E+00
           L =  4.6315811200E+00
           Vnuc =  4.1454532480E+01
           Ven = -1.7282749850E+01
           Vrep =  1.2641373701E+01
           DelSqV =  6.9906657615E+02
           DelSqVen =  7.6800012195E+02
           DelSqVrep = -6.8933545801E+01
           DelSqG =  6.8950817454E+01
           DelSqK = -7.6801739360E+02
           Stress_EigVals = -1.5940183620E+00 -1.5938838780E+00 -1.4534739088E+00
           Stress_EigVec1 =  6.5200511279E-01 -6.9682794205E-01  2.9886477222E-01
           Stress_EigVec2 = -6.4284021188E-01 -2.9902429772E-01  7.0522402920E-01
           Stress_EigVec3 =  4.0205198033E-01  6.5193196620E-01  6.4291439287E-01
           -DivStress =  3.0010100351E+00  4.8465335147E+00  4.7808002847E+00
           ESP =  -1.0953165228E+00     ESP at Nucleus =  -1.0975538248E+00
           ESPe = -1.2690245544E+01     ESPe at Nucleus = -1.2604618256E+01
           ESPn =  1.1594929021E+01     ESPn at Nucleus =  1.1507064432E+01

CP# 16     Coords =  3.89145519374037E+00 -3.06121244955095E+00 -6.89311994550664E-01
           Type = (3,-3) NACP F16
           Rho =  4.1857729815E+02     Rho at Nucleus =  4.1857726703E+02
           GradRho = -1.4764074598E-10 -1.4478014295E-10 -6.0495849866E-11
           HessRho_EigVals = -1.1732606105E+06 -1.1732191380E+06 -1.1732147437E+06
           HessRho_EigVec1 = -4.7102396169E-01  8.4718565408E-01  2.4579034773E-01
           HessRho_EigVec2 =  8.7163251875E-01  4.0415268857E-01  2.7733978543E-01
           HessRho_EigVec3 = -1.3562145766E-01 -3.4487254435E-01  9.2880016601E-01
           DelSqRho = -3.5196944921E+06
           Bond Ellipticity = NA
           V = -8.8015643620E+05
           G =  1.1640658420E+02
           K =  8.8004002962E+05
           L =  8.7992362304E+05
           Vnuc =  1.2356246988E+06
           Ven = -5.1720444794E+08
           Vrep =  5.1632429150E+08
           DelSqV =  4.6318583383E+10
           DelSqVen =  4.3490214492E+12
           DelSqVrep = -4.3027028658E+12
           DelSqG =  2.4671994617E+09
           DelSqK = -4.8785782845E+10
           Stress_EigVals = -2.9338969275E+05 -2.9338859941E+05 -2.9337814405E+05
           Stress_EigVec1 = -1.3565692802E-01 -3.4489791430E-01  9.2878556545E-01
           Stress_EigVec2 =  8.7162356346E-01  4.0414216802E-01  2.7738325769E-01
           Stress_EigVec3 = -4.7103031909E-01  8.4718034487E-01  2.4579646410E-01
