AIMSum (Version 19.02.13, Professional)
Copyright (c) 1997-2019 by Todd A. Keith
AIMSum is a component of the AIMAll package ( http://aim.tkgristmill.com )

TP:  64-bit Linux

Much of the Quantum Theory of Atoms in Molecules (QTAIM) is described in the book:
  "Atoms in Molecules - A Quantum Theory"
  R.F.W. Bader, Oxford University Press, Oxford, 1990

For additional references see:  http://aim.tkgristmill.com/references.html

Wfn File:  /home/mhennefarth/Documents/ML_Diels/summary-pieniazek2006/r_5a-opt/r_5a-opt.wfn
Sum File:  /home/mhennefarth/Documents/ML_Diels/summary-pieniazek2006/r_5a-opt/r_5a-opt.sum

SumViz File:  /home/mhennefarth/Documents/ML_Diels/summary-pieniazek2006/r_5a-opt/r_5a-opt.sumviz

Wfn Title:   Title Card Required                                                           
 
Total memory allocated for AIMSum =        0.733 Megabytes

Atomic units (a.u.) used throughout, except where stated otherwise

Model:  Restricted SCF
 
Restricted, closed-shell, single-determinant wavefunction.
  Number of electrons (from MO Occs)                   =          46.0000000000
  Number of Alpha electrons (from MO Occs)             =          23.0000000000
  Number of Beta electrons (from MO Occs)              =          23.0000000000
  Number of electron pairs (N*(N-1)/2)                 =        1035.0000000000
  Number of electron pairs (from Muller 2EDM)          =        1035.0000000000
 
Nuclear Charges and Cartesian Coordinates:
-------------------------------------------------------------------------------
Atom      Charge                X                  Y                  Z
-------------------------------------------------------------------------------
C1         6.0          -1.6747880000E-02   5.6379594000E+00  -1.2588841100E+00
C2         6.0          -1.6747880000E-02   5.6379594000E+00   1.2588841100E+00
H3         1.0          -1.7618871300E+00   5.6925614300E+00  -2.3426476900E+00
H4         1.0          -1.7618871300E+00   5.6925614300E+00   2.3426476900E+00
C5         6.0          -1.6747880000E-02  -2.0561931000E+00  -2.9223761100E+00
C6         6.0          -1.6747880000E-02  -2.0561931000E+00   2.9223761100E+00
C7         6.0           3.7545720000E-02  -4.0720494200E+00  -1.3902197900E+00
C8         6.0           3.7545720000E-02  -4.0720494200E+00   1.3902197900E+00
H9         1.0          -6.8251970000E-02  -1.2842843000E-01  -2.2128601200E+00
H10        1.0          -6.8251970000E-02  -1.2842843000E-01   2.2128601200E+00
H11        1.0          -1.0799630000E-02  -2.2798433800E+00  -4.9626913000E+00
H12        1.0          -1.0799630000E-02  -2.2798433800E+00   4.9626913000E+00
H13        1.0           8.7804780000E-02  -5.9403201800E+00   2.2554772300E+00
H14        1.0           8.7804780000E-02  -5.9403201800E+00  -2.2554772300E+00
H15        1.0           1.7288341600E+00   5.5977292800E+00   2.3424941200E+00
H16        1.0           1.7288341600E+00   5.5977292800E+00  -2.3424941200E+00
 
Some Atomic Properties:
----------------------
  q(A) = Net Charge of Atom A
  L(A) = Lagrangian of Atom A = -(1/4) Times Atomic Integral of the Laplacian of the Electron Density
  K(A) = Electronic Kinetic Energy of Atom A (Hamiltonian Form)
  K_Scaled(A) = K(A) * E(Mol)/K(Mol) = Approximation to Virial-Based Total Energy of Atom A.
  |Mu_Intra(A)| = Magnitude of Intraatomic Dipole Moment of Atom A
--------------------------------------------------------------------------------------------------
Atom A          q(A)              L(A)              K(A)          K_Scaled(A)      |Mu_Intra(A)|
--------------------------------------------------------------------------------------------------
C1       -8.3757271300E-02 -1.3547496471E-04  3.7694116514E+01 -3.8085815302E+01  9.5042152409E-02
C2       -8.3727408100E-02 -1.3078015635E-04  3.7694112261E+01 -3.8085811006E+01  9.5115426842E-02
H3        4.3514871320E-02  1.8428475763E-05  5.9424272710E-01 -6.0041780634E-01  1.4639468176E-01
H4        4.3513448450E-02  1.6750674525E-05  5.9424233246E-01 -6.0041740760E-01  1.4639431108E-01
C5       -9.0787395800E-02 -5.8811385066E-05  3.7708302204E+01 -3.8100148404E+01  1.0933161292E-01
C6       -9.0796951400E-02 -7.1102508850E-05  3.7708298898E+01 -3.8100145063E+01  1.0932765043E-01
C7       -2.6460114300E-02  2.9415847091E-05  3.7695289187E+01 -3.8087000162E+01  6.3442745196E-02
C8       -2.6351460500E-02  1.5793138081E-04  3.7695319518E+01 -3.8087030807E+01  6.3360147646E-02
H9        4.7238813340E-02  1.6216448048E-05  5.9239661498E-01 -5.9855251033E-01  1.4205851309E-01
H10       4.7246142020E-02  2.3789762821E-05  5.9239873123E-01 -5.9855464857E-01  1.4204857601E-01
H11       3.9572276370E-02  2.2112643880E-05  5.9617729712E-01 -6.0237247946E-01  1.4861729192E-01
H12       3.9571374500E-02  2.1349006853E-05  5.9617719478E-01 -6.0237237606E-01  1.4861680133E-01
H13       2.6868749570E-02  2.3909736405E-05  6.0649329405E-01 -6.1279567518E-01  1.5265528808E-01
H14       2.6872359940E-02  2.8218900522E-05  6.0649386484E-01 -6.1279625190E-01  1.5265798489E-01
H15       4.3755412940E-02  2.4320066244E-05  5.9414680544E-01 -6.0032088791E-01  1.4634697516E-01
H16       4.3754483350E-02  2.3442646956E-05  5.9414682660E-01 -6.0032090929E-01  1.4634603647E-01
--------------------------------------------------------------------------------------------------
Total     2.7330400002E-05  9.7165749420E-06  2.3216235427E+02 -2.3457487170E+02
 
1st Largest |L(A)| = 1.5793138081E-04, atom C8      
2nd Largest |L(A)| = 1.3547496471E-04, atom C1      
 
Molecular charge q(Mol) from the wfn file:   0.0000000000E+00
Molecular energy E(Mol) from the wfn file:  -2.3457488851E+02
Molecular virial ratio (-V(Mol)/T(Mol)) from the wfn file:   2.0103915100E+00
Note.  K_Scaled(A) = (1+V(Mol)/T(Mol))*K(A) = (E(Mol)/T(Mol))*K(A)
       Only use K_Scaled(A) data with caution.
 
N_AIMInt(SumA)     =         45.999973
N_Analytic(Mol)    =         45.999992
 
G_AIMInt(SumA)     =        232.162345
G_Analytic(Mol)    =        232.162355
 
K_AIMInt(SumA)     =        232.162354
K_Analytic(Mol)    =        232.162355
 
L_AIMInt(SumA)     =          0.000010
L_Analytic(Mol)    =          0.000000
 
VenT_AIMInt(SumA)  =       -924.000181
VenT_Analytic(Mol) =       -924.000391
 
Some Information About the Atomic Calculations:
----------------------------------------------
  Time(sec) = "Elapsed User Time", in Seconds, for Atom A by AIMInt and, if used, by TWOe
  NProc = Number of Processors Used for AIMInt Job
  BIM = Basin Integration Method
  OAQ = Angular Quadrature Outside of Beta Sphere
  ORQ = Multiple of Default for Radial Quadrature Outside of Beta Sphere
  IAQ = Multiple of Default for Angular Quadrature Inside of Beta Sphere
  IRQ = Multiple of Default for Radial Quadrature Inside of Beta Sphere
  MIR = Maximum Integration Radius
------------------------------------------------------------------------------------------------------
Atom A     Time(sec)   NProc      BIM          OAQ                     ORQ      IAQ      IRQ      MIR
------------------------------------------------------------------------------------------------------
C1             18        8     Proaim(5)    4500(GS4)                  1.00     1.00     1.00    13.00
C2             18        8     Proaim(5)    4500(GS4)                  1.00     1.00     1.00    13.00
H3              4        8     Proaim(5)    1800(GS4)                  1.00     1.00     1.00    13.00
H4              4        8     Proaim(5)    1800(GS4)                  1.00     1.00     1.00    13.00
C5             20        8     Proaim(5)    4500(GS4)                  1.00     1.00     1.00    13.00
C6             20        8     Proaim(5)    4500(GS4)                  1.00     1.00     1.00    13.00
C7             21        8     Proaim(5)    4500(GS4)                  1.00     1.00     1.00    13.00
C8             23        8     Proaim(5)    5400(GS5)                  1.00     1.00     1.00    13.00
H9             12        8     Proaim(5)    4500(GS4)                  1.00     1.00     1.00    13.00
H10            14        8     Proaim(5)    4500(GS4)                  1.00     1.00     1.00    13.00
H11             5        8     Proaim(5)    1800(GS4)                  1.00     1.00     1.00    13.00
H12             4        8     Proaim(5)    1800(GS4)                  1.00     1.00     1.00    13.00
H13             4        8     Proaim(5)    1800(GS4)                  1.00     1.00     1.00    13.00
H14             4        8     Proaim(5)    1800(GS4)                  1.00     1.00     1.00    13.00
H15             4        8     Proaim(5)    1800(GS4)                  1.00     1.00     1.00    13.00
H16             4        8     Proaim(5)    1800(GS4)                  1.00     1.00     1.00    13.00
------------------------------------------------------------------------------------------------------
Total         179
Note:  Total wall clock time is less than total of atomic times if more than one atom
       was calculated at a time
 
Electron Density Critical Point Analysis of Molecular Structure:               
---------------------------------------------------------------                
  NACP = Nuclear Attractor Critical Point                                      
  NNACP = Non-Nuclear Attractor Critical Point                                 
  BCP = Bond Critical Point                                                    
  RCP = Ring Critical Point                                                    
  CCP = Cage Critical Point                                                    
  Rho = Electron Density                                                       
  GradRho = Gradient of Electron Density                                       
  HessRho_EigVals = Eigenvalues of the Hessian of Rho, Ascending Order         
  HessRho_EigVecs = Eigenvectors of the Hessian of Rho                         
  DelSqRho = Laplacian of Rho = Trace of Hessian of Rho                        
  Bond Ellipticity = (HessRho_EigVal(1) / HessRho_EigVal(2)) - 1               
  V = Virial Field = Potential Energy Density = Trace of Stress Tensor         
  G = Lagrangian Form of Kinetic Energy Density                                
  K = Hamiltonian Form of Kinetic Energy Density                               
  L = K - G = Lagrangian Density = (-1/4)DelSqRho                              
  Vnuc = Electrostatic Potential from Nuclei                                   
  Ven = Electron-nuclear attractive contribution to Virial Field V             
  Vrep = V - Ven = Repulsive contribution to Virial Field V                    
  DelSqV = Laplacian of V                                                      
  DelSqVen = Laplacian of Ven                                                  
  DelSqVrep = Laplacian of Vrep                                                
  DelSqG = Laplacian of G                                                      
  DelSqK = Laplacian of K                                                      
  Stress_EigVals = Eigenvalues of Stress Tensor, Ascending Order               
  Stress_EigVecs = Eigenvectors of Stress Tensor                               
  -DivStress = Ehrenfest Force Density = Minus Divergence of Stress Tensor     
  ESP = Total Electrostatic Potential                                          
  ESPe = Electrostatic Potential from Electrons                                
  ESPn = Electrostatic Potential from Nuclei                                   
  BP = Bond Path                                                               
  BPL = Bond Path Length                                                       
  GBL = Geometric Bond Length                                                  
  GBL_I = Distance Between Nuclear Attractors                                  
  GBL_II = Distance Between Nuclei                                             
  GBL_III = Sum of Distances Between BCP and Nuclear Attractors                
  GBL_IV = Sum of Distances Between BCP and Nuclei                             

CP# 1      Coords = -1.67478869419468E-02  5.63795924676079E+00 -1.25888504444199E+00
           Type = (3,-3) NACP C1
           Rho =  1.1768436436E+02     Rho at Nucleus =  1.1768436430E+02
           GradRho = -1.6010661916E-12  1.0083733266E-12 -1.8492354283E-10
           HessRho_EigVals = -1.4501392413E+05 -1.4501284601E+05 -1.4501265349E+05
           HessRho_EigVec1 =  2.7206069665E-02  9.9961710458E-01 -5.0471787617E-03
           HessRho_EigVec2 =  9.9962792797E-01 -2.7195778859E-02  2.0964836491E-03
           HessRho_EigVec3 = -1.9584189577E-03  5.1023379278E-03  9.9998506526E-01
           DelSqRho = -4.3503942363E+05
           Bond Ellipticity = NA
           V = -1.0877004618E+05
           G =  5.0951339646E+00
           K =  1.0876495104E+05
           L =  1.0875985591E+05
           Vnuc =  6.3361461393E+06
           Ven = -7.4566533090E+08
           Vrep =  7.4555656086E+08
           DelSqV =  2.4954116577E+09
           DelSqVen =  2.7564729958E+12
           DelSqVrep = -2.7539773220E+12
           DelSqG =  1.3404031232E+08
           DelSqK = -2.6294519700E+09
           Stress_EigVals = -3.6256946549E+04 -3.6256830297E+04 -3.6256269330E+04
           Stress_EigVec1 = -1.1293448944E-03  1.0185241425E-03  9.9999884359E-01
           Stress_EigVec2 =  9.9962974509E-01 -2.7185197601E-02  1.1566168665E-03
           Stress_EigVec3 =  2.7186344207E-02  9.9962989533E-01 -9.8744556478E-04
           -DivStress =  5.6293973476E+00  1.2399092853E+02  7.5887277881E+02
           ESP =  -1.4738607973E+01     ESP at Nucleus =  -1.4738607986E+01
           ESPe = -2.1958018613E+01     ESPe at Nucleus = -2.1958019364E+01
           ESPn =  7.2194106403E+00     ESPn at Nucleus =  7.2194113781E+00

CP# 2      Coords = -1.67478869419468E-02  5.63795924676079E+00  1.25888504444199E+00
           Type = (3,-3) NACP C2
           Rho =  1.1768436436E+02     Rho at Nucleus =  1.1768436430E+02
           GradRho = -1.6010393017E-12  1.0083802655E-12  1.8492376488E-10
           HessRho_EigVals = -1.4501392413E+05 -1.4501284601E+05 -1.4501265349E+05
           HessRho_EigVec1 =  2.7206069666E-02  9.9961710458E-01  5.0471787615E-03
           HessRho_EigVec2 =  9.9962792797E-01 -2.7195778860E-02 -2.0964836485E-03
           HessRho_EigVec3 =  1.9584189570E-03 -5.1023379276E-03  9.9998506526E-01
           DelSqRho = -4.3503942363E+05
           Bond Ellipticity = NA
           V = -1.0877004618E+05
           G =  5.0951339646E+00
           K =  1.0876495104E+05
           L =  1.0875985591E+05
           Vnuc =  6.3361461393E+06
           Ven = -7.4566533090E+08
           Vrep =  7.4555656086E+08
           DelSqV =  2.4954116577E+09
           DelSqVen =  2.7564727337E+12
           DelSqVrep = -2.7539773220E+12
           DelSqG =  1.3404031232E+08
           DelSqK = -2.6294519700E+09
           Stress_EigVals = -3.6256946549E+04 -3.6256830297E+04 -3.6256269330E+04
           Stress_EigVec1 =  1.1293448945E-03 -1.0185241425E-03  9.9999884359E-01
           Stress_EigVec2 =  9.9962974509E-01 -2.7185197601E-02 -1.1566168666E-03
           Stress_EigVec3 =  2.7186344206E-02  9.9962989533E-01  9.8744556478E-04
           -DivStress =  5.6293973476E+00  1.2399092853E+02 -7.5887277881E+02
           ESP =  -1.4738607973E+01     ESP at Nucleus =  -1.4738607986E+01
           ESPe = -2.1958018613E+01     ESPe at Nucleus = -2.1958019364E+01
           ESPn =  7.2194106403E+00     ESPn at Nucleus =  7.2194113781E+00

CP# 3      Coords = -1.73209629149799E+00  5.69162878082044E+00 -2.32421081658579E+00
           Type = (3,-3) NACP H3
           Rho =  4.2527458707E-01     Rho at Nucleus =  4.2157111741E-01
           GradRho =  1.2727096302E-14 -1.9342064054E-15  8.5121445245E-15
           HessRho_EigVals = -6.4739598938E+00 -6.4675677409E+00 -5.8727990448E+00
           HessRho_EigVec1 = -5.2585009925E-01  9.7696632789E-03  8.5052115012E-01
           HessRho_EigVec2 =  2.7781437221E-02  9.9959780236E-01  5.6943176262E-03
           HessRho_EigVec3 =  8.5012344096E-01 -2.6623057426E-02  5.2591001887E-01
           DelSqRho = -1.8814326680E+01
           Bond Ellipticity = NA
           V = -4.7125435764E+00
           G =  4.4809532384E-03
           K =  4.7080626231E+00
           L =  4.7035816699E+00
           Vnuc =  3.6911566406E+01
           Ven = -1.5697551162E+01
           Vrep =  1.0985007585E+01
           DelSqV =  7.0831509803E+02
           DelSqVen =  6.9446626862E+02
           DelSqVrep =  1.3848829409E+01
           DelSqG =  6.9696321490E+01
           DelSqK = -7.7801141952E+02
           Stress_EigVals = -1.6217533310E+00 -1.6210070637E+00 -1.4697831816E+00
           Stress_EigVec1 = -5.2738778129E-01  8.7470106211E-03  8.4957967134E-01
           Stress_EigVec2 =  2.7239415010E-02  9.9960703374E-01  6.6175798390E-03
           Stress_EigVec3 =  8.4918793115E-01 -2.6632084000E-02  5.2741879914E-01
           -DivStress = -6.7201883220E+00  2.1041911094E-01 -4.1606380837E+00
           ESP =  -1.1046740770E+00     ESP at Nucleus =  -1.1071349673E+00
           ESPe = -9.4830114865E+00     ESPe at Nucleus = -9.4157526614E+00
           ESPn =  8.3783374095E+00     ESPn at Nucleus =  8.3086176940E+00

CP# 4      Coords = -1.73209629149799E+00  5.69162878082044E+00  2.32421081658579E+00
           Type = (3,-3) NACP H4
           Rho =  4.2527458707E-01     Rho at Nucleus =  4.2157111741E-01
           GradRho =  1.2723627278E-14 -1.9349653205E-15 -8.5307924313E-15
           HessRho_EigVals = -6.4739598938E+00 -6.4675677409E+00 -5.8727990448E+00
           HessRho_EigVec1 =  5.2585009925E-01 -9.7696632789E-03  8.5052115012E-01
           HessRho_EigVec2 =  2.7781437221E-02  9.9959780236E-01 -5.6943176262E-03
           HessRho_EigVec3 =  8.5012344096E-01 -2.6623057426E-02 -5.2591001887E-01
           DelSqRho = -1.8814326680E+01
           Bond Ellipticity = NA
           V = -4.7125435764E+00
           G =  4.4809532384E-03
           K =  4.7080626231E+00
           L =  4.7035816699E+00
           Vnuc =  3.6911566406E+01
           Ven = -1.5697551162E+01
           Vrep =  1.0985007585E+01
           DelSqV =  7.0831509803E+02
           DelSqVen =  6.9446626862E+02
           DelSqVrep =  1.3848829409E+01
           DelSqG =  6.9696321490E+01
           DelSqK = -7.7801141952E+02
           Stress_EigVals = -1.6217533310E+00 -1.6210070637E+00 -1.4697831816E+00
           Stress_EigVec1 =  5.2738778129E-01 -8.7470106211E-03  8.4957967134E-01
           Stress_EigVec2 =  2.7239415010E-02  9.9960703374E-01 -6.6175798390E-03
           Stress_EigVec3 =  8.4918793115E-01 -2.6632084000E-02 -5.2741879914E-01
           -DivStress = -6.7201883220E+00  2.1041911094E-01  4.1606380837E+00
           ESP =  -1.1046740770E+00     ESP at Nucleus =  -1.1071349673E+00
           ESPe = -9.4830114865E+00     ESPe at Nucleus = -9.4157526614E+00
           ESPn =  8.3783374095E+00     ESPn at Nucleus =  8.3086176940E+00

CP# 5      Coords = -1.67478976879826E-02 -2.05619245947136E+00 -2.92237676751875E+00
           Type = (3,-3) NACP C5
           Rho =  1.1767487247E+02     Rho at Nucleus =  1.1767487241E+02
           GradRho = -3.2009639351E-12  1.0717172257E-10 -1.1543291711E-10
           HessRho_EigVals = -1.4500300278E+05 -1.4500207216E+05 -1.4500188092E+05
           HessRho_EigVec1 =  9.9963339217E-01  2.7075463618E-02  2.3199727005E-05
           HessRho_EigVec2 = -1.3178457733E-02  4.8580333676E-01  8.7396879020E-01
           HessRho_EigVec3 = -2.3651839678E-02  8.7364869213E-01 -4.8598205030E-01
           DelSqRho = -4.3500695585E+05
           Bond Ellipticity = NA
           V = -1.0876198832E+05
           G =  5.1246807637E+00
           K =  1.0875686364E+05
           L =  1.0875173896E+05
           Vnuc =  6.5351932899E+06
           Ven = -7.6902803694E+08
           Vrep =  7.6891927495E+08
           DelSqV =  2.4952278659E+09
           DelSqVen =  2.8428544901E+12
           DelSqVrep = -2.8403592622E+12
           DelSqG =  1.3403133605E+08
           DelSqK = -2.6292592020E+09
           Stress_EigVals = -3.6254243627E+04 -3.6254136136E+04 -3.6253608560E+04
           Stress_EigVec1 = -2.1877669198E-02  8.1181431170E-01 -5.8350569055E-01
           Stress_EigVec2 = -1.5698423998E-02  5.8329448024E-01  8.1210904983E-01
           Stress_EigVec3 =  9.9963739780E-01  2.6927172880E-02 -1.6918410404E-05
           -DivStress =  1.4397186664E+01 -5.2057179980E+02  5.3598072055E+02
           ESP =  -1.4750629211E+01     ESP at Nucleus =  -1.4750629223E+01
           ESPe = -2.3008350540E+01     ESPe at Nucleus = -2.3008351523E+01
           ESPn =  8.2577213281E+00     ESPn at Nucleus =  8.2577223002E+00

CP# 6      Coords = -1.67478976879826E-02 -2.05619245947136E+00  2.92237676751875E+00
           Type = (3,-3) NACP C6
           Rho =  1.1767487247E+02     Rho at Nucleus =  1.1767487241E+02
           GradRho = -3.2009643417E-12  1.0717172256E-10  1.1543313916E-10
           HessRho_EigVals = -1.4500300278E+05 -1.4500207216E+05 -1.4500188092E+05
           HessRho_EigVec1 =  9.9963339217E-01  2.7075463618E-02 -2.3199727005E-05
           HessRho_EigVec2 =  1.3178457734E-02 -4.8580333678E-01  8.7396879019E-01
           HessRho_EigVec3 = -2.3651839677E-02  8.7364869212E-01  4.8598205032E-01
           DelSqRho = -4.3500695585E+05
           Bond Ellipticity = NA
           V = -1.0876198832E+05
           G =  5.1246807637E+00
           K =  1.0875686364E+05
           L =  1.0875173896E+05
           Vnuc =  6.5351932899E+06
           Ven = -7.6902803694E+08
           Vrep =  7.6891927495E+08
           DelSqV =  2.4952278659E+09
           DelSqVen =  2.8428544901E+12
           DelSqVrep = -2.8403592622E+12
           DelSqG =  1.3403133605E+08
           DelSqK = -2.6292592020E+09
           Stress_EigVals = -3.6254243627E+04 -3.6254136136E+04 -3.6253608560E+04
           Stress_EigVec1 = -2.1877669198E-02  8.1181431170E-01  5.8350569055E-01
           Stress_EigVec2 =  1.5698423998E-02 -5.8329448024E-01  8.1210904982E-01
           Stress_EigVec3 =  9.9963739780E-01  2.6927172880E-02  1.6918410404E-05
           -DivStress =  1.4397186664E+01 -5.2057179980E+02 -5.3598072055E+02
           ESP =  -1.4750629211E+01     ESP at Nucleus =  -1.4750629223E+01
           ESPe = -2.3008350540E+01     ESPe at Nucleus = -2.3008351523E+01
           ESPn =  8.2577213281E+00     ESPn at Nucleus =  8.2577223002E+00

CP# 7      Coords =  3.75457394148549E-02 -4.07205014222365E+00 -1.39021845697572E+00
           Type = (3,-3) NACP C7
           Rho =  1.1765432649E+02     Rho at Nucleus =  1.1765432632E+02
           GradRho =  1.0496370876E-11 -3.9696174288E-10  6.7855772185E-10
           HessRho_EigVals = -1.4496835253E+05 -1.4496745229E+05 -1.4496708318E+05
           HessRho_EigVec1 =  9.9963994891E-01  2.6832295300E-02  2.1944965761E-05
           HessRho_EigVec2 = -8.8388280954E-03  3.2851902950E-01  9.4445599282E-01
           HessRho_EigVec3 = -2.5334712758E-02  9.4411613437E-01 -3.2863791191E-01
           DelSqRho = -4.3490288801E+05
           Bond Ellipticity = NA
           V = -1.0873592958E+05
           G =  5.1037875791E+00
           K =  1.0873082579E+05
           L =  1.0872572200E+05
           Vnuc =  3.9572057778E+06
           Ven = -4.6558238055E+08
           Vrep =  4.6547364462E+08
           DelSqV =  2.4946225895E+09
           DelSqVen =  1.7210001654E+12
           DelSqVrep = -1.7185055756E+12
           DelSqG =  1.3398960599E+08
           DelSqK = -2.6286121955E+09
           Stress_EigVals = -3.6245582905E+04 -3.6245416112E+04 -3.6244930559E+04
           Stress_EigVec1 = -2.4489084812E-02  9.1102637441E-01 -4.1162024956E-01
           Stress_EigVec2 = -1.1062658696E-02  4.1147156334E-01  9.1135545763E-01
           Stress_EigVec3 =  9.9963888595E-01  2.6871875429E-02  1.8118310608E-06
           -DivStress = -1.5656851570E+01  5.8246772911E+02 -1.0837220901E+03
           ESP =  -1.4740138852E+01     ESP at Nucleus =  -1.4740138870E+01
           ESPe = -2.3699199316E+01     ESPe at Nucleus = -2.3699199443E+01
           ESPn =  8.9590604633E+00     ESPn at Nucleus =  8.9590605729E+00

CP# 8      Coords =  3.75457394148549E-02 -4.07205014222365E+00  1.39021845697572E+00
           Type = (3,-3) NACP C8
           Rho =  1.1765432649E+02     Rho at Nucleus =  1.1765432632E+02
           GradRho =  1.0496363812E-11 -3.9696174289E-10 -6.7855805491E-10
           HessRho_EigVals = -1.4496835253E+05 -1.4496745229E+05 -1.4496708318E+05
           HessRho_EigVec1 =  9.9963994891E-01  2.6832295299E-02 -2.1944965604E-05
           HessRho_EigVec2 =  8.8388280947E-03 -3.2851902950E-01  9.4445599282E-01
           HessRho_EigVec3 = -2.5334712757E-02  9.4411613438E-01  3.2863791191E-01
           DelSqRho = -4.3490288801E+05
           Bond Ellipticity = NA
           V = -1.0873592958E+05
           G =  5.1037875791E+00
           K =  1.0873082579E+05
           L =  1.0872572200E+05
           Vnuc =  3.9572057778E+06
           Ven = -4.6558238055E+08
           Vrep =  4.6547364462E+08
           DelSqV =  2.4946225895E+09
           DelSqVen =  1.7210001981E+12
           DelSqVrep = -1.7185055756E+12
           DelSqG =  1.3398960599E+08
           DelSqK = -2.6286121955E+09
           Stress_EigVals = -3.6245582905E+04 -3.6245416112E+04 -3.6244930559E+04
           Stress_EigVec1 = -2.4489084812E-02  9.1102637443E-01  4.1162024953E-01
           Stress_EigVec2 =  1.1062658695E-02 -4.1147156330E-01  9.1135545764E-01
           Stress_EigVec3 =  9.9963888595E-01  2.6871875429E-02 -1.8118311381E-06
           -DivStress = -1.5656851570E+01  5.8246772911E+02  1.0837220901E+03
           ESP =  -1.4740138852E+01     ESP at Nucleus =  -1.4740138870E+01
           ESPe = -2.3699199316E+01     ESPe at Nucleus = -2.3699199443E+01
           ESPn =  8.9590604633E+00     ESPn at Nucleus =  8.9590605729E+00

CP# 9      Coords = -6.73718708453525E-02 -1.61420163940804E-01 -2.22504646301754E+00
           Type = (3,-3) NACP H9
           Rho =  4.2431252591E-01     Rho at Nucleus =  4.2058673443E-01
           GradRho =  5.7186245018E-11 -2.1435977622E-09 -7.9215280298E-10
           HessRho_EigVals = -6.4632958623E+00 -6.4575664502E+00 -5.8618602105E+00
           HessRho_EigVec1 =  9.4419544160E-03 -3.4628827339E-01  9.3808063684E-01
           HessRho_EigVec2 =  9.9964240201E-01  2.6740077944E-02 -1.9060469155E-04
           HessRho_EigVec3 = -2.5018345178E-02  9.3774698077E-01  3.4641692000E-01
           DelSqRho = -1.8782722523E+01
           Bond Ellipticity = NA
           V = -4.7051506181E+00
           G =  4.7349936672E-03
           K =  4.7004156244E+00
           L =  4.6956806308E+00
           Vnuc =  3.8572935437E+01
           Ven = -1.6366979667E+01
           Vrep =  1.1661829049E+01
           DelSqV =  7.0712780209E+02
           DelSqVen =  7.2450474690E+02
           DelSqVrep = -1.7376944818E+01
           DelSqG =  6.9630484132E+01
           DelSqK = -7.7675828622E+02
           Stress_EigVals = -1.6191788759E+00 -1.6186875809E+00 -1.4672841613E+00
           Stress_EigVec1 =  9.3371119868E-03 -3.4463768847E-01  9.3868934266E-01
           Stress_EigVec2 =  9.9964278235E-01  2.6726214780E-02 -1.3094398390E-04
           Stress_EigVec3 = -2.5042484752E-02  9.3835524889E-01  3.4476412347E-01
           -DivStress = -1.9826886115E-01  7.4324603772E+00  2.7441714525E+00
           ESP =  -1.1137659096E+00     ESP at Nucleus =  -1.1162365618E+00
           ESPe = -1.1262649820E+01     ESPe at Nucleus = -1.1210060508E+01
           ESPn =  1.0148883910E+01     ESPn at Nucleus =  1.0093823946E+01

CP# 10     Coords = -6.73718708453525E-02 -1.61420163940804E-01  2.22504646301754E+00
           Type = (3,-3) NACP H10
           Rho =  4.2431252591E-01     Rho at Nucleus =  4.2058673443E-01
           GradRho =  5.7186245040E-11 -2.1435975267E-09  7.9215280298E-10
           HessRho_EigVals = -6.4632958623E+00 -6.4575664502E+00 -5.8618602105E+00
           HessRho_EigVec1 = -9.4419544160E-03  3.4628827339E-01  9.3808063684E-01
           HessRho_EigVec2 =  9.9964240201E-01  2.6740077944E-02  1.9060469155E-04
           HessRho_EigVec3 = -2.5018345178E-02  9.3774698077E-01 -3.4641692000E-01
           DelSqRho = -1.8782722523E+01
           Bond Ellipticity = NA
           V = -4.7051506181E+00
           G =  4.7349936672E-03
           K =  4.7004156244E+00
           L =  4.6956806308E+00
           Vnuc =  3.8572935437E+01
           Ven = -1.6366979667E+01
           Vrep =  1.1661829049E+01
           DelSqV =  7.0712780209E+02
           DelSqVen =  7.2450474690E+02
           DelSqVrep = -1.7376944818E+01
           DelSqG =  6.9630484132E+01
           DelSqK = -7.7675828622E+02
           Stress_EigVals = -1.6191788759E+00 -1.6186875809E+00 -1.4672841613E+00
           Stress_EigVec1 = -9.3371119868E-03  3.4463768847E-01  9.3868934266E-01
           Stress_EigVec2 =  9.9964278235E-01  2.6726214780E-02  1.3094398389E-04
           Stress_EigVec3 = -2.5042484752E-02  9.3835524889E-01 -3.4476412347E-01
           -DivStress = -1.9826886115E-01  7.4324603772E+00 -2.7441714525E+00
           ESP =  -1.1137659096E+00     ESP at Nucleus =  -1.1162365618E+00
           ESPe = -1.1262649820E+01     ESPe at Nucleus = -1.1210060508E+01
           ESPn =  1.0148883910E+01     ESPn at Nucleus =  1.0093823946E+01

CP# 11     Coords = -1.09019715701294E-02 -2.27597810070595E+00 -4.92801932303162E+00
           Type = (3,-3) NACP H11
           Rho =  4.2590154926E-01     Rho at Nucleus =  4.2222295162E-01
           GradRho = -2.8439639167E-11  1.0738257849E-09  9.6342874402E-09
           HessRho_EigVals = -6.4873156175E+00 -6.4811327704E+00 -5.8884152040E+00
           HessRho_EigVec1 = -2.6718341646E-02  9.9362440900E-01 -1.0952928407E-01
           HessRho_EigVec2 =  9.9963878489E-01  2.6875604242E-02 -4.0484112879E-05
           HessRho_EigVec3 = -2.9034396888E-03  1.0949080211E-01  9.9398356842E-01
           DelSqRho = -1.8856863592E+01
           Bond Ellipticity = NA
           V = -4.7235929823E+00
           G =  4.6885421388E-03
           K =  4.7189044401E+00
           L =  4.7142158980E+00
           Vnuc =  3.7399461650E+01
           Ven = -1.5928488658E+01
           Vrep =  1.1204895676E+01
           DelSqV =  7.1013867831E+02
           DelSqVen =  7.0523656263E+02
           DelSqVrep =  4.9021156774E+00
           DelSqG =  6.9914646092E+01
           DelSqK = -7.8005332440E+02
           Stress_EigVals = -1.6252040051E+00 -1.6247113649E+00 -1.4736776122E+00
           Stress_EigVec1 = -2.6662412760E-02  9.9379338203E-01 -1.0799921102E-01
           Stress_EigVec2 =  9.9964040117E-01  2.6815426286E-02 -3.5479969041E-05
           Stress_EigVec3 = -2.8607851237E-03  1.0796132061E-01  9.9415097906E-01
           -DivStress =  2.3107217769E-02 -8.7275117874E-01 -7.8407645059E+00
           ESP =  -1.1123134221E+00     ESP at Nucleus =  -1.1147741965E+00
           ESPe = -9.8477330571E+00     ESPe at Nucleus = -9.7723498294E+00
           ESPn =  8.7354196351E+00     ESPn at Nucleus =  8.6575756330E+00

CP# 12     Coords = -1.09019715701294E-02 -2.27597810070595E+00  4.92801932303162E+00
           Type = (3,-3) NACP H12
           Rho =  4.2590154926E-01     Rho at Nucleus =  4.2222295162E-01
           GradRho = -2.8439639116E-11  1.0738257883E-09 -9.6342874233E-09
           HessRho_EigVals = -6.4873156175E+00 -6.4811327704E+00 -5.8884152040E+00
           HessRho_EigVec1 = -2.6718341646E-02  9.9362440900E-01  1.0952928407E-01
           HessRho_EigVec2 =  9.9963878489E-01  2.6875604242E-02  4.0484112880E-05
           HessRho_EigVec3 =  2.9034396888E-03 -1.0949080211E-01  9.9398356842E-01
           DelSqRho = -1.8856863592E+01
           Bond Ellipticity = NA
           V = -4.7235929823E+00
           G =  4.6885421388E-03
           K =  4.7189044401E+00
           L =  4.7142158980E+00
           Vnuc =  3.7399461650E+01
           Ven = -1.5928488658E+01
           Vrep =  1.1204895676E+01
           DelSqV =  7.1013867831E+02
           DelSqVen =  7.0523656263E+02
           DelSqVrep =  4.9021156774E+00
           DelSqG =  6.9914646092E+01
           DelSqK = -7.8005332440E+02
           Stress_EigVals = -1.6252040051E+00 -1.6247113649E+00 -1.4736776122E+00
           Stress_EigVec1 = -2.6662412760E-02  9.9379338203E-01  1.0799921102E-01
           Stress_EigVec2 =  9.9964040117E-01  2.6815426286E-02  3.5479969042E-05
           Stress_EigVec3 =  2.8607851237E-03 -1.0796132061E-01  9.9415097906E-01
           -DivStress =  2.3107217769E-02 -8.7275117874E-01  7.8407645059E+00
           ESP =  -1.1123134221E+00     ESP at Nucleus =  -1.1147741965E+00
           ESPe = -9.8477330571E+00     ESPe at Nucleus = -9.7723498294E+00
           ESPn =  8.7354196351E+00     ESPn at Nucleus =  8.6575756330E+00

CP# 13     Coords =  8.69717206669137E-02 -5.90935698900856E+00  2.24096301215976E+00
           Type = (3,-3) NACP H13
           Rho =  4.3108328919E-01     Rho at Nucleus =  4.2748770490E-01
           GradRho = -7.2127007092E-13  2.6809155795E-11 -1.2580469396E-11
           HessRho_EigVals = -6.5924476717E+00 -6.5842587541E+00 -5.9929461441E+00
           HessRho_EigVec1 = -1.1441013027E-02  4.2520172113E-01  9.0502629772E-01
           HessRho_EigVec2 =  9.9963826037E-01  2.6895137001E-02  1.1224161390E-06
           HessRho_EigVec3 = -2.4340329013E-02  9.0469892669E-01 -4.2535561643E-01
           DelSqRho = -1.9169652570E+01
           Bond Ellipticity = NA
           V = -4.8015295552E+00
           G =  4.5582063569E-03
           K =  4.7969713488E+00
           L =  4.7924131425E+00
           Vnuc =  3.8357172930E+01
           Ven = -1.6535136271E+01
           Vrep =  1.1733606716E+01
           DelSqV =  7.2268375005E+02
           DelSqVen =  7.3529367869E+02
           DelSqVrep = -1.2609928640E+01
           DelSqG =  7.1388271986E+01
           DelSqK = -7.9407202203E+02
           Stress_EigVals = -1.6512219152E+00 -1.6501145414E+00 -1.5001930985E+00
           Stress_EigVec1 = -1.1260907294E-02  4.2416955785E-01  9.0551277084E-01
           Stress_EigVec2 =  9.9963994494E-01  2.6832099613E-02 -1.3749897874E-04
           Stress_EigVec3 = -2.4355131749E-02  9.0518518803E-01 -4.2431898724E-01
           -DivStress =  1.9143492654E-01 -7.1150890393E+00  3.3349469087E+00
           ESP =  -1.1163083745E+00     ESP at Nucleus =  -1.1187151678E+00
           ESPe = -1.0239159769E+01     ESPe at Nucleus = -1.0160265004E+01
           ESPn =  9.1228513942E+00     ESPn at Nucleus =  9.0415498360E+00

CP# 14     Coords =  8.69717206669137E-02 -5.90935698900856E+00 -2.24096301215976E+00
           Type = (3,-3) NACP H14
           Rho =  4.3108328919E-01     Rho at Nucleus =  4.2748770490E-01
           GradRho = -7.2126963512E-13  2.6809128907E-11  1.2580483274E-11
           HessRho_EigVals = -6.5924476717E+00 -6.5842587541E+00 -5.9929461441E+00
           HessRho_EigVec1 =  1.1441013027E-02 -4.2520172113E-01  9.0502629772E-01
           HessRho_EigVec2 =  9.9963826037E-01  2.6895137001E-02 -1.1224161387E-06
           HessRho_EigVec3 = -2.4340329013E-02  9.0469892669E-01  4.2535561643E-01
           DelSqRho = -1.9169652570E+01
           Bond Ellipticity = NA
           V = -4.8015295552E+00
           G =  4.5582063569E-03
           K =  4.7969713488E+00
           L =  4.7924131425E+00
           Vnuc =  3.8357172930E+01
           Ven = -1.6535136271E+01
           Vrep =  1.1733606716E+01
           DelSqV =  7.2268375005E+02
           DelSqVen =  7.3529367869E+02
           DelSqVrep = -1.2609928640E+01
           DelSqG =  7.1388271986E+01
           DelSqK = -7.9407202203E+02
           Stress_EigVals = -1.6512219152E+00 -1.6501145414E+00 -1.5001930985E+00
           Stress_EigVec1 =  1.1260907294E-02 -4.2416955785E-01  9.0551277084E-01
           Stress_EigVec2 =  9.9963994494E-01  2.6832099613E-02  1.3749897874E-04
           Stress_EigVec3 = -2.4355131749E-02  9.0518518803E-01  4.2431898724E-01
           -DivStress =  1.9143492654E-01 -7.1150890393E+00 -3.3349469087E+00
           ESP =  -1.1163083745E+00     ESP at Nucleus =  -1.1187151678E+00
           ESPe = -1.0239159769E+01     ESPe at Nucleus = -1.0160265004E+01
           ESPn =  9.1228513942E+00     ESPn at Nucleus =  9.0415498360E+00

CP# 15     Coords =  1.69902655391710E+00  5.59841582226807E+00  2.32405649495320E+00
           Type = (3,-3) NACP H15
           Rho =  4.2524961814E-01     Rho at Nucleus =  4.2154458738E-01
           GradRho = -1.3565167058E-14 -1.8783037662E-15 -7.9400147968E-15
           HessRho_EigVals = -6.4734736108E+00 -6.4670762278E+00 -5.8721878647E+00
           HessRho_EigVec1 = -5.2550589152E-01  1.8900420645E-02  8.5057999746E-01
           HessRho_EigVec2 =  2.6592550690E-02  9.9962962817E-01 -5.7829697595E-03
           HessRho_EigVec3 =  8.5037426715E-01 -1.9580107019E-02  5.2581386933E-01
           DelSqRho = -1.8812737703E+01
           Bond Ellipticity = NA
           V = -4.7121467633E+00
           G =  4.4811687417E-03
           K =  4.7076655946E+00
           L =  4.7031844258E+00
           Vnuc =  3.6936380389E+01
           Ven = -1.5707181656E+01
           Vrep =  1.0995034893E+01
           DelSqV =  7.0824634315E+02
           DelSqVen =  6.9487443597E+02
           DelSqVrep =  1.3371907172E+01
           DelSqG =  6.9688792451E+01
           DelSqK = -7.7793513560E+02
           Stress_EigVals = -1.6216310235E+00 -1.6208861798E+00 -1.4696295600E+00
           Stress_EigVec1 = -5.2699582535E-01  1.9516830418E-02  8.4964374499E-01
           Stress_EigVec2 =  2.6873078058E-02  9.9961904100E-01 -6.2936911928E-03
           Stress_EigVec3 =  8.4944289846E-01 -1.9515793696E-02  5.2731953885E-01
           -DivStress =  6.7234085895E+00 -1.5479162959E-01  4.1604491046E+00
           ESP =  -1.1047140756E+00     ESP at Nucleus =  -1.1071759414E+00
           ESPe = -9.5151632615E+00     ESPe at Nucleus = -9.4483452790E+00
           ESPn =  8.4104491859E+00     ESPn at Nucleus =  8.3411693376E+00

CP# 16     Coords =  1.69902655391710E+00  5.59841582226807E+00 -2.32405649495320E+00
           Type = (3,-3) NACP H16
           Rho =  4.2524961814E-01     Rho at Nucleus =  4.2154458738E-01
           GradRho = -1.3575575293E-14 -1.8776532978E-15  7.9356776705E-15
           HessRho_EigVals = -6.4734736108E+00 -6.4670762278E+00 -5.8721878647E+00
           HessRho_EigVec1 =  5.2550589152E-01 -1.8900420645E-02  8.5057999746E-01
           HessRho_EigVec2 =  2.6592550690E-02  9.9962962817E-01  5.7829697595E-03
           HessRho_EigVec3 =  8.5037426715E-01 -1.9580107019E-02 -5.2581386933E-01
           DelSqRho = -1.8812737703E+01
           Bond Ellipticity = NA
           V = -4.7121467633E+00
           G =  4.4811687417E-03
           K =  4.7076655946E+00
           L =  4.7031844258E+00
           Vnuc =  3.6936380389E+01
           Ven = -1.5707181656E+01
           Vrep =  1.0995034893E+01
           DelSqV =  7.0824634315E+02
           DelSqVen =  6.9487443597E+02
           DelSqVrep =  1.3371907172E+01
           DelSqG =  6.9688792451E+01
           DelSqK = -7.7793513560E+02
           Stress_EigVals = -1.6216310235E+00 -1.6208861798E+00 -1.4696295600E+00
           Stress_EigVec1 =  5.2699582535E-01 -1.9516830418E-02  8.4964374499E-01
           Stress_EigVec2 =  2.6873078058E-02  9.9961904100E-01  6.2936911927E-03
           Stress_EigVec3 =  8.4944289846E-01 -1.9515793696E-02 -5.2731953885E-01
           -DivStress =  6.7234085895E+00 -1.5479162959E-01 -4.1604491046E+00
           ESP =  -1.1047140756E+00     ESP at Nucleus =  -1.1071759414E+00
           ESPe = -9.5151632615E+00     ESPe at Nucleus = -9.4483452790E+00
           ESPn =  8.4104491859E+00     ESPn at Nucleus =  8.3411693376E+00

