AIMSum (Version 19.02.13, Professional)
Copyright (c) 1997-2019 by Todd A. Keith
AIMSum is a component of the AIMAll package ( http://aim.tkgristmill.com )

TP:  64-bit Linux

Much of the Quantum Theory of Atoms in Molecules (QTAIM) is described in the book:
  "Atoms in Molecules - A Quantum Theory"
  R.F.W. Bader, Oxford University Press, Oxford, 1990

For additional references see:  http://aim.tkgristmill.com/references.html

Wfn File:  /home/mhennefarth/Documents/ML_Diels/summary-pieniazek2006/r_2d-opt/r_2d-opt.wfn
Sum File:  /home/mhennefarth/Documents/ML_Diels/summary-pieniazek2006/r_2d-opt/r_2d-opt.sum

SumViz File:  /home/mhennefarth/Documents/ML_Diels/summary-pieniazek2006/r_2d-opt/r_2d-opt.sumviz

Wfn Title:   Title Card Required                                                           
 
Total memory allocated for AIMSum =        0.745 Megabytes

Atomic units (a.u.) used throughout, except where stated otherwise

Model:  Restricted SCF
 
Restricted, closed-shell, single-determinant wavefunction.
  Number of electrons (from MO Occs)                   =          60.0000000000
  Number of Alpha electrons (from MO Occs)             =          30.0000000000
  Number of Beta electrons (from MO Occs)              =          30.0000000000
  Number of electron pairs (N*(N-1)/2)                 =        1770.0000000000
  Number of electron pairs (from Muller 2EDM)          =        1770.0000000000
 
Nuclear Charges and Cartesian Coordinates:
-------------------------------------------------------------------------------
Atom      Charge                X                  Y                  Z
-------------------------------------------------------------------------------
O1         8.0          -6.3519540000E-02  -1.2625263600E+00   4.9398120000E-02
C2         6.0           2.3605952000E+00   2.1974877600E+00  -2.9892169000E-01
C3         6.0          -7.4271577900E+00   6.0549138000E-01   1.0337012000E+00
C4         6.0           2.3951744800E+00  -2.0391024900E+00   2.4269972000E-01
C5         6.0          -6.7093770300E+00  -7.5804505000E-01  -9.5747693000E-01
C6         6.0           3.9195085100E+00   2.0258500000E-02   3.8810350000E-02
C7         6.0          -4.7804080000E-02   1.2919957000E+00  -2.7633969000E-01
H8         1.0          -9.0117725200E+00   1.9113001000E+00   9.4414506000E-01
H9         1.0          -7.6769460600E+00  -6.2301483000E-01  -2.7659539400E+00
H10        1.0          -5.1237985200E+00  -2.0607297200E+00  -8.6021629000E-01
H11        1.0          -1.8845251300E+00   2.1591557800E+00  -4.5920514000E-01
H12        1.0           2.9692793400E+00   4.1327926200E+00  -5.2263826000E-01
H13        1.0          -6.4665717100E+00   4.6089734000E-01   2.8449413800E+00
H14        1.0           2.7284674000E+00  -4.0298142700E+00   5.1022893000E-01
F15        9.0           6.4475986400E+00   2.6789900000E-02   1.3540840000E-01
 
Some Atomic Properties:
----------------------
  q(A) = Net Charge of Atom A
  L(A) = Lagrangian of Atom A = -(1/4) Times Atomic Integral of the Laplacian of the Electron Density
  K(A) = Electronic Kinetic Energy of Atom A (Hamiltonian Form)
  K_Scaled(A) = K(A) * E(Mol)/K(Mol) = Approximation to Virial-Based Total Energy of Atom A.
  |Mu_Intra(A)| = Magnitude of Intraatomic Dipole Moment of Atom A
--------------------------------------------------------------------------------------------------
Atom A          q(A)              L(A)              K(A)          K_Scaled(A)      |Mu_Intra(A)|
--------------------------------------------------------------------------------------------------
O1       -1.1001167987E+00  1.0729680758E-04  7.5262457783E+01 -7.5926479633E+01  1.9534074233E-01
C2       -2.5188500600E-02 -1.1620088143E-04  3.7729872175E+01 -3.8062753405E+01  2.5137241970E-01
C3       -8.7607015500E-02  1.1380549185E-05  3.7695670962E+01 -3.8028250443E+01  8.9381279522E-02
C4        4.5038913350E-01 -4.3429540894E-05  3.7418982191E+01 -3.7749120516E+01  7.5520147821E-01
C5       -8.5851834000E-02 -4.3791727675E-05  3.7697858445E+01 -3.8030457225E+01  1.0097497012E-01
C6        5.6435496760E-01 -8.3091645233E-05  3.7390164675E+01 -3.7720048750E+01  6.4691696999E-01
C7        4.4596387340E-01 -3.9903615122E-05  3.7416621993E+01 -3.7746739494E+01  7.9599753312E-01
H8        3.9914002580E-02  1.6981047523E-05  5.9568726512E-01 -6.0094286494E-01  1.4716411499E-01
H9        3.9812222500E-02  2.2407790753E-05  5.9573167058E-01 -6.0098766218E-01  1.4698423202E-01
H10       6.0225166420E-02  2.5878453523E-05  5.8930952278E-01 -5.9450885337E-01  1.3467969357E-01
H11       1.1045237517E-01  1.2391237964E-05  5.6997146719E-01 -5.7500018296E-01  1.3904746831E-01
H12       8.4738184030E-02  2.0516278567E-05  5.7429923316E-01 -5.7936613171E-01  1.4314878815E-01
H13       4.2630780250E-02  2.1043593447E-05  5.9446519932E-01 -5.9971001716E-01  1.4652617304E-01
H14       1.0627293200E-01  2.5097861638E-05  5.6996476460E-01 -5.7499342123E-01  1.4193935194E-01
F15      -6.4599330290E-01  3.6375303426E-05  9.9566111961E+01 -1.0044455888E+02  3.3769955912E-01
--------------------------------------------------------------------------------------------------
Total    -3.8142499984E-06 -2.7048486748E-05  4.0426716931E+02 -4.0783391748E+02
 
1st Largest |L(A)| = 1.1620088143E-04, atom C2      
2nd Largest |L(A)| = 1.0729680758E-04, atom O1      
 
Molecular charge q(Mol) from the wfn file:   0.0000000000E+00
Molecular energy E(Mol) from the wfn file:  -4.0783395662E+02
Molecular virial ratio (-V(Mol)/T(Mol)) from the wfn file:   2.0088227500E+00
Note.  K_Scaled(A) = (1+V(Mol)/T(Mol))*K(A) = (E(Mol)/T(Mol))*K(A)
       Only use K_Scaled(A) data with caution.
 
N_AIMInt(SumA)     =         60.000004
N_Analytic(Mol)    =         59.999989
 
G_AIMInt(SumA)     =        404.267196
G_Analytic(Mol)    =        404.267178
 
K_AIMInt(SumA)     =        404.267169
K_Analytic(Mol)    =        404.267178
 
L_AIMInt(SumA)     =         -0.000027
L_Analytic(Mol)    =          0.000000
 
VenT_AIMInt(SumA)  =      -1612.428963
VenT_Analytic(Mol) =      -1612.428738
 
Some Information About the Atomic Calculations:
----------------------------------------------
  Time(sec) = "Elapsed User Time", in Seconds, for Atom A by AIMInt and, if used, by TWOe
  NProc = Number of Processors Used for AIMInt Job
  BIM = Basin Integration Method
  OAQ = Angular Quadrature Outside of Beta Sphere
  ORQ = Multiple of Default for Radial Quadrature Outside of Beta Sphere
  IAQ = Multiple of Default for Angular Quadrature Inside of Beta Sphere
  IRQ = Multiple of Default for Radial Quadrature Inside of Beta Sphere
  MIR = Maximum Integration Radius
------------------------------------------------------------------------------------------------------
Atom A     Time(sec)   NProc      BIM          OAQ                     ORQ      IAQ      IRQ      MIR
------------------------------------------------------------------------------------------------------
O1             15        8     Proaim(5)    4500(GS4)                  1.00     1.00     1.00    13.00
C2             16        8     Proaim(5)    4500(GS4)                  1.00     1.00     1.00    13.00
C3             21        8     Proaim(5)    4500(GS4)                  1.00     1.00     1.00    13.00
C4             18        8     Proaim(5)    4500(GS4)                  1.00     1.00     1.00    13.00
C5             24        8     Proaim(5)    4500(GS4)                  1.00     1.00     1.00    13.00
C6             18        8     Proaim(5)    4500(GS4)                  1.00     1.00     1.00    13.00
C7             17        8     Proaim(5)    4500(GS4)                  1.00     1.00     1.00    13.00
H8              4        8     Proaim(5)    1800(GS4)                  1.00     1.00     1.00    13.00
H9              4        8     Proaim(5)    1800(GS4)                  1.00     1.00     1.00    13.00
H10            10        8     Proaim(5)    4500(GS4)                  1.00     1.00     1.00    13.00
H11            11        8     Proaim(5)    4500(GS4)                  1.00     1.00     1.00    13.00
H12             5        8     Proaim(5)    1800(GS4)                  1.00     1.00     1.00    13.00
H13             5        8     Proaim(5)    1800(GS4)                  1.00     1.00     1.00    13.00
H14             4        8     Proaim(5)    1800(GS4)                  1.00     1.00     1.00    13.00
F15             6        8     Proaim(5)    2700(GS4)                  1.00     1.00     1.00    13.00
------------------------------------------------------------------------------------------------------
Total         178
Note:  Total wall clock time is less than total of atomic times if more than one atom
       was calculated at a time
 
Electron Density Critical Point Analysis of Molecular Structure:               
---------------------------------------------------------------                
  NACP = Nuclear Attractor Critical Point                                      
  NNACP = Non-Nuclear Attractor Critical Point                                 
  BCP = Bond Critical Point                                                    
  RCP = Ring Critical Point                                                    
  CCP = Cage Critical Point                                                    
  Rho = Electron Density                                                       
  GradRho = Gradient of Electron Density                                       
  HessRho_EigVals = Eigenvalues of the Hessian of Rho, Ascending Order         
  HessRho_EigVecs = Eigenvectors of the Hessian of Rho                         
  DelSqRho = Laplacian of Rho = Trace of Hessian of Rho                        
  Bond Ellipticity = (HessRho_EigVal(1) / HessRho_EigVal(2)) - 1               
  V = Virial Field = Potential Energy Density = Trace of Stress Tensor         
  G = Lagrangian Form of Kinetic Energy Density                                
  K = Hamiltonian Form of Kinetic Energy Density                               
  L = K - G = Lagrangian Density = (-1/4)DelSqRho                              
  Vnuc = Electrostatic Potential from Nuclei                                   
  Ven = Electron-nuclear attractive contribution to Virial Field V             
  Vrep = V - Ven = Repulsive contribution to Virial Field V                    
  DelSqV = Laplacian of V                                                      
  DelSqVen = Laplacian of Ven                                                  
  DelSqVrep = Laplacian of Vrep                                                
  DelSqG = Laplacian of G                                                      
  DelSqK = Laplacian of K                                                      
  Stress_EigVals = Eigenvalues of Stress Tensor, Ascending Order               
  Stress_EigVecs = Eigenvectors of Stress Tensor                               
  -DivStress = Ehrenfest Force Density = Minus Divergence of Stress Tensor     
  ESP = Total Electrostatic Potential                                          
  ESPe = Electrostatic Potential from Electrons                                
  ESPn = Electrostatic Potential from Nuclei                                   
  BP = Bond Path                                                               
  BPL = Bond Path Length                                                       
  GBL = Geometric Bond Length                                                  
  GBL_I = Distance Between Nuclear Attractors                                  
  GBL_II = Distance Between Nuclei                                             
  GBL_III = Sum of Distances Between BCP and Nuclear Attractors                
  GBL_IV = Sum of Distances Between BCP and Nuclei                             

CP# 1      Coords = -6.35116109062343E-02 -1.26252075825452E+00  4.93976984864810E-02
           Type = (3,-3) NACP O1
           Rho =  2.8992568999E+02     Rho at Nucleus =  2.8992565981E+02
           GradRho = -4.3947491147E-12  5.6719127428E-11  7.7134978092E-13
           HessRho_EigVals = -6.3923510561E+05 -6.3921927629E+05 -6.3921794258E+05
           HessRho_EigVec1 = -5.9634133213E-01  7.9311401417E-01 -1.2388372016E-01
           HessRho_EigVec2 =  8.0120015318E-01  5.9759978276E-01 -3.0867688488E-02
           HessRho_EigVec3 = -4.9551287932E-02  1.1766333404E-01  9.9181652017E-01
           DelSqRho = -1.9176723245E+06
           Bond Ellipticity = NA
           V = -4.7951165239E+05
           G =  4.6785634556E+01
           K =  4.7946486676E+05
           L =  4.7941808112E+05
           Vnuc =  8.2327771370E+05
           Ven = -2.3868935920E+08
           Vrep =  2.3820984755E+08
           DelSqV =  1.9775167406E+10
           DelSqVen =  1.5787768858E+12
           DelSqVrep = -1.5590017184E+12
           DelSqG =  1.0573096770E+09
           DelSqK = -2.0832477083E+10
           Stress_EigVals = -1.5983870533E+05 -1.5983821593E+05 -1.5983473114E+05
           Stress_EigVec1 = -4.4831071826E-02  1.2113064914E-01  9.9162368913E-01
           Stress_EigVec2 =  7.9975762724E-01  5.9917954661E-01 -3.7035234438E-02
           Stress_EigVec3 = -5.9864673445E-01  7.9139827948E-01 -1.2373702183E-01
           -DivStress = -5.1018426070E+04 -3.6051069887E+04  2.7124952795E+03
           ESP =  -2.2238299319E+01     ESP at Nucleus =  -2.2238300454E+01
           ESPe = -3.3995316669E+01     ESPe at Nucleus = -3.3995301212E+01
           ESPn =  1.1757017350E+01     ESPn at Nucleus =  1.1757000758E+01

CP# 2      Coords =  2.36059571352015E+00  2.19748720052921E+00 -2.98921594734542E-01
           Type = (3,-3) NACP C2
           Rho =  1.1762371339E+02     Rho at Nucleus =  1.1762371335E+02
           GradRho =  7.0630403955E-11 -9.1407106253E-11  1.6327814589E-11
           HessRho_EigVals = -1.4493746640E+05 -1.4493732527E+05 -1.4493704499E+05
           HessRho_EigVec1 = -4.2399692870E-02  1.2709279594E-01  9.9098420132E-01
           HessRho_EigVec2 = -6.8797915855E-01  7.1553799006E-01 -1.2120256672E-01
           HessRho_EigVec3 =  7.2449081667E-01  6.8691542857E-01 -5.7098603795E-02
           DelSqRho = -4.3481183666E+05
           Bond Ellipticity = NA
           V = -1.0871346319E+05
           G =  5.2520126248E+00
           K =  1.0870821118E+05
           L =  1.0870295916E+05
           Vnuc =  7.8393929159E+06
           Ven = -9.2209850553E+08
           Vrep =  9.2198979207E+08
           DelSqV =  2.4941146336E+09
           DelSqVen =  3.4086602670E+12
           DelSqVrep = -3.4061664145E+12
           DelSqG =  1.3396920518E+08
           DelSqK = -2.6280838388E+09
           Stress_EigVals = -3.6238039831E+04 -3.6237860334E+04 -3.6237563024E+04
           Stress_EigVec1 =  5.9693612459E-01  7.9844958148E-01 -7.8393424419E-02
           Stress_EigVec2 =  8.0134658018E-01 -5.8864782304E-01  1.0647722230E-01
           Stress_EigVec3 = -3.8870574959E-02  1.2638040300E-01  9.9121999180E-01
           -DivStress = -4.1363206742E+02  4.5673720995E+02 -7.7508926371E+01
           ESP =  -1.4733021417E+01     ESP at Nucleus =  -1.4733021418E+01
           ESPe = -2.7029158766E+01     ESPe at Nucleus = -2.7029157998E+01
           ESPn =  1.2296137349E+01     ESPn at Nucleus =  1.2296136580E+01

CP# 3      Coords = -7.42715804671955E+00  6.05491969501513E-01  1.03370194784070E+00
           Type = (3,-3) NACP C3
           Rho =  1.1768092780E+02     Rho at Nucleus =  1.1768092773E+02
           GradRho = -1.0026111297E-10  1.2610739742E-10  1.6400852960E-10
           HessRho_EigVals = -1.4500913897E+05 -1.4500808602E+05 -1.4500788027E+05
           HessRho_EigVec1 =  6.2533592152E-01  7.2851109261E-01 -2.7969013783E-01
           HessRho_EigVec2 =  7.3269161910E-01 -4.2478975412E-01  5.3171106448E-01
           HessRho_EigVec3 = -2.6854790366E-01  5.3742464842E-01  7.9941026433E-01
           DelSqRho = -4.3502510526E+05
           Bond Ellipticity = NA
           V = -1.0876646127E+05
           G =  5.0924778487E+00
           K =  1.0876136879E+05
           L =  1.0875627631E+05
           Vnuc =  6.0836785551E+06
           Ven = -7.1593293678E+08
           Vrep =  7.1582417032E+08
           DelSqV =  2.4953292004E+09
           DelSqVen =  2.6465522811E+12
           DelSqVrep = -2.6440569519E+12
           DelSqG =  1.3403543212E+08
           DelSqK = -2.6293646325E+09
           Stress_EigVals = -3.6255751818E+04 -3.6255631313E+04 -3.6255078140E+04
           Stress_EigVec1 = -2.7813806738E-01  5.3876758526E-01  7.9521613700E-01
           Stress_EigVec2 =  7.3079978597E-01 -4.1857092288E-01  5.3919389401E-01
           Stress_EigVec3 =  6.2335454462E-01  7.3111413035E-01 -2.7731072844E-01
           -DivStress =  2.0946966735E+02 -4.7776142338E+02 -6.0761832130E+02
           ESP =  -1.4740748052E+01     ESP at Nucleus =  -1.4740748067E+01
           ESPe = -2.3146762282E+01     ESPe at Nucleus = -2.3146763280E+01
           ESPn =  8.4060142295E+00     ESPn at Nucleus =  8.4060152131E+00

CP# 4      Coords =  2.39516808097453E+00 -2.03910099214464E+00  2.42699286219351E-01
           Type = (3,-3) NACP C4
           Rho =  1.1757552757E+02     Rho at Nucleus =  1.1757552443E+02
           GradRho =  8.0392412901E-12 -1.6569367948E-12  9.5205245597E-13
           HessRho_EigVals = -1.4486355143E+05 -1.4486170126E+05 -1.4486159298E+05
           HessRho_EigVec1 =  9.6203229659E-01 -2.6371388069E-01  7.0348059245E-02
           HessRho_EigVec2 =  2.7039065854E-01  9.5597640108E-01 -1.1400882581E-01
           HessRho_EigVec3 = -3.7185374612E-02  1.2870163059E-01  9.9098594248E-01
           DelSqRho = -4.3458684566E+05
           Bond Ellipticity = NA
           V = -1.0865708610E+05
           G =  5.1873444652E+00
           K =  1.0865189876E+05
           L =  1.0864671141E+05
           Vnuc =  9.1099549100E+05
           Ven = -1.0711077547E+08
           Vrep =  1.0700211838E+08
           DelSqV =  2.4928098724E+09
           DelSqVen =  3.9590665882E+11
           DelSqVrep = -3.9341384843E+11
           DelSqG =  1.3388448176E+08
           DelSqK = -2.6266943542E+09
           Stress_EigVals = -3.6219369097E+04 -3.6219000808E+04 -3.6218716199E+04
           Stress_EigVec1 =  2.5178907560E-01  9.6117296958E-01 -1.1291051305E-01
           Stress_EigVec2 = -3.7423099727E-02  1.2625201309E-01  9.9129205626E-01
           Stress_EigVec3 =  9.6705830900E-01 -2.4537104911E-01  6.7758949566E-02
           -DivStress =  5.1889320493E+03 -1.2151228128E+03  3.5180170258E+02
           ESP =  -1.4688334723E+01     ESP at Nucleus =  -1.4688334914E+01
           ESPe = -2.7405871915E+01     ESPe at Nucleus = -2.7405865824E+01
           ESPn =  1.2717537193E+01     ESPn at Nucleus =  1.2717530909E+01

CP# 5      Coords = -6.70937688970781E+00 -7.58045333388349E-01 -9.57477711316420E-01
           Type = (3,-3) NACP C5
           Rho =  1.1768673016E+02     Rho at Nucleus =  1.1768673011E+02
           GradRho =  1.8621144706E-11 -3.8653608837E-11 -1.3346098221E-10
           HessRho_EigVals = -1.4501764118E+05 -1.4501651574E+05 -1.4501633744E+05
           HessRho_EigVec1 =  6.1698549728E-01  7.3871743104E-01 -2.7134010619E-01
           HessRho_EigVec2 =  6.7222690974E-01 -3.1543079258E-01  6.6978682946E-01
           HessRho_EigVec3 = -4.0919418124E-01  5.9565088112E-01  6.9120196025E-01
           DelSqRho = -4.3505049437E+05
           Bond Ellipticity = NA
           V = -1.0877281681E+05
           G =  5.0966076187E+00
           K =  1.0876772020E+05
           L =  1.0876262359E+05
           Vnuc =  7.1184622737E+06
           Ven = -8.3774854875E+08
           Vrep =  8.3763977593E+08
           DelSqV =  2.4954757455E+09
           DelSqVen =  3.0968903107E+12
           DelSqVrep = -3.0943945728E+12
           DelSqG =  1.3404454390E+08
           DelSqK = -2.6295202894E+09
           Stress_EigVals = -3.6257869837E+04 -3.6257760211E+04 -3.6257186759E+04
           Stress_EigVec1 = -3.4706691528E-01  5.6976696959E-01  7.4492291996E-01
           Stress_EigVec2 =  7.0522872144E-01 -3.6504099800E-01  6.0778081595E-01
           Stress_EigVec3 =  6.1822083981E-01  7.3628165137E-01 -2.7512237836E-01
           -DivStress = -1.1280570819E+02  2.3050586228E+02  6.3441356196E+02
           ESP =  -1.4742191128E+01     ESP at Nucleus =  -1.4742191140E+01
           ESPe = -2.3525233322E+01     ESPe at Nucleus = -2.3525233978E+01
           ESPn =  8.7830421935E+00     ESPn at Nucleus =  8.7830428381E+00

CP# 6      Coords =  3.91951720035627E+00  2.02590378173434E-02  3.88106160630982E-02
           Type = (3,-3) NACP C6
           Rho =  1.1759860355E+02     Rho at Nucleus =  1.1759859805E+02
           GradRho =  1.3736428253E-11  1.8574282601E-13  1.3619075485E-13
           HessRho_EigVals = -1.4489514546E+05 -1.4489322969E+05 -1.4489281453E+05
           HessRho_EigVec1 =  9.9904560432E-01 -1.6327046968E-02  4.0513059925E-02
           HessRho_EigVec2 = -3.8129670601E-02  1.2646517955E-01  9.9123795659E-01
           HessRho_EigVec3 =  2.1307480071E-02  9.9183667300E-01 -1.2572193681E-01
           DelSqRho = -4.3468118969E+05
           Bond Ellipticity = NA
           V = -1.0868042688E+05
           G =  5.0647267397E+00
           K =  1.0867536215E+05
           L =  1.0867029742E+05
           Vnuc =  6.8879416872E+05
           Ven = -8.1001232374E+07
           Vrep =  8.0892551947E+07
           DelSqV =  2.4933484990E+09
           DelSqVen =  2.9940586918E+11
           DelSqVrep = -2.9691252056E+11
           DelSqG =  1.3391563752E+08
           DelSqK = -2.6272641365E+09
           Stress_EigVals = -3.6227150855E+04 -3.6226750233E+04 -3.6226525788E+04
           Stress_EigVec1 =  6.1141596016E-02  9.9040140313E-01 -1.2396276019E-01
           Stress_EigVec2 = -3.8103500274E-02  1.2642059202E-01  9.9124465052E-01
           Stress_EigVec3 =  9.9740153825E-01 -5.5882864908E-02  4.5467316901E-02
           -DivStress = -7.0329779976E+03 -4.3856726193E+02 -2.1483181387E+02
           ESP =  -1.4656641972E+01     ESP at Nucleus =  -1.4656642328E+01
           ESPe = -2.8197563777E+01     ESPe at Nucleus = -2.8197568984E+01
           ESPn =  1.3540921804E+01     ESPn at Nucleus =  1.3540926656E+01

CP# 7      Coords = -4.78045585866458E-02  1.29198914652840E+00 -2.76338870138160E-01
           Type = (3,-3) NACP C7
           Rho =  1.1761946509E+02     Rho at Nucleus =  1.1761946191E+02
           GradRho =  4.5496072187E-13  9.1127825636E-12  2.4570397258E-12
           HessRho_EigVals = -1.4491653685E+05 -1.4491519532E+05 -1.4491455223E+05
           HessRho_EigVec1 =  1.6467907463E-02  9.9196161593E-01 -1.2546298477E-01
           HessRho_EigVec2 = -4.0214098040E-02  1.2603556732E-01  9.9121030165E-01
           HessRho_EigVec3 =  9.9905537101E-01 -1.1277778754E-02  4.1966383735E-02
           DelSqRho = -4.3474628440E+05
           Bond Ellipticity = NA
           V = -1.0869679169E+05
           G =  5.1102937127E+00
           K =  1.0869168139E+05
           L =  1.0868657110E+05
           Vnuc =  9.0610074065E+05
           Ven = -1.0657508443E+08
           Vrep =  1.0646638764E+08
           DelSqV =  2.4937173884E+09
           DelSqVen =  3.9392392960E+11
           DelSqVrep = -3.9143021221E+11
           DelSqG =  1.3393231279E+08
           DelSqK = -2.6276497012E+09
           Stress_EigVals = -3.6232684714E+04 -3.6232124658E+04 -3.6231982316E+04
           Stress_EigVec1 =  9.9856951100E-01 -3.1388484523E-02  4.3286195834E-02
           Stress_EigVec2 = -3.9038829847E-02  1.2518688684E-01  9.9136482343E-01
           Stress_EigVec3 =  3.6536303516E-02  9.9163652938E-01 -1.2378243866E-01
           -DivStress =  3.8570851063E+02  5.3147290898E+03 -6.6488706435E+02
           ESP =  -1.4682965129E+01     ESP at Nucleus =  -1.4682965325E+01
           ESPe = -2.7440602724E+01     ESPe at Nucleus = -2.7440595120E+01
           ESPn =  1.2757637595E+01     ESPn at Nucleus =  1.2757629796E+01

CP# 8      Coords = -8.98482036066058E+00  1.88911904600358E+00  9.45714011211556E-01
           Type = (3,-3) NACP H8
           Rho =  4.2555831417E-01     Rho at Nucleus =  4.2187391586E-01
           GradRho =  6.7297134001E-15 -2.0853239654E-15  1.4466814519E-16
           HessRho_EigVals = -6.4784147892E+00 -6.4719535096E+00 -5.8789492669E+00
           HessRho_EigVec1 =  1.3919518715E-01  2.3753512856E-01  9.6135412964E-01
           HessRho_EigVec2 =  6.2088858497E-01  7.3534718939E-01 -2.7159137710E-01
           HessRho_EigVec3 =  7.7144154991E-01 -6.3469801777E-01  4.5126060209E-02
           DelSqRho = -1.8829317566E+01
           Bond Ellipticity = NA
           V = -4.7163430062E+00
           G =  4.5068073801E-03
           K =  4.7118361988E+00
           L =  4.7073293914E+00
           Vnuc =  3.7635215235E+01
           Ven = -1.6015978749E+01
           Vrep =  1.1299635743E+01
           DelSqV =  7.0897329825E+02
           DelSqVen =  7.0864541932E+02
           DelSqVrep =  3.2787893404E-01
           DelSqG =  6.9760150504E+01
           DelSqK = -7.7873344876E+02
           Stress_EigVals = -1.6228752220E+00 -1.6221355604E+00 -1.4713322238E+00
           Stress_EigVec1 =  1.4241355385E-01  2.3854155549E-01  9.6063328382E-01
           Stress_EigVec2 =  6.2056529835E-01  7.3457475494E-01 -2.7440597640E-01
           Stress_EigVec3 =  7.7111418750E-01 -6.3521481068E-01  4.3417210133E-02
           -DivStress = -6.0849447984E+00  5.0086500004E+00 -3.5288455532E-01
           ESP =  -1.1065287171E+00     ESP at Nucleus =  -1.1089776182E+00
           ESPe = -1.0122143182E+01     ESPe at Nucleus = -1.0048344120E+01
           ESPn =  9.0156144644E+00     ESPn at Nucleus =  8.9393665017E+00

CP# 9      Coords = -7.66049402254268E+00 -6.25307126878342E-01 -2.73523429297406E+00
           Type = (3,-3) NACP H9
           Rho =  4.2562276884E-01     Rho at Nucleus =  4.2194085545E-01
           GradRho =  5.1663041039E-12 -7.2223945873E-13  9.6434627546E-12
           HessRho_EigVals = -6.4803930484E+00 -6.4742041781E+00 -5.8812121812E+00
           HessRho_EigVec1 = -6.2436786402E-01  6.7916065157E-01  3.8588285753E-01
           HessRho_EigVec2 =  6.2275399963E-01  7.3100324828E-01 -2.7894749854E-01
           HessRho_EigVec3 =  4.7153178718E-01 -6.6144239077E-02  8.7936494888E-01
           DelSqRho = -1.8835809408E+01
           Bond Ellipticity = NA
           V = -4.7179361918E+00
           G =  4.4919199334E-03
           K =  4.7134442718E+00
           L =  4.7089523519E+00
           Vnuc =  3.8079212773E+01
           Ven = -1.6207379976E+01
           Vrep =  1.1489443784E+01
           DelSqV =  7.0924396133E+02
           DelSqVen =  7.1725279420E+02
           DelSqVrep = -8.0088328750E+00
           DelSqG =  6.9797311095E+01
           DelSqK = -7.7904127242E+02
           Stress_EigVals = -1.6234076145E+00 -1.6226287731E+00 -1.4718998042E+00
           Stress_EigVec1 =  6.2902192984E-01 -6.7483217298E-01 -3.8591832049E-01
           Stress_EigVec2 =  6.1897745427E-01  7.3511025434E-01 -2.7654985999E-01
           Stress_EigVec3 =  4.7031725768E-01 -6.4918812947E-02  8.8010637133E-01
           -DivStress = -3.7147311829E+00  5.1686542295E-01 -6.9390257022E+00
           ESP =  -1.1072267842E+00     ESP at Nucleus =  -1.1096747176E+00
           ESPe = -1.0552073312E+01     ESPe at Nucleus = -1.0478210500E+01
           ESPn =  9.4448465282E+00     ESPn at Nucleus =  9.3685357826E+00

CP# 10     Coords = -5.15124810354138E+00 -2.03823482366856E+00 -8.61983125741451E-01
           Type = (3,-3) NACP H10
           Rho =  4.2375760853E-01     Rho at Nucleus =  4.1996985218E-01
           GradRho = -1.3564995481E-15  2.8934099142E-15 -4.4584087398E-16
           HessRho_EigVals = -6.4461585911E+00 -6.4396759307E+00 -5.8386748407E+00
           HessRho_EigVec1 =  1.4102944738E-01  2.4709819206E-01  9.5867261276E-01
           HessRho_EigVec2 =  6.1933881122E-01  7.3343907307E-01 -2.8015453415E-01
           HessRho_EigVec3 =  7.7235363137E-01 -6.3325319547E-01  4.9600993364E-02
           DelSqRho = -1.8724509362E+01
           Bond Ellipticity = NA
           V = -4.6901205177E+00
           G =  4.4965885236E-03
           K =  4.6856239291E+00
           L =  4.6811273406E+00
           Vnuc =  3.9102780729E+01
           Ven = -1.6570100849E+01
           Vrep =  1.1879980331E+01
           DelSqV =  7.0446851825E+02
           DelSqVen =  7.3218038386E+02
           DelSqVrep = -2.7711865619E+01
           DelSqG =  6.9287686624E+01
           DelSqK = -7.7375620487E+02
           Stress_EigVals = -1.6147924712E+00 -1.6140572019E+00 -1.4612708446E+00
           Stress_EigVec1 =  1.3940503168E-01  2.4254915396E-01  9.6007090626E-01
           Stress_EigVec2 =  6.1999136524E-01  7.3460738684E-01 -2.7561330560E-01
           Stress_EigVec3 =  7.7212495373E-01 -6.3365755350E-01  4.7970415066E-02
           -DivStress =  6.1630008242E+00 -5.0516023834E+00  3.9563824902E-01
           ESP =  -1.1088763857E+00     ESP at Nucleus =  -1.1113893373E+00
           ESPe = -1.2069111776E+01     ESPe at Nucleus = -1.2020657449E+01
           ESPn =  1.0960235390E+01     ESPn at Nucleus =  1.0909268112E+01

CP# 11     Coords = -1.85060694257647E+00  2.14313032442577E+00 -4.55824636624047E-01
           Type = (3,-3) NACP H11
           Rho =  4.2287826080E-01     Rho at Nucleus =  4.1865503666E-01
           GradRho =  8.3314521674E-09 -3.9427308291E-09  8.3122636850E-10
           HessRho_EigVals = -6.4332751120E+00 -6.4217642366E+00 -5.7733525791E+00
           HessRho_EigVec1 =  4.3591627045E-01  8.9483388144E-01 -9.6173435950E-02
           HessRho_EigVec2 = -3.9396387974E-02  1.2573116105E-01  9.9128179634E-01
           HessRho_EigVec3 =  8.9912453518E-01 -4.2832697763E-01  9.0061481572E-02
           DelSqRho = -1.8628391928E+01
           Bond Ellipticity = NA
           V = -4.6653876029E+00
           G =  4.1448105027E-03
           K =  4.6612427924E+00
           L =  4.6570979819E+00
           Vnuc =  3.9074584369E+01
           Ven = -1.6523792280E+01
           Vrep =  1.1858404677E+01
           DelSqV =  6.9894387791E+02
           DelSqVen =  7.2789668504E+02
           DelSqVrep = -2.8952807131E+01
           DelSqG =  6.8735807731E+01
           DelSqK = -7.6767968564E+02
           Stress_EigVals = -1.6105179718E+00 -1.6101058687E+00 -1.4447637624E+00
           Stress_EigVec1 =  4.3699607786E-01  8.9471831135E-01 -9.2269015792E-02
           Stress_EigVec2 = -4.1060822100E-02  1.2231912956E-01  9.9164108398E-01
           Stress_EigVec3 =  8.9852570181E-01 -4.2955462270E-01  9.0190849279E-02
           -DivStress = -7.5786151278E+00  3.5814748409E+00 -7.5538228184E-01
           ESP =  -1.0739567011E+00     ESP at Nucleus =  -1.0768235086E+00
           ESPe = -1.3599014148E+01     ESPe at Nucleus = -1.3511890924E+01
           ESPn =  1.2525057447E+01     ESPn at Nucleus =  1.2435067416E+01

CP# 12     Coords =  2.95846158377721E+00  4.09862941797183E+00 -5.18690265079787E-01
           Type = (3,-3) NACP H12
           Rho =  4.2014047882E-01     Rho at Nucleus =  4.1627116280E-01
           GradRho = -2.4796808050E-09 -7.8452066092E-09  9.0677647920E-10
           HessRho_EigVals = -6.4027288147E+00 -6.3977259404E+00 -5.7891846664E+00
           HessRho_EigVec1 =  9.5389276347E-01 -2.9104506957E-01  7.3357775876E-02
           HessRho_EigVec2 = -3.7645854359E-02  1.2646249452E-01  9.9125679172E-01
           HessRho_EigVec3 =  2.9777740923E-01  9.4831429651E-01 -1.0967501807E-01
           DelSqRho = -1.8589639421E+01
           Bond Ellipticity = NA
           V = -4.6564720510E+00
           G =  4.5310977989E-03
           K =  4.6519409532E+00
           L =  4.6474098554E+00
           Vnuc =  3.9300910754E+01
           Ven = -1.6511903462E+01
           Vrep =  1.1855431411E+01
           DelSqV =  6.9925519927E+02
           DelSqVen =  7.3058977254E+02
           DelSqVrep = -3.1334573264E+01
           DelSqG =  6.8889114415E+01
           DelSqK = -7.6814431369E+02
           Stress_EigVals = -1.6040809528E+00 -1.6037830095E+00 -1.4486080887E+00
           Stress_EigVec1 = -3.6934428894E-02  1.2624565789E-01  9.9131119323E-01
           Stress_EigVec2 =  9.5361230446E-01 -2.9211923714E-01  7.2731864239E-02
           Stress_EigVec3 =  2.9876315158E-01  9.4801286128E-01 -1.0960015555E-01
           -DivStress =  2.4135389656E+00  7.6210395985E+00 -8.8069273042E-01
           ESP =  -1.0772410053E+00     ESP at Nucleus =  -1.0799284868E+00
           ESPe = -1.2640313466E+01     ESPe at Nucleus = -1.2545594667E+01
           ESPn =  1.1563072460E+01     ESPn at Nucleus =  1.1465666180E+01

CP# 13     Coords = -6.48297757971244E+00  4.63435553110088E-01  2.81410340276388E+00
           Type = (3,-3) NACP H13
           Rho =  4.2515213149E-01     Rho at Nucleus =  4.2145504180E-01
           GradRho = -9.4106985286E-12  1.4583840600E-12 -1.7682448331E-11
           HessRho_EigVals = -6.4713342079E+00 -6.4647590782E+00 -5.8710661865E+00
           HessRho_EigVec1 = -6.2882399207E-01  6.7276119390E-01  3.8983684150E-01
           HessRho_EigVec2 =  6.2059269744E-01  7.3631180135E-01 -2.6964724192E-01
           HessRho_EigVec3 =  4.6844966740E-01 -7.2369241908E-02  8.8052121038E-01
           DelSqRho = -1.8807159473E+01
           Bond Ellipticity = NA
           V = -4.7108107694E+00
           G =  4.5104506373E-03
           K =  4.7063003188E+00
           L =  4.7017898682E+00
           Vnuc =  3.8508000933E+01
           Ven = -1.6371758676E+01
           Vrep =  1.1660947907E+01
           DelSqV =  7.0806066699E+02
           DelSqVen =  7.2422611455E+02
           DelSqVrep = -1.6165447559E+01
           DelSqG =  6.9664342430E+01
           DelSqK = -7.7772500942E+02
           Stress_EigVals = -1.6210926657E+00 -1.6203620655E+00 -1.4693560383E+00
           Stress_EigVec1 =  6.2597608983E-01 -6.7720045885E-01 -3.8672144174E-01
           Stress_EigVec2 =  6.2426927438E-01  7.3234703426E-01 -2.7194796281E-01
           Stress_EigVec3 =  4.6737758614E-01 -7.1185391425E-02  8.8118717195E-01
           -DivStress =  3.6989562234E+00 -5.7153257606E-01  6.9550295824E+00
           ESP =  -1.1068708554E+00     ESP at Nucleus =  -1.1093257016E+00
           ESPe = -1.1061803659E+01     ESPe at Nucleus = -1.1000571926E+01
           ESPn =  9.9549328038E+00     ESPn at Nucleus =  9.8912462239E+00

CP# 14     Coords =  2.72215768474197E+00 -3.99339445861278E+00  5.05326296470006E-01
           Type = (3,-3) NACP H14
           Rho =  4.2224433219E-01     Rho at Nucleus =  4.1810484424E-01
           GradRho =  9.9235934293E-16  5.0472702799E-16 -1.0594349291E-16
           HessRho_EigVals = -6.4284695093E+00 -6.4170665909E+00 -5.7783334786E+00
           HessRho_EigVec1 =  9.8466250024E-01  1.7378403815E-01  1.5455377975E-02
           HessRho_EigVec2 = -3.7947837005E-02  1.2686165076E-01  9.9119427119E-01
           HessRho_EigVec3 = -1.7029304827E-01  9.7657832745E-01 -1.3151063858E-01
           DelSqRho = -1.8623869579E+01
           Bond Ellipticity = NA
           V = -4.6645812942E+00
           G =  4.3069497398E-03
           K =  4.6602743444E+00
           L =  4.6559673947E+00
           Vnuc =  3.8642446186E+01
           Ven = -1.6316553884E+01
           Vrep =  1.1651972589E+01
           DelSqV =  6.9925455039E+02
           DelSqVen =  7.1967187797E+02
           DelSqVrep = -2.0417327578E+01
           DelSqG =  6.8805540275E+01
           DelSqK = -7.6806009066E+02
           Stress_EigVals = -1.6095651022E+00 -1.6092971094E+00 -1.4457190826E+00
           Stress_EigVec1 = -3.8501407522E-02  1.2675937137E-01  9.9118600847E-01
           Stress_EigVec2 =  9.8441020647E-01  1.7517354452E-01  1.5835867344E-02
           Stress_EigVec3 = -1.7162222179E-01  9.7634332643E-01 -1.3152764697E-01
           -DivStress =  1.4113466293E+00 -8.1369985240E+00  1.0954216140E+00
           ESP =  -1.0682972973E+00     ESP at Nucleus =  -1.0711214197E+00
           ESPe = -1.2891075664E+01     ESPe at Nucleus = -1.2789939261E+01
           ESPn =  1.1822778367E+01     ESPn at Nucleus =  1.1718817841E+01

CP# 15     Coords =  6.44759112783477E+00  2.67898488001933E-02  1.35408118038354E-01
           Type = (3,-3) NACP F15
           Rho =  4.1855212690E+02     Rho at Nucleus =  4.1855209375E+02
           GradRho =  3.6393345335E-10  1.6228312639E-12  8.9299098715E-12
           HessRho_EigVals = -1.1731720226E+06 -1.1731276130E+06 -1.1731249566E+06
           HessRho_EigVec1 =  9.9926747510E-01  7.6262668023E-03  3.7501376705E-02
           HessRho_EigVec2 = -3.8163792089E-02  1.2598820247E-01  9.9129738112E-01
           HessRho_EigVec3 = -2.8351672678E-03  9.9200242585E-01 -1.2618696023E-01
           DelSqRho = -3.5194245922E+06
           Bond Ellipticity = NA
           V = -8.8008897751E+05
           G =  1.1641472373E+02
           K =  8.7997256279E+05
           L =  8.7985614806E+05
           Vnuc =  1.1971946784E+06
           Ven = -5.0108837898E+08
           Vrep =  5.0020829000E+08
           DelSqV =  4.6314996833E+10
           DelSqVen =  4.2134363884E+12
           DelSqVrep = -4.1671213915E+12
           DelSqG =  2.4669670413E+09
           DelSqK = -4.8781963875E+10
           Stress_EigVals = -2.9336717034E+05 -2.9336650538E+05 -2.9335530179E+05
           Stress_EigVec1 = -2.8495099688E-03  9.9200219172E-01 -1.2618847772E-01
           Stress_EigVec2 = -3.8160505087E-02  1.2598920614E-01  9.9129738010E-01
           Stress_EigVec3 =  9.9926755984E-01  7.6401278126E-03  3.7496297185E-02
           -DivStress =  1.1327586221E+05  7.5898590975E+02  4.2530629783E+03
           ESP =  -2.6537155353E+01     ESP at Nucleus =  -2.6537156316E+01
           ESPe = -3.5288903058E+01     ESPe at Nucleus = -3.5288889771E+01
           ESPn =  8.7517477051E+00     ESPn at Nucleus =  8.7517334547E+00

CP# 16     Coords = -2.67302384257394E-02  4.59733651621865E-01 -1.69245289838735E-01
           Type = (3,-1) BCP C7 O1
           Rho =  2.7993358352E-01
           GradRho =  1.1487566710E-17  2.3346356197E-16 -2.7341376504E-17
           HessRho_EigVals = -5.4166804025E-01 -4.8230989815E-01  9.9649304769E-01
           HessRho_EigVec1 =  9.9928060145E-01  4.5874715776E-03  3.7646177259E-02
           HessRho_EigVec2 = -3.7924045355E-02  1.2650840436E-01  9.9124032929E-01
           HessRho_EigVec3 =  2.1527097827E-04  9.9195492777E-01 -1.2659136988E-01
           DelSqRho = -2.7484890720E-02
           Bond Ellipticity =  1.2307054516E-01
           V = -8.3859144325E-01
           G =  4.1586011028E-01
           K =  4.2273133296E-01
           L =  6.8712226801E-03
           Vnuc =  2.1409545548E+01
           Ven = -5.9932508069E+00
           Vrep =  5.1546593637E+00
           DelSqV = -7.1674096436E+00
           DelSqVen =  5.8843901977E-01
           DelSqVrep = -7.7558486634E+00
           DelSqG =  1.5742728645E+01
           DelSqK = -8.5753190018E+00
           Stress_EigVals = -3.7493534288E-01 -3.6432523161E-01 -9.9330868749E-02
           Stress_EigVec1 = -3.6935792130E-02  1.2665351455E-01  9.9125911573E-01
           Stress_EigVec2 =  9.9893648684E-01  3.2073470749E-02  3.3123824148E-02
           Stress_EigVec3 = -2.7597871509E-02  9.9142835330E-01 -1.2770347592E-01
           -DivStress = -2.5580384260E-02  1.0153287111E+00 -1.3062892440E-01
           ESP =   1.9492418887E+00
           ESPe = -1.9460303660E+01
           ESPn =  2.1409545548E+01
           BPL =  2.5766375206E+00 =  8.3941466973E-01 +  1.7372228509E+00                
           GBL_I =  2.5752421007E+00                                                      
           GBL_II =  2.5752543664E+00                                                     
           GBL_III =  2.5758492042E+00 =  8.3938213628E-01 +  1.7364670679E+00            
           GBL_IV =  2.5758615716E+00 =  8.3938872670E-01 +  1.7364728449E+00             

