AIMSum (Version 19.02.13, Professional)
Copyright (c) 1997-2019 by Todd A. Keith
AIMSum is a component of the AIMAll package ( http://aim.tkgristmill.com )

TP:  64-bit Linux

Much of the Quantum Theory of Atoms in Molecules (QTAIM) is described in the book:
  "Atoms in Molecules - A Quantum Theory"
  R.F.W. Bader, Oxford University Press, Oxford, 1990

For additional references see:  http://aim.tkgristmill.com/references.html

Wfn File:  /home/mhennefarth/Documents/ML_Diels/summary-pieniazek2006/r_4b-opt/r_4b-opt.wfn
Sum File:  /home/mhennefarth/Documents/ML_Diels/summary-pieniazek2006/r_4b-opt/r_4b-opt.sum

SumViz File:  /home/mhennefarth/Documents/ML_Diels/summary-pieniazek2006/r_4b-opt/r_4b-opt.sumviz

Wfn Title:   Title Card Required                                                           
 
Total memory allocated for AIMSum =        0.887 Megabytes

Atomic units (a.u.) used throughout, except where stated otherwise

Model:  Restricted SCF
 
Restricted, closed-shell, single-determinant wavefunction.
  Number of electrons (from MO Occs)                   =          60.0000000000
  Number of Alpha electrons (from MO Occs)             =          30.0000000000
  Number of Beta electrons (from MO Occs)              =          30.0000000000
  Number of electron pairs (N*(N-1)/2)                 =        1770.0000000000
  Number of electron pairs (from Muller 2EDM)          =        1770.0000000000
 
Nuclear Charges and Cartesian Coordinates:
-------------------------------------------------------------------------------
Atom      Charge                X                  Y                  Z
-------------------------------------------------------------------------------
C1         6.0           3.4250420000E-02   3.9152608800E+00  -7.2796564000E-01
O2         8.0           3.6118617700E+00  -1.6680866100E+00   1.5393249300E+00
C3         6.0           3.1728044800E+00  -2.3449229200E+00  -9.0511926000E-01
C4         6.0           1.8494146100E+00  -5.1004757000E-01  -2.1246221100E+00
C5         6.0           1.4202258000E+00   1.4780806800E+00  -3.1076874000E-01
C6         6.0           2.5332765600E+00   6.5637237000E-01   1.8624621700E+00
H7         1.0           2.7295950000E+00   1.4709857600E+00   3.7233225800E+00
C8         6.0          -5.6196050000E+00  -1.5757870400E+00  -7.9863699000E-01
H9         1.0           3.9185845100E+00  -4.1581122300E+00  -1.4693881700E+00
C10        6.0          -5.6137581200E+00  -4.5823396000E-01   1.4561763800E+00
H11        1.0           1.2515098800E+00  -5.3486629000E-01  -4.0798262200E+00
H12        1.0          -7.3563883800E+00  -1.8911298700E+00  -1.8517929900E+00
H13        1.0          -3.8683119400E+00  -1.5402742000E-01   2.4967818700E+00
H14        1.0          -7.3456100900E+00   1.9188104000E-01   2.3525085500E+00
H15        1.0          -3.8791896200E+00  -2.2251626400E+00  -1.6768149000E+00
H16        1.0           8.3994967000E-01   4.9833642800E+00  -2.3111377100E+00
H17        1.0           1.1967272000E-01   5.1214104900E+00   9.5135049000E-01
H18        1.0          -1.9643584900E+00   3.5760151000E+00  -1.1587577600E+00
 
Some Atomic Properties:
----------------------
  q(A) = Net Charge of Atom A
  L(A) = Lagrangian of Atom A = -(1/4) Times Atomic Integral of the Laplacian of the Electron Density
  K(A) = Electronic Kinetic Energy of Atom A (Hamiltonian Form)
  K_Scaled(A) = K(A) * E(Mol)/K(Mol) = Approximation to Virial-Based Total Energy of Atom A.
  |Mu_Intra(A)| = Magnitude of Intraatomic Dipole Moment of Atom A
--------------------------------------------------------------------------------------------------
Atom A          q(A)              L(A)              K(A)          K_Scaled(A)      |Mu_Intra(A)|
--------------------------------------------------------------------------------------------------
C1       -1.0897673300E-02 -2.7554132012E-04  3.7671690677E+01 -3.8038184617E+01  1.1817496516E-01
O2       -1.1055269026E+00  7.3613281643E-05  7.5279561328E+01 -7.6011928326E+01  2.1694131059E-01
C3        4.3468436490E-01  5.1396378931E-06  3.7423267929E+01 -3.7787345056E+01  7.9697353228E-01
C4       -4.8791996500E-02 -7.5055959956E-05  3.7731695183E+01 -3.8098772885E+01  2.2922452759E-01
C5        1.6456523800E-02 -2.2929711065E-04  3.7712878845E+01 -3.8079773490E+01  1.4138022621E-01
C6        4.0938980290E-01 -1.3825327005E-04  3.7439971364E+01 -3.7804210993E+01  7.8959030653E-01
H7        8.3150451060E-02  2.1886472034E-05  5.8039178616E-01 -5.8603820310E-01  1.4505856612E-01
C8       -8.4091407500E-02 -1.0374822446E-04  3.7695478102E+01 -3.8062203461E+01  9.5675348074E-02
H9        8.7817548550E-02  2.7913788925E-05  5.7943594298E-01 -5.8507306087E-01  1.4320589135E-01
C10      -8.3934107000E-02 -2.6606215437E-05  3.7695355654E+01 -3.8062079822E+01  9.4788323078E-02
H11       5.9523725230E-02  1.9937970704E-05  5.8517110141E-01 -5.9086401455E-01  1.4744392305E-01
H12       3.6281991130E-02  1.8461687960E-05  5.9702850724E-01 -6.0283677669E-01  1.4811009832E-01
H13       4.7479342720E-02  3.3686806233E-05  5.9262375293E-01 -5.9838917015E-01  1.4415774036E-01
H14       3.6457163100E-02  1.8570491788E-05  5.9695514032E-01 -6.0276269601E-01  1.4797911500E-01
H15       4.7288106050E-02  1.6367755463E-05  5.9256065991E-01 -5.9832546332E-01  1.4395224232E-01
H16       2.1819782390E-02  2.2341087713E-05  6.0194007799E-01 -6.0779613029E-01  1.5336501327E-01
H17       1.7819577320E-02  2.4544676727E-05  6.0354473281E-01 -6.0941639620E-01  1.5282128226E-01
H18       3.4596527590E-02 -5.2659321539E-05  5.9675614010E-01 -6.0256175978E-01  1.4934932729E-01
--------------------------------------------------------------------------------------------------
Total    -4.7718016000E-04 -6.1869776513E-04  3.4457630692E+02 -3.4792856232E+02
 
1st Largest |L(A)| = 2.7554132012E-04, atom C1      
2nd Largest |L(A)| = 2.2929711065E-04, atom C5      
 
Molecular charge q(Mol) from the wfn file:   0.0000000000E+00
Molecular energy E(Mol) from the wfn file:  -3.4792869257E+02
Molecular virial ratio (-V(Mol)/T(Mol)) from the wfn file:   2.0097286300E+00
Note.  K_Scaled(A) = (1+V(Mol)/T(Mol))*K(A) = (E(Mol)/T(Mol))*K(A)
       Only use K_Scaled(A) data with caution.
 
N_AIMInt(SumA)     =         60.000477
N_Analytic(Mol)    =         59.999989
 
G_AIMInt(SumA)     =        344.576926
G_Analytic(Mol)    =        344.576408
 
K_AIMInt(SumA)     =        344.576307
K_Analytic(Mol)    =        344.576408
 
L_AIMInt(SumA)     =         -0.000619
L_Analytic(Mol)    =          0.000000
 
VenT_AIMInt(SumA)  =      -1484.107890
VenT_Analytic(Mol) =      -1484.101695
 
Some Information About the Atomic Calculations:
----------------------------------------------
  Time(sec) = "Elapsed User Time", in Seconds, for Atom A by AIMInt and, if used, by TWOe
  NProc = Number of Processors Used for AIMInt Job
  BIM = Basin Integration Method
  OAQ = Angular Quadrature Outside of Beta Sphere
  ORQ = Multiple of Default for Radial Quadrature Outside of Beta Sphere
  IAQ = Multiple of Default for Angular Quadrature Inside of Beta Sphere
  IRQ = Multiple of Default for Radial Quadrature Inside of Beta Sphere
  MIR = Maximum Integration Radius
------------------------------------------------------------------------------------------------------
Atom A     Time(sec)   NProc      BIM          OAQ                     ORQ      IAQ      IRQ      MIR
------------------------------------------------------------------------------------------------------
C1             53        8     Proaim(5)    4500(GS4)                  1.00     1.00     1.00    13.00
O2             13        8     Proaim(5)    4500(GS4)                  1.00     1.00     1.00    13.00
C3             18        8     Proaim(5)    4500(GS4)                  1.00     1.00     1.00    13.00
C4             25        8     Proaim(5)    4500(GS4)                  1.00     1.00     1.00    13.00
C5             66        8     Proaim(5)    4500(GS4)                  1.00     1.00     1.00    13.00
C6             22        8     Proaim(5)    4500(GS4)                  1.00     1.00     1.00    13.00
H7              5        8     Proaim(5)    1800(GS4)                  1.00     1.00     1.00    13.00
C8             19        8     Proaim(5)    4500(GS4)                  1.00     1.00     1.00    13.00
H9              5        8     Proaim(5)    1800(GS4)                  1.00     1.00     1.00    13.00
C10            26        8     Proaim(5)    4500(GS4)                  1.00     1.00     1.00    13.00
H11             5        8     Proaim(5)    1800(GS4)                  1.00     1.00     1.00    13.00
H12             4        8     Proaim(5)    1800(GS4)                  1.00     1.00     1.00    13.00
H13            29        8     Proaim(5)    4500(GS4)                  1.00     1.00     1.00    13.00
H14             4        8     Proaim(5)    1800(GS4)                  1.00     1.00     1.00    13.00
H15            10        8     Proaim(5)    4500(GS4)                  1.00     1.00     1.00    13.00
H16             5        8     Proaim(5)    1800(GS4)                  1.00     1.00     1.00    13.00
H17             5        8     Proaim(5)    1800(GS4)                  1.00     1.00     1.00    13.00
H18            37        8     Proaim(5)    4500(GS4)                  1.00     1.00     1.00    13.00
------------------------------------------------------------------------------------------------------
Total         351
Note:  Total wall clock time is less than total of atomic times if more than one atom
       was calculated at a time
 
Electron Density Critical Point Analysis of Molecular Structure:               
---------------------------------------------------------------                
  NACP = Nuclear Attractor Critical Point                                      
  NNACP = Non-Nuclear Attractor Critical Point                                 
  BCP = Bond Critical Point                                                    
  RCP = Ring Critical Point                                                    
  CCP = Cage Critical Point                                                    
  Rho = Electron Density                                                       
  GradRho = Gradient of Electron Density                                       
  HessRho_EigVals = Eigenvalues of the Hessian of Rho, Ascending Order         
  HessRho_EigVecs = Eigenvectors of the Hessian of Rho                         
  DelSqRho = Laplacian of Rho = Trace of Hessian of Rho                        
  Bond Ellipticity = (HessRho_EigVal(1) / HessRho_EigVal(2)) - 1               
  V = Virial Field = Potential Energy Density = Trace of Stress Tensor         
  G = Lagrangian Form of Kinetic Energy Density                                
  K = Hamiltonian Form of Kinetic Energy Density                               
  L = K - G = Lagrangian Density = (-1/4)DelSqRho                              
  Vnuc = Electrostatic Potential from Nuclei                                   
  Ven = Electron-nuclear attractive contribution to Virial Field V             
  Vrep = V - Ven = Repulsive contribution to Virial Field V                    
  DelSqV = Laplacian of V                                                      
  DelSqVen = Laplacian of Ven                                                  
  DelSqVrep = Laplacian of Vrep                                                
  DelSqG = Laplacian of G                                                      
  DelSqK = Laplacian of K                                                      
  Stress_EigVals = Eigenvalues of Stress Tensor, Ascending Order               
  Stress_EigVecs = Eigenvectors of Stress Tensor                               
  -DivStress = Ehrenfest Force Density = Minus Divergence of Stress Tensor     
  ESP = Total Electrostatic Potential                                          
  ESPe = Electrostatic Potential from Electrons                                
  ESPn = Electrostatic Potential from Nuclei                                   
  BP = Bond Path                                                               
  BPL = Bond Path Length                                                       
  GBL = Geometric Bond Length                                                  
  GBL_I = Distance Between Nuclear Attractors                                  
  GBL_II = Distance Between Nuclei                                             
  GBL_III = Sum of Distances Between BCP and Nuclear Attractors                
  GBL_IV = Sum of Distances Between BCP and Nuclei                             

CP# 1      Coords =  3.42512354087059E-02  3.91525990875565E+00 -7.27965416872236E-01
           Type = (3,-3) NACP C1
           Rho =  1.1749862667E+02     Rho at Nucleus =  1.1749862655E+02
           GradRho =  3.0918279048E-10 -3.7714842360E-10  8.1249285078E-11
           HessRho_EigVals = -1.4478476304E+05 -1.4478436043E+05 -1.4478431569E+05
           HessRho_EigVec1 = -4.5073283009E-01  8.8188644777E-01 -1.3826137974E-01
           HessRho_EigVec2 = -4.0448125062E-01 -6.3697104438E-02  9.1232537879E-01
           HessRho_EigVec3 =  7.9576053796E-01  4.6713913573E-01  3.8541690945E-01
           DelSqRho = -4.3435343916E+05
           Bond Ellipticity = NA
           V = -1.0859888605E+05
           G =  5.2631302211E+00
           K =  1.0859362292E+05
           L =  1.0858835979E+05
           Vnuc =  4.6597315212E+06
           Ven = -5.4751205441E+08
           Vrep =  5.4740345552E+08
           DelSqV =  2.4914994972E+09
           DelSqVen =  2.0239705702E+12
           DelSqVrep = -2.0214791363E+12
           DelSqG =  1.3382930325E+08
           DelSqK = -2.6253288004E+09
           Stress_EigVals = -3.6199677254E+04 -3.6199665059E+04 -3.6199543737E+04
           Stress_EigVec1 =  7.5189186554E-01  4.5847092424E-01  4.7377529923E-01
           Stress_EigVec2 = -4.7736432142E-01 -1.1706630054E-01  8.7087242804E-01
           Stress_EigVec3 = -4.5473280854E-01  8.8096531879E-01 -1.3083646253E-01
           -DivStress = -6.5986603768E+02  7.8392172138E+02 -1.8047812922E+02
           ESP =  -1.4738449758E+01     ESP at Nucleus =  -1.4738449763E+01
           ESPe = -2.5275429228E+01     ESPe at Nucleus = -2.5275427598E+01
           ESPn =  1.0536979471E+01     ESPn at Nucleus =  1.0536977834E+01

CP# 2      Coords =  3.61185702618498E+00 -1.66808151886166E+00  1.53931823894641E+00
           Type = (3,-3) NACP O2
           Rho =  2.8994111245E+02     Rho at Nucleus =  2.8994108267E+02
           GradRho =  1.5509704632E-11  4.8981263490E-11 -6.4357408291E-11
           HessRho_EigVals = -6.3927041983E+05 -6.3925443725E+05 -6.3925386149E+05
           HessRho_EigVec1 = -1.5345635263E-01  7.2440250143E-01  6.7208047417E-01
           HessRho_EigVec2 =  5.0183965726E-01 -5.2876647449E-01  6.8451659867E-01
           HessRho_EigVec3 =  8.5123915925E-01  4.4232005536E-01 -2.8239132847E-01
           DelSqRho = -1.9177787186E+06
           Bond Ellipticity = NA
           V = -4.7953824149E+05
           G =  4.6780923197E+01
           K =  4.7949146057E+05
           L =  4.7944467964E+05
           Vnuc =  8.2871002909E+05
           Ven = -2.4027710774E+08
           Vrep =  2.3979756949E+08
           DelSqV =  1.9776262125E+10
           DelSqVen =  1.5892824594E+12
           DelSqVrep = -1.5695061973E+12
           DelSqG =  1.0573707792E+09
           DelSqK = -2.0833632904E+10
           Stress_EigVals = -1.5984745917E+05 -1.5984715516E+05 -1.5984362716E+05
           Stress_EigVec1 =  8.5395249048E-01  4.3947044020E-01 -2.7862317957E-01
           Stress_EigVec2 =  4.9727841964E-01 -5.3156302973E-01  6.8567843686E-01
           Stress_EigVec3 = -1.5322962300E-01  7.2409010324E-01  6.7246873907E-01
           -DivStress =  3.0529021505E+04 -3.2763427830E+04  4.3064407890E+04
           ESP =  -2.2253593428E+01     ESP at Nucleus =  -2.2253594556E+01
           ESPe = -3.3343960707E+01     ESPe at Nucleus = -3.3343942388E+01
           ESPn =  1.1090367279E+01     ESPn at Nucleus =  1.1090347833E+01

CP# 3      Coords =  3.17280615248864E+00 -2.34492228908671E+00 -9.05112933284382E-01
           Type = (3,-3) NACP C3
           Rho =  1.1762207706E+02     Rho at Nucleus =  1.1762207393E+02
           GradRho = -1.9037625643E-11 -2.3238855285E-11  6.7739147624E-12
           HessRho_EigVals = -1.4491989880E+05 -1.4491853023E+05 -1.4491797910E+05
           HessRho_EigVec1 =  1.6031091419E-01  2.8107431252E-01  9.4620169184E-01
           HessRho_EigVec2 =  8.6167460554E-01  4.2773783371E-01 -2.7305167970E-01
           HessRho_EigVec3 = -4.8147407507E-01  8.5909113396E-01 -1.7362355421E-01
           DelSqRho = -4.3475640813E+05
           Bond Ellipticity = NA
           V = -1.0869932044E+05
           G =  5.1092026794E+00
           K =  1.0869421124E+05
           L =  1.0868910203E+05
           Vnuc =  9.1264444670E+05
           Ven = -1.0734713544E+08
           Vrep =  1.0723843612E+08
           DelSqV =  2.4937753213E+09
           DelSqVen =  3.9677802035E+11
           DelSqVrep = -3.9428424503E+11
           DelSqG =  1.3393558273E+08
           DelSqK = -2.6277109040E+09
           Stress_EigVals = -3.6233510145E+04 -3.6232977948E+04 -3.6232832346E+04
           Stress_EigVec1 = -4.8298685856E-01  8.6393603769E-01 -1.4261212162E-01
           Stress_EigVec2 =  8.5763731044E-01  4.3390217402E-01 -2.7602019333E-01
           Stress_EigVec3 =  1.7658408253E-01  2.5562360250E-01  9.5051282771E-01
           -DivStress = -1.3553592563E+03 -5.1425286814E+02 -5.1304915516E+03
           ESP =  -1.4695386915E+01     ESP at Nucleus =  -1.4695387112E+01
           ESPe = -2.6906307806E+01     ESPe at Nucleus = -2.6906302237E+01
           ESPn =  1.2210920892E+01     ESPn at Nucleus =  1.2210915125E+01

CP# 4      Coords =  1.84941437859956E+00 -5.10047375387178E-01 -2.12462217819002E+00
           Type = (3,-3) NACP C4
           Rho =  1.1764063112E+02     Rho at Nucleus =  1.1764063111E+02
           GradRho =  3.1524782784E-12  8.4561246894E-12  1.8960000236E-11
           HessRho_EigVals = -1.4495934232E+05 -1.4495899994E+05 -1.4495886734E+05
           HessRho_EigVec1 =  8.5368287294E-01  4.4592249069E-01 -2.6903286927E-01
           HessRho_EigVec2 = -1.9077279233E-01  7.4843390237E-01  6.3517905782E-01
           HessRho_EigVec3 =  4.8459394771E-01 -4.9091733121E-01  7.2399508269E-01
           DelSqRho = -4.3487720960E+05
           Bond Ellipticity = NA
           V = -1.0872972797E+05
           G =  5.2127860495E+00
           K =  1.0872451519E+05
           L =  1.0871930240E+05
           Vnuc =  1.9357853329E+07
           Ven = -2.2772700827E+09
           Vrep =  2.2771613529E+09
           DelSqV =  2.4944880331E+09
           DelSqVen =  8.4182952837E+12
           DelSqVrep = -8.4157966014E+12
           DelSqG =  1.3399008942E+08
           DelSqK = -2.6284781225E+09
           Stress_EigVals = -3.6243448228E+04 -3.6243312779E+04 -3.6242966965E+04
           Stress_EigVec1 =  4.1366675222E-01 -2.7348563024E-01  8.6838092342E-01
           Stress_EigVec2 = -3.0707018481E-01  8.5601467938E-01  4.1586869357E-01
           Stress_EigVec3 =  8.5708092950E-01  4.3868494246E-01 -2.7012552925E-01
           -DivStress =  1.8632057492E+02 -1.5803165277E+02  5.0995040849E+01
           ESP =  -1.4747051742E+01     ESP at Nucleus =  -1.4747051744E+01
           ESPe = -2.7211206977E+01     ESPe at Nucleus = -2.7211207106E+01
           ESPn =  1.2464155235E+01     ESPn at Nucleus =  1.2464155362E+01

CP# 5      Coords =  1.42022521019695E+00  1.47808116838096E+00 -3.10769434852578E-01
           Type = (3,-3) NACP C5
           Rho =  1.1761787346E+02     Rho at Nucleus =  1.1761787338E+02
           GradRho = -1.3068524041E-10  1.1085488083E-10 -1.6457865279E-10
           HessRho_EigVals = -1.4492271299E+05 -1.4492223603E+05 -1.4492209859E+05
           HessRho_EigVec1 =  8.5209217110E-01  4.4041546506E-01 -2.8279524410E-01
           HessRho_EigVec2 = -2.2208987772E-01  7.9350326337E-01  5.6659390857E-01
           HessRho_EigVec3 =  4.7393566880E-01 -4.1998427251E-01  7.7394973524E-01
           DelSqRho = -4.3476704761E+05
           Bond Ellipticity = NA
           V = -1.0870212029E+05
           G =  5.1791956711E+00
           K =  1.0869694110E+05
           L =  1.0869176190E+05
           Vnuc =  5.8025918867E+06
           Ven = -6.8248851826E+08
           Vrep =  6.8237981614E+08
           DelSqV =  2.4938479520E+09
           DelSqVen =  2.5227757486E+12
           DelSqVrep = -2.5202819007E+12
           DelSqG =  1.3394743201E+08
           DelSqK = -2.6277953840E+09
           Stress_EigVals = -3.6234227298E+04 -3.6234127513E+04 -3.6233765483E+04
           Stress_EigVec1 = -5.1014537533E-01  6.1312910404E-01 -6.0317857871E-01
           Stress_EigVec2 = -9.4239126812E-02  6.5722953833E-01  7.4777558193E-01
           Stress_EigVec3 =  8.5490975138E-01  4.3831727748E-01 -2.7750185812E-01
           -DivStress =  4.7824091087E+02 -3.9449702357E+02  5.6551957162E+02
           ESP =  -1.4737669909E+01     ESP at Nucleus =  -1.4737669916E+01
           ESPe = -2.8147589937E+01     ESPe at Nucleus = -2.8147590674E+01
           ESPn =  1.3409920028E+01     ESPn at Nucleus =  1.3409920758E+01

CP# 6      Coords =  2.53327971657235E+00  6.56366349209402E-01  1.86246260922357E+00
           Type = (3,-3) NACP C6
           Rho =  1.1762382477E+02     Rho at Nucleus =  1.1762382141E+02
           GradRho = -2.6120883234E-11 -3.0984104171E-12  8.3159590325E-12
           HessRho_EigVals = -1.4492497868E+05 -1.4492337689E+05 -1.4492307438E+05
           HessRho_EigVec1 = -4.1107956135E-01  8.9894530265E-01  1.5136359237E-01
           HessRho_EigVec2 =  8.5582549090E-01  4.3775878374E-01 -2.7555394459E-01
           HessRho_EigVec3 =  3.1396866621E-01 -1.6266226072E-02  9.4929399373E-01
           DelSqRho = -4.3477142994E+05
           Bond Ellipticity = NA
           V = -1.0870310257E+05
           G =  5.1225433134E+00
           K =  1.0869798003E+05
           L =  1.0869285749E+05
           Vnuc =  8.8077868120E+05
           Ven = -1.0360055726E+08
           Vrep =  1.0349185415E+08
           DelSqV =  2.4938644908E+09
           DelSqVen =  3.8293740646E+11
           DelSqVrep = -3.8044354197E+11
           DelSqG =  1.3394309311E+08
           DelSqK = -2.6278075839E+09
           Stress_EigVals = -3.6234746510E+04 -3.6234280045E+04 -3.6234076017E+04
           Stress_EigVec1 =  3.0384554621E-01  9.4173791909E-03  9.5267475930E-01
           Stress_EigVec2 =  8.5344428843E-01  4.4175251529E-01 -2.7656384758E-01
           Stress_EigVec3 = -4.2345097780E-01  8.9708752539E-01  1.2618732582E-01
           -DivStress = -2.5605826833E+03  4.8836032041E+03 -3.5447131095E+02
           ESP =  -1.4701061980E+01     ESP at Nucleus =  -1.4701062192E+01
           ESPe = -2.7454536407E+01     ESPe at Nucleus = -2.7454532779E+01
           ESPn =  1.2753474428E+01     ESPn at Nucleus =  1.2753470586E+01

CP# 7      Coords =  2.72614519727208E+00  1.45626088123944E+00  3.68999519718458E+00
           Type = (3,-3) NACP H7
           Rho =  4.2554114795E-01     Rho at Nucleus =  4.2151283713E-01
           GradRho = -4.1232739185E-10 -1.7639059293E-09 -3.9891342816E-09
           HessRho_EigVals = -6.4850910707E+00 -6.4734959111E+00 -5.8431188559E+00
           HessRho_EigVec1 =  5.0850638238E-01 -8.0514665603E-01  3.0522143005E-01
           HessRho_EigVec2 =  8.5598984971E-01  4.3428453417E-01 -2.8049656071E-01
           HessRho_EigVec3 =  9.3287921316E-02  4.0390073740E-01  9.1003382248E-01
           DelSqRho = -1.8801705838E+01
           Bond Ellipticity = NA
           V = -4.7089762406E+00
           G =  4.2748906106E-03
           K =  4.7047013500E+00
           L =  4.7004264594E+00
           Vnuc =  3.9253070351E+01
           Ven = -1.6703796618E+01
           Vrep =  1.1994820377E+01
           DelSqV =  7.0656217550E+02
           DelSqVen =  7.3802468849E+02
           DelSqVrep = -3.1462512987E+01
           DelSqG =  6.9573954597E+01
           DelSqK = -7.7613613010E+02
           Stress_EigVals = -1.6235138470E+00 -1.6233867882E+00 -1.4620756054E+00
           Stress_EigVec1 =  5.4471303675E-01 -7.8534059693E-01  2.9415617350E-01
           Stress_EigVec2 =  8.3349286285E-01  4.6824788120E-01 -2.9331479561E-01
           Stress_EigVec3 =  9.2614011691E-02  4.0494946422E-01  9.0963650777E-01
           -DivStress =  7.7714370270E-01  3.3215975282E+00  7.5153774136E+00
           ESP =  -1.0835965727E+00     ESP at Nucleus =  -1.0863279037E+00
           ESPe = -1.3013014593E+01     ESPe at Nucleus = -1.2914787620E+01
           ESPn =  1.1929418020E+01     ESPn at Nucleus =  1.1828459716E+01

CP# 8      Coords = -5.61960516886538E+00 -1.57578742712425E+00 -7.98637874745994E-01
           Type = (3,-3) NACP C8
           Rho =  1.1768116497E+02     Rho at Nucleus =  1.1768116490E+02
           GradRho = -3.4586229714E-11 -8.4519058419E-11 -1.8540768920E-10
           HessRho_EigVals = -1.4500931825E+05 -1.4500824813E+05 -1.4500805289E+05
           HessRho_EigVec1 =  1.0917345962E-01  8.9118664598E-01 -4.4030389249E-01
           HessRho_EigVec2 =  9.8808289343E-01 -4.8942599285E-02  1.4593429234E-01
           HessRho_EigVec3 = -1.0850507555E-01  4.5098889566E-01  8.8590951263E-01
           DelSqRho = -4.3502561927E+05
           Bond Ellipticity = NA
           V = -1.0876659043E+05
           G =  5.0928057757E+00
           K =  1.0876149762E+05
           L =  1.0875640482E+05
           Vnuc =  6.1200492346E+06
           Ven = -7.2021452358E+08
           Vrep =  7.2010575699E+08
           DelSqV =  2.4953320072E+09
           DelSqVen =  2.6623783731E+12
           DelSqVrep = -2.6598830411E+12
           DelSqG =  1.3403547390E+08
           DelSqK = -2.6293674811E+09
           Stress_EigVals = -3.6255793469E+04 -3.6255678036E+04 -3.6255118924E+04
           Stress_EigVec1 = -4.9199158097E-02  4.4824109082E-01  8.9255776695E-01
           Stress_EigVec2 =  9.9289461349E-01 -7.4993800412E-02  9.2391646813E-02
           Stress_EigVec3 =  1.0835003158E-01  8.9076139027E-01 -4.4136653277E-01
           -DivStress =  1.3728123089E+02  3.1507831674E+02  7.1797082147E+02
           ESP =  -1.4747869781E+01     ESP at Nucleus =  -1.4747869796E+01
           ESPe = -2.3834892564E+01     ESPe at Nucleus = -2.3834893549E+01
           ESPn =  9.0870227825E+00     ESPn at Nucleus =  9.0870237528E+00

CP# 9      Coords =  3.90519040365219E+00 -4.12544566196628E+00 -1.45908762433522E+00
           Type = (3,-3) NACP H9
           Rho =  4.2602422044E-01     Rho at Nucleus =  4.2195345633E-01
           GradRho = -7.6456935401E-10  1.8652626449E-09  5.8893979971E-10
           HessRho_EigVals = -6.4926756268E+00 -6.4813351282E+00 -5.8454638177E+00
           HessRho_EigVec1 =  3.6664508242E-01 -1.4196208000E-01  9.1946623178E-01
           HessRho_EigVec2 =  8.5644341001E-01  4.3755205152E-01 -2.7395782096E-01
           HessRho_EigVec3 = -3.6342271392E-01  8.8791608278E-01  2.8200879588E-01
           DelSqRho = -1.8819474573E+01
           Bond Ellipticity = NA
           V = -4.7131418430E+00
           G =  4.1365999332E-03
           K =  4.7090052431E+00
           L =  4.7048686432E+00
           Vnuc =  3.8497573371E+01
           Ven = -1.6400898684E+01
           Vrep =  1.1687756841E+01
           DelSqV =  7.0703410686E+02
           DelSqVen =  7.2450410625E+02
           DelSqVrep = -1.7469999388E+01
           DelSqG =  6.9623339186E+01
           DelSqK = -7.7665744605E+02
           Stress_EigVals = -1.6254097643E+00 -1.6250927675E+00 -1.4626393112E+00
           Stress_EigVec1 =  3.7390180830E-01 -1.3938697205E-01  9.1693440865E-01
           Stress_EigVec2 =  8.5347177345E-01  4.3867343176E-01 -2.8133885654E-01
           Stress_EigVec3 = -3.6301979241E-01  8.8777074309E-01  2.8298363562E-01
           -DivStress =  3.0226837060E+00 -7.3730217134E+00 -2.3260832643E+00
           ESP =  -1.0812201987E+00     ESP at Nucleus =  -1.0839787177E+00
           ESPe = -1.2388491946E+01     ESPe at Nucleus = -1.2290286025E+01
           ESPn =  1.1307271747E+01     ESPn at Nucleus =  1.1206307308E+01

CP# 10     Coords = -5.61375827473053E+00 -4.58233472290266E-01  1.45617721459910E+00
           Type = (3,-3) NACP C10
           Rho =  1.1768125520E+02     Rho at Nucleus =  1.1768125513E+02
           GradRho = -1.8451427886E-11  1.0642695059E-10  1.7063894742E-10
           HessRho_EigVals = -1.4500947318E+05 -1.4500841034E+05 -1.4500821414E+05
           HessRho_EigVec1 =  1.0562460363E-01  8.8980589075E-01 -4.4394697869E-01
           HessRho_EigVec2 =  9.8836155564E-01 -1.4308923791E-01 -5.1642088667E-02
           HessRho_EigVec3 =  1.0947546956E-01  4.3332545134E-01  8.9456367844E-01
           DelSqRho = -4.3502609765E+05
           Bond Ellipticity = NA
           V = -1.0876671264E+05
           G =  5.0941141028E+00
           K =  1.0876161853E+05
           L =  1.0875652441E+05
           Vnuc =  6.1289773557E+06
           Ven = -7.2126574833E+08
           Vrep =  7.2115698162E+08
           DelSqV =  2.4953348249E+09
           DelSqVen =  2.6662654444E+12
           DelSqVrep = -2.6637701095E+12
           DelSqG =  1.3403566518E+08
           DelSqK = -2.6293704900E+09
           Stress_EigVals = -3.6255833910E+04 -3.6255717982E+04 -3.6255160749E+04
           Stress_EigVec1 =  5.2579894103E-02  4.3944097456E-01  8.9673127781E-01
           Stress_EigVec2 =  9.9295820306E-01 -1.1846509421E-01 -1.6863548672E-04
           Stress_EigVec3 =  1.0615724996E-01  8.9042554508E-01 -4.4257540256E-01
           -DivStress =  1.2573634128E+02 -3.9552200793E+02 -6.7789918260E+02
           ESP =  -1.4747894234E+01     ESP at Nucleus =  -1.4747894249E+01
           ESPe = -2.3885924263E+01     ESPe at Nucleus = -2.3885925204E+01
           ESPn =  9.1380300290E+00     ESPn at Nucleus =  9.1380309552E+00

CP# 11     Coords =  1.26186078977119E+00 -5.34469705654287E-01 -4.04601780888811E+00
           Type = (3,-3) NACP H11
           Rho =  4.2335132511E-01     Rho at Nucleus =  4.1959442151E-01
           GradRho =  1.5827482404E-09  6.2597971077E-11  5.1726228656E-09
           HessRho_EigVals = -6.4545389562E+00 -6.4490131013E+00 -5.8496613227E+00
           HessRho_EigVec1 = -4.2076749429E-01  8.9965103143E-01  1.1654500161E-01
           HessRho_EigVec2 =  8.5888022091E-01  4.3642511588E-01 -2.6806320961E-01
           HessRho_EigVec3 =  2.9202650885E-01  1.2694088288E-02  9.5632597907E-01
           DelSqRho = -1.8753213380E+01
           Bond Ellipticity = NA
           V = -4.6974541375E+00
           G =  4.5753962428E-03
           K =  4.6928787413E+00
           L =  4.6883033451E+00
           Vnuc =  4.0213967269E+01
           Ven = -1.7024636331E+01
           Vrep =  1.2327182194E+01
           DelSqV =  7.0598921125E+02
           DelSqVen =  7.5414111769E+02
           DelSqVrep = -4.8151906432E+01
           DelSqG =  6.9568942769E+01
           DelSqK = -7.7555815402E+02
           Stress_EigVals = -1.6167966423E+00 -1.6167874130E+00 -1.4638700823E+00
           Stress_EigVec1 =  9.1166207194E-01  2.9847630027E-01 -2.8246090839E-01
           Stress_EigVec2 = -2.8871167654E-01  9.5434534469E-01  7.6619389787E-02
           Stress_EigVec3 =  2.9243432497E-01  1.1698770774E-02  9.5621404735E-01
           -DivStress = -2.3288399602E+00 -8.8895875400E-02 -7.6063892372E+00
           ESP =  -1.0937922742E+00     ESP at Nucleus =  -1.0963857115E+00
           ESPe = -1.3026964065E+01     ESPe at Nucleus = -1.2936738306E+01
           ESPn =  1.1933171791E+01     ESPn at Nucleus =  1.1840352594E+01

CP# 12     Coords = -7.32695216567728E+00 -1.88579873366973E+00 -1.83398476314533E+00
           Type = (3,-3) NACP H12
           Rho =  4.2590891754E-01     Rho at Nucleus =  4.2224631511E-01
           GradRho =  1.0862838407E-14  1.2078554303E-15  5.2865697930E-15
           HessRho_EigVals = -6.4855244483E+00 -6.4792136042E+00 -5.8879223831E+00
           HessRho_EigVec1 = -5.2246905049E-01  4.3129683633E-01  7.3553322852E-01
           HessRho_EigVec2 =  1.0797138061E-01  8.8915670146E-01 -4.4468251733E-01
           HessRho_EigVec3 =  8.4579446218E-01  1.5291631443E-01  5.1112457242E-01
           DelSqRho = -1.8852660436E+01
           Bond Ellipticity = NA
           V = -4.7222209908E+00
           G =  4.5279409648E-03
           K =  4.7176930499E+00
           L =  4.7131651089E+00
           Vnuc =  3.8212685392E+01
           Ven = -1.6275123472E+01
           Vrep =  1.1552902481E+01
           DelSqV =  7.0998509286E+02
           DelSqVen =  7.2041078204E+02
           DelSqVrep = -1.0425689173E+01
           DelSqG =  6.9875482172E+01
           DelSqK = -7.7986057503E+02
           Stress_EigVals = -1.6246863219E+00 -1.6239451922E+00 -1.4735894767E+00
           Stress_EigVec1 = -5.2448406887E-01  4.2783000722E-01  7.3612359454E-01
           Stress_EigVec2 =  1.0615974971E-01  8.9069679477E-01 -4.4202864990E-01
           Stress_EigVec3 =  8.4477604668E-01  1.5369028831E-01  5.1257460553E-01
           -DivStress = -6.6535606015E+00 -1.2057494763E+00 -4.0270517522E+00
           ESP =  -1.1125675948E+00     ESP at Nucleus =  -1.1150047040E+00
           ESPe = -1.0601532851E+01     ESPe at Nucleus = -1.0525216047E+01
           ESPn =  9.4889652564E+00     ESPn at Nucleus =  9.4102113430E+00

CP# 13     Coords = -3.89832062042791E+00 -1.59166076915179E-01  2.47908042333726E+00
           Type = (3,-3) NACP H13
           Rho =  4.2468358636E-01     Rho at Nucleus =  4.2095081263E-01
           GradRho = -1.4398204851E-14 -2.5895084688E-15 -9.9833336042E-15
           HessRho_EigVals = -6.4639376909E+00 -6.4573851308E+00 -5.8605217101E+00
           HessRho_EigVec1 = -5.1365209532E-01  4.2498241154E-01  7.4535325508E-01
           HessRho_EigVec2 =  1.0488228379E-01  8.9329725900E-01 -4.3705802088E-01
           HessRho_EigVec3 =  8.5156399144E-01  1.4632141657E-01  5.0341713472E-01
           DelSqRho = -1.8781844532E+01
           Bond Ellipticity = NA
           V = -4.7045102003E+00
           G =  4.5245336913E-03
           K =  4.6999856666E+00
           L =  4.6954611329E+00
           Vnuc =  3.9763026235E+01
           Ven = -1.6886704586E+01
           Vrep =  1.2182194386E+01
           DelSqV =  7.0694106623E+02
           DelSqVen =  7.4682297686E+02
           DelSqVrep = -3.9881910626E+01
           DelSqG =  6.9557319823E+01
           DelSqK = -7.7649838605E+02
           Stress_EigVals = -1.6192309084E+00 -1.6185127949E+00 -1.4667664970E+00
           Stress_EigVec1 = -5.1465855081E-01  4.2850534367E-01  7.4263702205E-01
           Stress_EigVec2 =  1.0707800192E-01  8.9149643615E-01 -4.4019132867E-01
           Stress_EigVec3 =  8.5068259509E-01  1.4702814282E-01  5.0469975989E-01
           -DivStress =  6.7581739976E+00  1.1575431963E+00  3.9878689911E+00
           ESP =  -1.1144295883E+00     ESP at Nucleus =  -1.1169018719E+00
           ESPe = -1.2482431408E+01     ESPe at Nucleus = -1.2435202225E+01
           ESPn =  1.1368001820E+01     ESPn at Nucleus =  1.1318300353E+01

CP# 14     Coords = -7.31625802477459E+00  1.80886988817358E-01  2.33735301703399E+00
           Type = (3,-3) NACP H14
           Rho =  4.2590525181E-01     Rho at Nucleus =  4.2224242309E-01
           GradRho =  8.5036144792E-15 -3.6164647665E-15 -6.3274038786E-15
           HessRho_EigVals = -6.4856174976E+00 -6.4793275373E+00 -5.8879957797E+00
           HessRho_EigVec1 =  5.2643445144E-01  3.2298378482E-01  7.8647838056E-01
           HessRho_EigVec2 =  1.0774668884E-01  8.9223202431E-01 -4.3853468031E-01
           HessRho_EigVec3 =  8.4336078839E-01 -3.1560020521E-01 -4.3490124291E-01
           DelSqRho = -1.8852940815E+01
           Bond Ellipticity = NA
           V = -4.7222675344E+00
           G =  4.5161653919E-03
           K =  4.7177513690E+00
           L =  4.7132352037E+00
           Vnuc =  3.8270488828E+01
           Ven = -1.6299602182E+01
           Vrep =  1.1577334647E+01
           DelSqV =  7.0999521806E+02
           DelSqVen =  7.2151126083E+02
           DelSqVrep = -1.1516042768E+01
           DelSqG =  6.9877746508E+01
           DelSqK = -7.7987296457E+02
           Stress_EigVals = -1.6247056257E+00 -1.6239559732E+00 -1.4736059355E+00
           Stress_EigVec1 =  5.2859391022E-01  3.2691739594E-01  7.8339868158E-01
           Stress_EigVec2 =  1.0512039677E-01  8.9055441784E-01 -4.4256358984E-01
           Stress_EigVec3 =  8.4234089314E-01 -3.1628759871E-01 -4.3637595562E-01
           -DivStress = -6.6346518972E+00  2.4860990658E+00  3.4273522248E+00
           ESP =  -1.1125711379E+00     ESP at Nucleus =  -1.1150070235E+00
           ESPe = -1.0660031826E+01     ESPe at Nucleus = -1.0583691621E+01
           ESPn =  9.5474606886E+00     ESPn at Nucleus =  9.4686845974E+00

CP# 15     Coords = -3.90912451370080E+00 -2.21408764620051E+00 -1.66190715356787E+00
           Type = (3,-3) NACP H15
           Rho =  4.2466524441E-01     Rho at Nucleus =  4.2093044454E-01
           GradRho = -1.3811868316E-14  6.6982010216E-15  6.9918029699E-15
           HessRho_EigVals = -6.4637437440E+00 -6.4571859205E+00 -5.8601792528E+00
           HessRho_EigVec1 =  5.1713345201E-01  3.3287192202E-01  7.8852347862E-01
           HessRho_EigVec2 =  1.0700799185E-01  8.8890165307E-01 -4.4542467471E-01
           HessRho_EigVec3 =  8.4918919122E-01 -3.1472231362E-01 -4.2406082444E-01
           DelSqRho = -1.8781108917E+01
           Bond Ellipticity = NA
           V = -4.7043478672E+00
           G =  4.5353189229E-03
           K =  4.6998125482E+00
           L =  4.6952772293E+00
           Vnuc =  3.9638605644E+01
           Ven = -1.6833138154E+01
           Vrep =  1.2128790287E+01
           DelSqV =  7.0690712062E+02
           DelSqVen =  7.4445696993E+02
           DelSqVrep = -3.7549849305E+01
           DelSqG =  6.9555745737E+01
           DelSqK = -7.7646286636E+02
           Stress_EigVals = -1.6191833850E+00 -1.6184684483E+00 -1.4666960338E+00
           Stress_EigVec1 =  5.1842437866E-01  3.3091495583E-01  7.8849949627E-01
           Stress_EigVec2 =  1.0786107008E-01  8.8941866667E-01 -4.4418512463E-01
           Stress_EigVec3 =  8.4829367154E-01 -3.1532479667E-01 -4.2540347839E-01
           -DivStress =  6.7413729685E+00 -2.4947635109E+00 -3.3584106274E+00
           ESP =  -1.1144019186E+00     ESP at Nucleus =  -1.1168749533E+00
           ESPe = -1.2366294035E+01     ESPe at Nucleus = -1.2317972335E+01
           ESPn =  1.1251892116E+01     ESPn at Nucleus =  1.1201097382E+01

CP# 16     Coords =  8.26923771285210E-01  4.96586332113018E+00 -2.28540904807603E+00
           Type = (3,-3) NACP H16
           Rho =  4.2266186666E-01     Rho at Nucleus =  4.1924556974E-01
           GradRho = -4.1286418728E-16  1.9212062496E-16 -7.5243630770E-16
           HessRho_EigVals = -6.4247244781E+00 -6.4228436733E+00 -5.8593396424E+00
           HessRho_EigVec1 =  6.9032630983E-01 -7.1062188163E-01 -1.3589012951E-01
           HessRho_EigVec2 =  6.1250103551E-01  4.7404674876E-01  6.3255210180E-01
           HessRho_EigVec3 = -3.8508709073E-01 -5.1990020325E-01  7.6250358112E-01
           DelSqRho = -1.8706907794E+01
           Bond Ellipticity = NA
           V = -4.6865281230E+00
           G =  4.9005873006E-03
           K =  4.6816275357E+00
           L =  4.6767269484E+00
           Vnuc =  4.0596953413E+01
           Ven = -1.7158784110E+01
           Vrep =  1.2472255987E+01
           DelSqV =  7.0528813913E+02
           DelSqVen =  7.5944346420E+02
           DelSqVrep = -5.4155325071E+01
           DelSqG =  6.9343198830E+01
           DelSqK = -7.7463133796E+02
           Stress_EigVals = -1.6099434785E+00 -1.6097477421E+00 -1.4668369024E+00
