AIMSum (Version 19.02.13, Professional)
Copyright (c) 1997-2019 by Todd A. Keith
AIMSum is a component of the AIMAll package ( http://aim.tkgristmill.com )

TP:  64-bit Linux

Much of the Quantum Theory of Atoms in Molecules (QTAIM) is described in the book:
  "Atoms in Molecules - A Quantum Theory"
  R.F.W. Bader, Oxford University Press, Oxford, 1990

For additional references see:  http://aim.tkgristmill.com/references.html

Wfn File:  /home/mhennefarth/Documents/ML_Diels/summary-pieniazek2006/r_6b-opt/r_6b-opt.wfn
Sum File:  /home/mhennefarth/Documents/ML_Diels/summary-pieniazek2006/r_6b-opt/r_6b-opt.sum

SumViz File:  /home/mhennefarth/Documents/ML_Diels/summary-pieniazek2006/r_6b-opt/r_6b-opt.sumviz

Wfn Title:   Title Card Required                                                           
 
Total memory allocated for AIMSum =        0.878 Megabytes

Atomic units (a.u.) used throughout, except where stated otherwise

Model:  Restricted SCF
 
Restricted, closed-shell, single-determinant wavefunction.
  Number of electrons (from MO Occs)                   =          86.0000000000
  Number of Alpha electrons (from MO Occs)             =          43.0000000000
  Number of Beta electrons (from MO Occs)              =          43.0000000000
  Number of electron pairs (N*(N-1)/2)                 =        3655.0000000000
  Number of electron pairs (from Muller 2EDM)          =        3655.0000000000
 
Nuclear Charges and Cartesian Coordinates:
-------------------------------------------------------------------------------
Atom      Charge                X                  Y                  Z
-------------------------------------------------------------------------------
H1         1.0           2.5651703000E-01  -2.3828880500E+00   3.9173861100E+00
C2         6.0           1.2753421100E+00  -1.7826062200E+00   2.2100044400E+00
C3         6.0           3.0982182400E+00  -3.7572898900E+00   1.2642482800E+00
C4         6.0           4.9393335500E+00   3.9731762800E+00  -7.9123063000E-01
C5         6.0           2.9416017200E+00   5.2558348700E+00   4.6563520000E-02
C6         6.0          -4.6875933000E-01  -1.4703358900E+00  -1.2501390000E-02
H7         1.0           2.2286602100E+00   2.6964700000E-03   2.6793680400E+00
C8         6.0           2.4694353400E+00  -4.4183255800E+00  -1.1174723600E+00
H9         1.0           6.8522371700E+00   4.7062773000E+00  -6.2136595000E-01
H10        1.0           4.7425285100E+00   2.1351883000E+00  -1.6897515900E+00
H11        1.0           1.0324662400E+00   4.5161358200E+00  -1.2509988000E-01
H12        1.0           3.1367296100E+00   7.0961136300E+00   9.4181239000E-01
C13        6.0           2.3250695000E-01  -2.9880106000E+00  -1.9315523900E+00
H14        1.0           3.4336439000E+00  -5.7916968600E+00  -2.2955194300E+00
H15        1.0           4.6572710900E+00  -4.4844882600E+00   2.3750792900E+00
Br16      35.0          -3.2167942400E+00   8.1339201000E-01   1.6232720000E-02
H17        1.0          -6.7832674000E-01  -3.1407164200E+00  -3.7584110000E+00
 
Some Atomic Properties:
----------------------
  q(A) = Net Charge of Atom A
  L(A) = Lagrangian of Atom A = -(1/4) Times Atomic Integral of the Laplacian of the Electron Density
  K(A) = Electronic Kinetic Energy of Atom A (Hamiltonian Form)
  K_Scaled(A) = K(A) * E(Mol)/K(Mol) = Approximation to Virial-Based Total Energy of Atom A.
  |Mu_Intra(A)| = Magnitude of Intraatomic Dipole Moment of Atom A
--------------------------------------------------------------------------------------------------
Atom A          q(A)              L(A)              K(A)          K_Scaled(A)      |Mu_Intra(A)|
--------------------------------------------------------------------------------------------------
H1        5.8024703730E-02  2.6050943524E-05  5.8517100201E-01 -5.8899528176E-01  1.4786226336E-01
C2        4.1544518000E-03 -4.3251783120E-04  3.7708502390E+01 -3.7954939519E+01  1.8857080964E-01
C3       -6.4585353500E-02  5.6857058539E-05  3.7726716694E+01 -3.7973272860E+01  1.7973335197E-01
C4       -8.8369656100E-02 -5.3688485565E-05  3.7696296427E+01 -3.7942653787E+01  8.8396184637E-02
C5       -8.7474209700E-02 -2.0887710629E-04  3.7698983921E+01 -3.7945358845E+01  1.0288765709E-01
C6       -1.0969704780E-01 -1.4703575080E-04  3.7723864363E+01 -3.7970401888E+01  6.4385631185E-02
H7        7.1473044690E-02  1.8790136420E-05  5.7950521112E-01 -5.8329246311E-01  1.4351518646E-01
C8       -4.5090409000E-02 -1.0231148575E-04  3.7720136099E+01 -3.7966649259E+01  1.6629151349E-01
H9        3.6523762430E-02  2.7216254044E-05  5.9699059094E-01 -6.0089211549E-01  1.4790178869E-01
H10       4.5657549270E-02  2.2388300493E-05  5.9353369208E-01 -5.9741262468E-01  1.4286476228E-01
H11       5.5269918230E-02  3.3085187654E-05  5.9057951652E-01 -5.9443914264E-01  1.3725930255E-01
H12       3.6625434480E-02  2.2491499266E-05  5.9692184806E-01 -6.0082292335E-01  1.4773681438E-01
C13      -1.5537054100E-02  6.3868276318E-05  3.7718579823E+01 -3.7965082812E+01  2.0893368703E-01
H14       5.3097387490E-02  2.5108929918E-05  5.8999969407E-01 -5.9385553087E-01  1.4789663072E-01
H15       5.6950700480E-02  2.4167367355E-05  5.8787300809E-01 -5.9171494631E-01  1.4823190143E-01
Br16     -7.5383213000E-02 -9.9717853332E-06  2.5560353271E+03 -2.5727398359E+03  3.4420538549E-01
H17       6.7720316120E-02  2.2562186349E-05  5.8413134092E-01 -5.8794882616E-01  1.4613554495E-01
--------------------------------------------------------------------------------------------------
Total    -6.3967448000E-04 -6.1181630506E-04  2.8253331127E+03 -2.8437975687E+03
 
1st Largest |L(A)| = 4.3251783120E-04, atom C2      
2nd Largest |L(A)| = 2.0887710629E-04, atom C5      
 
Molecular charge q(Mol) from the wfn file:   0.0000000000E+00
Molecular energy E(Mol) from the wfn file:  -2.8437977007E+03
Molecular virial ratio (-V(Mol)/T(Mol)) from the wfn file:   2.0065353200E+00
Note.  K_Scaled(A) = (1+V(Mol)/T(Mol))*K(A) = (E(Mol)/T(Mol))*K(A)
       Only use K_Scaled(A) data with caution.
 
N_AIMInt(SumA)     =         86.000640
N_Analytic(Mol)    =         85.999991
 
G_AIMInt(SumA)     =       2825.333725
G_Analytic(Mol)    =       2825.333250
 
K_AIMInt(SumA)     =       2825.333113
K_Analytic(Mol)    =       2825.333250
 
L_AIMInt(SumA)     =         -0.000612
L_Analytic(Mol)    =          0.000000
 
VenT_AIMInt(SumA)  =      -7822.589897
VenT_Analytic(Mol) =      -7822.578443
 
Some Information About the Atomic Calculations:
----------------------------------------------
  Time(sec) = "Elapsed User Time", in Seconds, for Atom A by AIMInt and, if used, by TWOe
  NProc = Number of Processors Used for AIMInt Job
  BIM = Basin Integration Method
  OAQ = Angular Quadrature Outside of Beta Sphere
  ORQ = Multiple of Default for Radial Quadrature Outside of Beta Sphere
  IAQ = Multiple of Default for Angular Quadrature Inside of Beta Sphere
  IRQ = Multiple of Default for Radial Quadrature Inside of Beta Sphere
  MIR = Maximum Integration Radius
------------------------------------------------------------------------------------------------------
Atom A     Time(sec)   NProc      BIM          OAQ                     ORQ      IAQ      IRQ      MIR
------------------------------------------------------------------------------------------------------
H1              7        8     Proaim(5)    1800(GS4)                  1.00     1.00     1.00    13.00
C2             38        8     Proaim(5)    4500(GS4)                  1.00     1.00     1.00    13.00
C3             24        8     Proaim(5)    4500(GS4)                  1.00     1.00     1.00    13.00
C4             47        8     Proaim(5)    5400(GS5)                  1.00     1.00     1.00    13.00
C5             25        8     Proaim(5)    4500(GS4)                  1.00     1.00     1.00    13.00
C6             32        8     Proaim(5)    4500(GS4)                  1.00     1.00     1.00    13.00
H7             28        8     Proaim(5)    4500(GS4)                  1.00     1.00     1.00    13.00
C8             20        8     Proaim(5)    4500(GS4)                  1.00     1.00     1.00    13.00
H9              5        8     Proaim(5)    1800(GS4)                  1.00     1.00     1.00    13.00
H10            14        8     Proaim(5)    1800(GS4)                  1.00     1.00     1.00    13.00
H11            13        8     Proaim(5)    4500(GS4)                  1.00     1.00     1.00    13.00
H12             5        8     Proaim(5)    1800(GS4)                  1.00     1.00     1.00    13.00
C13            23        8     Proaim(5)    4500(GS4)                  1.00     1.00     1.00    13.00
H14             5        8     Proaim(5)    1800(GS4)                  1.00     1.00     1.00    13.00
H15             7        8     Proaim(5)    1800(GS4)                  1.00     1.00     1.00    13.00
Br16           20        8     Proaim(5)    4500(GS4)                  1.00     1.00     1.00    13.00
H17             6        8     Proaim(5)    1800(GS4)                  1.00     1.00     1.00    13.00
------------------------------------------------------------------------------------------------------
Total         319
Note:  Total wall clock time is less than total of atomic times if more than one atom
       was calculated at a time
 
Electron Density Critical Point Analysis of Molecular Structure:               
---------------------------------------------------------------                
  NACP = Nuclear Attractor Critical Point                                      
  NNACP = Non-Nuclear Attractor Critical Point                                 
  BCP = Bond Critical Point                                                    
  RCP = Ring Critical Point                                                    
  CCP = Cage Critical Point                                                    
  Rho = Electron Density                                                       
  GradRho = Gradient of Electron Density                                       
  HessRho_EigVals = Eigenvalues of the Hessian of Rho, Ascending Order         
  HessRho_EigVecs = Eigenvectors of the Hessian of Rho                         
  DelSqRho = Laplacian of Rho = Trace of Hessian of Rho                        
  Bond Ellipticity = (HessRho_EigVal(1) / HessRho_EigVal(2)) - 1               
  V = Virial Field = Potential Energy Density = Trace of Stress Tensor         
  G = Lagrangian Form of Kinetic Energy Density                                
  K = Hamiltonian Form of Kinetic Energy Density                               
  L = K - G = Lagrangian Density = (-1/4)DelSqRho                              
  Vnuc = Electrostatic Potential from Nuclei                                   
  Ven = Electron-nuclear attractive contribution to Virial Field V             
  Vrep = V - Ven = Repulsive contribution to Virial Field V                    
  DelSqV = Laplacian of V                                                      
  DelSqVen = Laplacian of Ven                                                  
  DelSqVrep = Laplacian of Vrep                                                
  DelSqG = Laplacian of G                                                      
  DelSqK = Laplacian of K                                                      
  Stress_EigVals = Eigenvalues of Stress Tensor, Ascending Order               
  Stress_EigVecs = Eigenvectors of Stress Tensor                               
  -DivStress = Ehrenfest Force Density = Minus Divergence of Stress Tensor     
  ESP = Total Electrostatic Potential                                          
  ESPe = Electrostatic Potential from Electrons                                
  ESPn = Electrostatic Potential from Nuclei                                   
  BP = Bond Path                                                               
  BPL = Bond Path Length                                                       
  GBL = Geometric Bond Length                                                  
  GBL_I = Distance Between Nuclear Attractors                                  
  GBL_II = Distance Between Nuclei                                             
  GBL_III = Sum of Distances Between BCP and Nuclear Attractors                
  GBL_IV = Sum of Distances Between BCP and Nuclei                             

CP# 1      Coords =  2.73171478789186E-01 -2.37309793093790E+00  3.88944421073692E+00
           Type = (3,-3) NACP H1
           Rho =  4.1568042714E-01     Rho at Nucleus =  4.1226418039E-01
           GradRho =  1.5508427875E-15  1.2403272853E-15 -4.1581321719E-15
           HessRho_EigVals = -6.3380466590E+00 -6.3364634212E+00 -5.7756622868E+00
           HessRho_EigVec1 = -8.2460932562E-01  4.5970599974E-01 -3.2968144308E-01
           HessRho_EigVec2 =  2.8330032612E-01  8.4001921860E-01  4.6271874568E-01
           HessRho_EigVec3 = -4.8965333178E-01 -2.8816333248E-01  8.2292254100E-01
           DelSqRho = -1.8450172367E+01
           Bond Ellipticity = NA
           V = -4.6222101461E+00
           G =  4.8335271525E-03
           K =  4.6173766189E+00
           L =  4.6125430918E+00
           Vnuc =  4.5609005531E+01
           Ven = -1.8958770901E+01
           Vrep =  1.4336560755E+01
           DelSqV =  6.9574846918E+02
           DelSqVen =  8.4149401354E+02
           DelSqVrep = -1.4574554436E+02
           DelSqG =  6.8588463202E+01
           DelSqK = -7.6433693238E+02
           Stress_EigVals = -1.5881377675E+00 -1.5881023215E+00 -1.4459700571E+00
           Stress_EigVec1 = -5.3073203272E-01  8.4732372564E-01 -1.9131476895E-02
           Stress_EigVec2 =  6.9167645220E-01  4.4606480269E-01  5.6798756788E-01
           Stress_EigVec3 = -4.8980322060E-01 -2.8821640440E-01  8.2281474788E-01
           -DivStress = -3.6849046002E+00 -2.1657828364E+00  6.1820324277E+00
           ESP =  -1.0873193998E+00     ESP at Nucleus =  -1.0896046937E+00
           ESPe = -1.7258661389E+01     ESPe at Nucleus = -1.7163142051E+01
           ESPn =  1.6171341989E+01     ESPn at Nucleus =  1.6073537357E+01

CP# 2      Coords =  1.27534170541305E+00 -1.78260647114220E+00  2.21000379641219E+00
           Type = (3,-3) NACP C2
           Rho =  1.1755368842E+02     Rho at Nucleus =  1.1755368838E+02
           GradRho = -7.3234557307E-11 -2.2103021670E-11 -1.0464057398E-10
           HessRho_EigVals = -1.4485649423E+05 -1.4485608259E+05 -1.4485595868E+05
           HessRho_EigVec1 =  7.6387661784E-01 -3.9021718754E-01  5.1402632156E-01
           HessRho_EigVec2 =  6.4194948430E-01  5.4123863737E-01 -5.4310367061E-01
           HessRho_EigVec3 =  6.6282518966E-02 -7.4484312708E-01 -6.6393926207E-01
           DelSqRho = -4.3456853550E+05
           Bond Ellipticity = NA
           V = -1.0865262265E+05
           G =  5.2443876014E+00
           K =  1.0864737826E+05
           L =  1.0864213388E+05
           Vnuc =  7.4943496606E+06
           Ven = -8.8098844495E+08
           Vrep =  8.8087979233E+08
           DelSqV =  2.4927313947E+09
           DelSqVen =  3.2568099471E+12
           DelSqVrep = -3.2543172157E+12
           DelSqG =  1.3389882029E+08
           DelSqK = -2.6266302150E+09
           Stress_EigVals = -3.6217615742E+04 -3.6217587403E+04 -3.6217419507E+04
           Stress_EigVec1 = -2.4732441460E-03  7.2220660911E-01  6.9167296956E-01
           Stress_EigVec2 =  6.1835517910E-01  5.4469007608E-01 -5.6652413320E-01
           Stress_EigVec3 =  7.8589487563E-01 -4.2629841047E-01  4.4792734867E-01
           -DivStress =  3.2600644384E+02  2.0674167214E+02  5.2278492449E+02
           ESP =  -1.4720765485E+01     ESP at Nucleus =  -1.4720765486E+01
           ESPe = -3.1491010513E+01     ESPe at Nucleus = -3.1491009182E+01
           ESPn =  1.6770245028E+01     ESPn at Nucleus =  1.6770243696E+01

CP# 3      Coords =  3.09821781864374E+00 -3.75728888275693E+00  1.26424952629254E+00
           Type = (3,-3) NACP C3
           Rho =  1.1766728399E+02     Rho at Nucleus =  1.1766728379E+02
           GradRho = -2.5204266452E-10  5.8532129144E-10  7.5470829586E-10
           HessRho_EigVals = -1.4499002731E+05 -1.4498952848E+05 -1.4498909244E+05
           HessRho_EigVec1 =  5.8494205059E-01  7.2932023904E-01 -3.5487291580E-01
           HessRho_EigVec2 =  6.9645614135E-01 -6.7589026120E-01 -2.4108338390E-01
           HessRho_EigVec3 =  4.1568213893E-01  1.0613361266E-01  9.0329619485E-01
           DelSqRho = -4.3496864823E+05
           Bond Ellipticity = NA
           V = -1.0875241348E+05
           G =  5.1257124696E+00
           K =  1.0874728777E+05
           L =  1.0874216206E+05
           Vnuc =  3.6212304632E+06
           Ven = -4.2610035330E+08
           Vrep =  4.2599160088E+08
           DelSqV =  2.4950050953E+09
           DelSqVen =  1.5751217644E+12
           DelSqVrep = -1.5726267429E+12
           DelSqG =  1.3401578537E+08
           DelSqK = -2.6290208807E+09
           Stress_EigVals = -3.6251077663E+04 -3.6250848023E+04 -3.6250487797E+04
           Stress_EigVec1 =  5.2475021232E-01 -8.8061352099E-03  8.5121070638E-01
           Stress_EigVec2 =  6.1348858434E-01 -6.8931216643E-01 -3.8533166767E-01
           Stress_EigVec3 =  5.9014317886E-01  7.2441092565E-01 -3.5631424226E-01
           -DivStress =  3.4618636144E+02 -8.2019425148E+02 -1.0105751487E+03
           ESP =  -1.4735423074E+01     ESP at Nucleus =  -1.4735423092E+01
           ESPe = -2.9585964311E+01     ESPe at Nucleus = -2.9585963916E+01
           ESPn =  1.4850541238E+01     ESPn at Nucleus =  1.4850540824E+01

CP# 4      Coords =  4.93933440748713E+00  3.97317582703660E+00 -7.91230886027881E-01
           Type = (3,-3) NACP C4
           Rho =  1.1768064385E+02     Rho at Nucleus =  1.1768064378E+02
           GradRho =  2.4591750858E-10 -1.2951173467E-10 -6.1458116374E-11
           HessRho_EigVals = -1.4500890374E+05 -1.4500786334E+05 -1.4500765375E+05
           HessRho_EigVec1 =  8.6705677166E-02 -4.4292295164E-01  8.9235720676E-01
           HessRho_EigVec2 =  6.5345169925E-01  7.0140837730E-01  2.8465270945E-01
           HessRho_EigVec3 =  7.5198603863E-01 -5.5843132717E-01 -3.5024484371E-01
           DelSqRho = -4.3502442083E+05
           Bond Ellipticity = NA
           V = -1.0876629066E+05
           G =  5.0927275499E+00
           K =  1.0876119794E+05
           L =  1.0875610521E+05
           Vnuc =  5.9820621619E+06
           Ven = -7.0397292678E+08
           Vrep =  7.0386416049E+08
           DelSqV =  2.4953254222E+09
           DelSqVen =  2.6023434650E+12
           DelSqVrep = -2.5998481395E+12
           DelSqG =  1.3403535487E+08
           DelSqK = -2.6293607771E+09
           Stress_EigVals = -3.6255694351E+04 -3.6255573398E+04 -3.6255022914E+04
           Stress_EigVec1 =  7.7289533476E-01 -5.3427428275E-01 -3.4232118295E-01
           Stress_EigVec2 =  6.2828776248E-01  7.1987587449E-01  2.9501391975E-01
           Stress_EigVec3 =  8.8810410559E-02 -4.4309109235E-01  8.9206669866E-01
           -DivStress = -6.9640187566E+02  3.6709800391E+02  2.0863413935E+02
           ESP =  -1.4747248617E+01     ESP at Nucleus =  -1.4747248632E+01
           ESPe = -2.6887848127E+01     ESPe at Nucleus = -2.6887849275E+01
           ESPn =  1.2140599510E+01     ESPn at Nucleus =  1.2140600643E+01

CP# 5      Coords =  2.94160124613787E+00  5.25583546940065E+00  4.65639199691603E-02
           Type = (3,-3) NACP C5
           Rho =  1.1768900561E+02     Rho at Nucleus =  1.1768900556E+02
           GradRho = -9.3164587156E-11  5.6391447067E-11  6.7742700338E-11
           HessRho_EigVals = -1.4502098181E+05 -1.4501985755E+05 -1.4501966626E+05
           HessRho_EigVec1 =  9.0978176990E-02 -4.4727050644E-01  8.8975955481E-01
           HessRho_EigVec2 =  4.1350624650E-01  8.2976717618E-01  3.7483198561E-01
           HessRho_EigVec3 =  9.0594456531E-01 -3.3381960307E-01 -2.6043985331E-01
           DelSqRho = -4.3506050563E+05
           Bond Ellipticity = NA
           V = -1.0877531400E+05
           G =  5.0937987609E+00
           K =  1.0877022021E+05
           L =  1.0876512641E+05
           Vnuc =  6.9570227809E+06
           Ven = -8.1876509311E+08
           Vrep =  8.1865631780E+08
           DelSqV =  2.4955334337E+09
           DelSqVen =  3.0267259617E+12
           DelSqVrep = -3.0242304938E+12
           DelSqG =  1.3404814361E+08
           DelSqK = -2.6295815774E+09
           Stress_EigVals = -3.6258703744E+04 -3.6258592268E+04 -3.6258017992E+04
           Stress_EigVec1 =  8.5484705445E-01 -4.2399182249E-01 -2.9911109635E-01
           Stress_EigVec2 =  5.1077746140E-01  7.8908687761E-01  3.4124519706E-01
           Stress_EigVec3 =  9.1339468060E-02 -4.4449165802E-01  8.9111405977E-01
           -DivStress =  3.8426467206E+02 -4.8778482974E+02 -3.2380285984E+02
           ESP =  -1.4748748659E+01     ESP at Nucleus =  -1.4748748671E+01
           ESPe = -2.7321400299E+01     ESPe at Nucleus = -2.7321401164E+01
           ESPn =  1.2572651640E+01     ESPn at Nucleus =  1.2572652493E+01

CP# 6      Coords = -4.68763405173106E-01 -1.47033186018084E+00 -1.25001791372310E-02
           Type = (3,-3) NACP C6
           Rho =  1.1767130115E+02     Rho at Nucleus =  1.1767129866E+02
           GradRho = -6.1092797488E-13 -9.0317753276E-12  1.1479706075E-13
           HessRho_EigVals = -1.4498478705E+05 -1.4498355502E+05 -1.4498299837E+05
           HessRho_EigVec1 =  7.9172916583E-01 -6.0320480069E-01  9.6482622284E-02
           HessRho_EigVec2 =  5.9509558870E-01  7.2593721861E-01 -3.4478456308E-01
           HessRho_EigVec3 =  1.3793537719E-01  3.3039237743E-01  9.3371018451E-01
           DelSqRho = -4.3495134045E+05
           Bond Ellipticity = NA
           V = -1.0874790195E+05
           G =  5.0334172486E+00
           K =  1.0874286853E+05
           L =  1.0873783511E+05
           Vnuc =  1.0243127072E+06
           Ven = -1.2053220903E+08
           Vrep =  1.2042346113E+08
           DelSqV =  2.4948910631E+09
           DelSqVen =  4.4552618803E+11
           DelSqVrep = -4.4303129748E+11
           DelSqG =  1.3399944226E+08
           DelSqK = -2.6288905053E+09
           Stress_EigVals = -3.6249619286E+04 -3.6249187444E+04 -3.6249095217E+04
           Stress_EigVec1 =  8.4300784569E-02  3.8111417245E-01  9.2067658017E-01
           Stress_EigVec2 =  5.9733123310E-01  7.2021430670E-01 -3.5282679942E-01
           Stress_EigVec3 =  7.9755173856E-01 -5.7969245293E-01  1.6693676747E-01
           -DivStress =  3.3027634470E+03 -3.2669910222E+03 -9.8455621373E+02
           ESP =  -1.4689850364E+01     ESP at Nucleus =  -1.4689850564E+01
           ESPe = -3.4849858266E+01     ESPe at Nucleus = -3.4849852042E+01
           ESPn =  2.0160007902E+01     ESPn at Nucleus =  2.0160001478E+01

CP# 7      Coords =  2.21282026173603E+00 -2.69302733514721E-02  2.67165481578058E+00
           Type = (3,-3) NACP H7
           Rho =  4.1334727210E-01     Rho at Nucleus =  4.0985545867E-01
           GradRho = -5.3516219234E-15 -9.2009733166E-15 -3.4573038876E-15
           HessRho_EigVals = -6.2970639835E+00 -6.2958146254E+00 -5.7293020838E+00
           HessRho_EigVec1 =  7.7245779159E-01 -5.1182219358E-01  3.7596143735E-01
           HessRho_EigVec2 = -4.3843048184E-01 -1.5014840603E-03  8.9876385004E-01
           HessRho_EigVec3 =  4.5944278514E-01  8.5909009289E-01  2.2555828401E-01
           DelSqRho = -1.8322180693E+01
           Bond Ellipticity = NA
           V = -4.5902854729E+00
           G =  4.8701498477E-03
           K =  4.5854153230E+00
           L =  4.5805451732E+00
           Vnuc =  4.6106455447E+01
           Ven = -1.9057977585E+01
           Vrep =  1.4467692112E+01
           DelSqV =  6.9047125752E+02
           DelSqVen =  8.4477080780E+02
           DelSqVrep = -1.5429955028E+02
           DelSqG =  6.8029432967E+01
           DelSqK = -7.5850069048E+02
           Stress_EigVals = -1.5779114355E+00 -1.5778682926E+00 -1.4345057448E+00
           Stress_EigVec1 =  8.7801307556E-01 -4.7765729457E-01  3.0603073279E-02
           Stress_EigVec2 = -1.3389638060E-01 -1.8373228013E-01  9.7381425770E-01
           Stress_EigVec3 =  4.5952671131E-01  8.5911929217E-01  2.2527592727E-01
           -DivStress =  3.4805725937E+00  6.5102505850E+00  1.6943039722E+00
           ESP =  -1.0882617669E+00     ESP at Nucleus =  -1.0905943637E+00
           ESPe = -1.8183504803E+01     ESPe at Nucleus = -1.8102202207E+01
           ESPn =  1.7095243036E+01     ESPn at Nucleus =  1.7011607843E+01

CP# 8      Coords =  2.46943438788779E+00 -4.41832541577048E+00 -1.11747365129815E+00
           Type = (3,-3) NACP C8
           Rho =  1.1767027522E+02     Rho at Nucleus =  1.1767027503E+02
           GradRho = -5.6801879866E-10  7.5186135096E-11 -7.6995532172E-10
           HessRho_EigVals = -1.4499103210E+05 -1.4499030985E+05 -1.4498991083E+05
           HessRho_EigVec1 =  5.8999357955E-01  7.2471707029E-01 -3.5593924217E-01
           HessRho_EigVec2 =  8.0726161105E-01 -5.3786578827E-01  2.4295901945E-01
           HessRho_EigVec3 =  1.5370992287E-02  4.3068034764E-01  9.0237363146E-01
           DelSqRho = -4.3497125277E+05
           Bond Ellipticity = NA
           V = -1.0875306577E+05
           G =  5.1262873163E+00
           K =  1.0874793948E+05
           L =  1.0874281319E+05
           Vnuc =  3.7203844379E+06
           Ven = -4.3777866073E+08
           Vrep =  4.3766990767E+08
           DelSqV =  2.4950170318E+09
           DelSqVen =  1.6182603940E+12
           DelSqVrep = -1.6157653442E+12
           DelSqG =  1.3401375166E+08
           DelSqK = -2.6290307835E+09
           Stress_EigVals = -3.6251298579E+04 -3.6251098673E+04 -3.6250668515E+04
           Stress_EigVec1 = -8.1489328080E-02  4.9352278487E-01  8.6590689466E-01
           Stress_EigVec2 =  8.0239285886E-01 -4.8286660675E-01  3.5072145663E-01
           Stress_EigVec3 = -5.9120655398E-01 -7.2337756456E-01  3.5665068293E-01
           -DivStress =  7.7578430789E+02 -1.3686217330E+02  1.0445045427E+03
           ESP =  -1.4733230538E+01     ESP at Nucleus =  -1.4733230558E+01
           ESPe = -2.9524631713E+01     ESPe at Nucleus = -2.9524631788E+01
           ESPn =  1.4791401174E+01     ESPn at Nucleus =  1.4791401230E+01

CP# 9      Coords =  6.81984718870263E+00  4.69381869901163E+00 -6.24259581155984E-01
           Type = (3,-3) NACP H9
           Rho =  4.2587870967E-01     Rho at Nucleus =  4.2221471148E-01
           GradRho = -8.9803826875E-10 -3.4573123878E-10 -8.0332794236E-11
           HessRho_EigVals = -6.4845889213E+00 -6.4781921778E+00 -5.8868964814E+00
           HessRho_EigVec1 = -3.5600179944E-01  8.2084743575E-01  4.4662311407E-01
           HessRho_EigVec2 =  9.1647868065E-02 -4.4496239922E-01  8.9084742328E-01
           HessRho_EigVec3 =  9.2998031542E-01  3.5807534195E-01  8.3178497314E-02
           DelSqRho = -1.8849677581E+01
           Bond Ellipticity = NA
           V = -4.7214652518E+00
           G =  4.5229283566E-03
           K =  4.7169423235E+00
           L =  4.7124193951E+00
           Vnuc =  4.0738518086E+01
           Ven = -1.7349667516E+01
           Vrep =  1.2628202264E+01
           DelSqV =  7.0985660019E+02
           DelSqVen =  7.6790793261E+02
           DelSqVrep = -5.8051332424E+01
           DelSqG =  6.9857862680E+01
           DelSqK = -7.7971446287E+02
           Stress_EigVals = -1.6244376554E+00 -1.6236940188E+00 -1.4733335776E+00
           Stress_EigVec1 = -3.5450143909E-01  8.2255486305E-01  4.4467091985E-01
           Stress_EigVec2 = -9.0704609829E-02  4.4306206710E-01 -8.9189050811E-01
           Stress_EigVec3 =  9.3064569168E-01  3.5651017092E-01  8.2456622477E-02
           -DivStress =  7.3215698612E+00  2.8146040483E+00  6.5359238726E-01
           ESP =  -1.1124050167E+00     ESP at Nucleus =  -1.1148404376E+00
           ESPe = -1.3134973609E+01     ESPe at Nucleus = -1.3051086985E+01
           ESPn =  1.2022568593E+01     ESPn at Nucleus =  1.1936246547E+01

CP# 10     Coords =  4.74599942423130E+00  2.16658870120989E+00 -1.67440105140672E+00
           Type = (3,-3) NACP H10
           Rho =  4.2486506420E-01     Rho at Nucleus =  4.2114954477E-01
           GradRho =  1.4256488351E-11  1.2871801455E-10  6.2917424526E-11
           HessRho_EigVals = -6.4670201634E+00 -6.4604020082E+00 -5.8654901424E+00
           HessRho_EigVec1 =  9.9080109928E-01 -4.7199637039E-02 -1.2682813538E-01
           HessRho_EigVec2 =  9.2759215796E-02 -4.4552232772E-01  8.9045245992E-01
           HessRho_EigVec3 =  9.8533799006E-02  8.9402575453E-01  4.3704581075E-01
           DelSqRho = -1.8792912314E+01
           Bond Ellipticity = NA
           V = -4.7072664900E+00
           G =  4.5192057692E-03
           K =  4.7027472842E+00
           L =  4.6982280785E+00
           Vnuc =  4.2993506051E+01
           Ven = -1.8266438708E+01
           Vrep =  1.3559172218E+01
           DelSqV =  7.0743941026E+02
           DelSqVen =  8.0797318951E+02
           DelSqVrep = -1.0053377925E+02
           DelSqG =  6.9608039749E+01
           DelSqK = -7.7704745001E+02
           Stress_EigVals = -1.6200082851E+00 -1.6192853193E+00 -1.4679728856E+00
           Stress_EigVec1 =  9.9144813806E-01 -4.8018757756E-02 -1.2134573926E-01
           Stress_EigVec2 =  8.7496771179E-02 -4.4529492865E-01  8.9109861494E-01
           Stress_EigVec3 =  9.6824090831E-02  8.9409542300E-01  4.3728534164E-01
           -DivStress = -7.8089377286E-01 -7.0761394746E+00 -3.4597556111E+00
           ESP =  -1.1134723968E+00     ESP at Nucleus =  -1.1159337607E+00
           ESPe = -1.5636141238E+01     ESPe at Nucleus = -1.5590247365E+01
           ESPn =  1.4522668841E+01     ESPn at Nucleus =  1.4474313605E+01

CP# 11     Coords =  1.06546539058333E+00  4.52901884590448E+00 -1.22094922940212E-01
           Type = (3,-3) NACP H11
           Rho =  4.2363139984E-01     Rho at Nucleus =  4.1984092426E-01
           GradRho =  2.2962739609E-09  8.9694312741E-10  2.0929851255E-10
           HessRho_EigVals = -6.4445166641E+00 -6.4379623571E+00 -5.8365614043E+00
           HessRho_EigVec1 = -3.6067352988E-01  8.2072412939E-01  4.4308747249E-01
           HessRho_EigVec2 =  9.1172340529E-02 -4.4176377720E-01  8.9248662145E-01
           HessRho_EigVec3 =  9.2822530087E-01  3.6229362205E-01  8.4505161091E-02
           DelSqRho = -1.8719040426E+01
           Bond Ellipticity = NA
           V = -4.6891228109E+00
           G =  4.6813522438E-03
           K =  4.6844414586E+00
           L =  4.6797601064E+00
           Vnuc =  4.4057221988E+01
           Ven = -1.8664022624E+01
           Vrep =  1.3974899813E+01
           DelSqV =  7.0427410735E+02
           DelSqVen =  8.2470892334E+02
           DelSqVrep = -1.2043481600E+02
           DelSqG =  6.9270943516E+01
           DelSqK = -7.7354505086E+02
           Stress_EigVals = -1.6143797059E+00 -1.6136427266E+00 -1.4611003784E+00
           Stress_EigVec1 = -3.5938695144E-01  8.2371238444E-01  4.3856462108E-01
           Stress_EigVec2 = -8.9124313930E-02  4.3751860236E-01 -8.9478172157E-01
           Stress_EigVec3 =  9.2892296548E-01  3.6065964609E-01  8.3825675562E-02
           -DivStress = -7.4082865026E+00 -2.8908804253E+00 -6.7425628428E-01
           ESP =  -1.1150711315E+00     ESP at Nucleus =  -1.1175631509E+00
           ESPe = -1.7044495455E+01     ESPe at Nucleus = -1.7024002648E+01
           ESPn =  1.5929424324E+01     ESPn at Nucleus =  1.5906439497E+01

CP# 12     Coords =  3.13341168864917E+00  7.06494021641699E+00  9.26656132709115E-01
           Type = (3,-3) NACP H12
           Rho =  4.2586079946E-01     Rho at Nucleus =  4.2219732254E-01
           GradRho = -6.6760659501E-12 -6.2508332711E-11 -3.0385271556E-11
           HessRho_EigVals = -6.4845434213E+00 -6.4783349555E+00 -5.8870510493E+00
           HessRho_EigVec1 =  9.9155555851E-01 -4.7597580813E-02 -1.2063185605E-01
           HessRho_EigVec2 =  8.7281499483E-02 -4.4304777737E-01  8.9223909734E-01
           HessRho_EigVec3 =  9.5914098244E-02  8.9523356576E-01  4.3515209811E-01
           DelSqRho = -1.8849929426E+01
           Bond Ellipticity = NA
           V = -4.7215077043E+00
           G =  4.5126738673E-03
           K =  4.7169950304E+00
           L =  4.7124823565E+00
           Vnuc =  4.1180825592E+01
           Ven = -1.7537299309E+01
           Vrep =  1.2815791605E+01
           DelSqV =  7.0987003202E+02
           DelSqVen =  7.7625565623E+02
           DelSqVrep = -6.6385624209E+01
           DelSqG =  6.9862256470E+01
           DelSqK = -7.7973228849E+02
           Stress_EigVals = -1.6244549724E+00 -1.6236830085E+00 -1.4733697233E+00
           Stress_EigVec1 =  9.9099564752E-01 -4.2288493242E-02 -1.2704058378E-01
           Stress_EigVec2 =  9.5323912480E-02 -4.4347037761E-01  8.9120557443E-01
           Stress_EigVec3 =  9.4026476571E-02  8.9529085080E-01  4.3544610939E-01
           -DivStress =  7.4843309938E-01  7.0461094721E+00  3.4261442065E+00
           ESP =  -1.1132386060E+00     ESP at Nucleus =  -1.1156740825E+00
           ESPe = -1.3575766886E+01     ESPe at Nucleus = -1.3491076091E+01
           ESPn =  1.2462528280E+01     ESPn at Nucleus =  1.2375402009E+01

CP# 13     Coords =  2.32507515824932E-01 -2.98801115056805E+00 -1.93155257503797E+00
           Type = (3,-3) NACP C13
           Rho =  1.1767360755E+02     Rho at Nucleus =  1.1767360750E+02
           GradRho =  8.0588202778E-11 -6.8421712740E-11 -3.4430014395E-11
           HessRho_EigVals = -1.4499651291E+05 -1.4499578076E+05 -1.4499557064E+05
           HessRho_EigVec1 =  5.9745163555E-01  7.1836338293E-01 -3.5637844106E-01
           HessRho_EigVec2 =  7.6170154256E-01 -6.4732782863E-01 -2.7882653092E-02
           HessRho_EigVec3 =  2.5072355942E-01  2.5479547159E-01  9.3392556684E-01
           DelSqRho = -4.3498786431E+05
           Bond Ellipticity = NA
           V = -1.0875727880E+05
           G =  5.1563612368E+00
           K =  1.0875212244E+05
           L =  1.0874696608E+05
           Vnuc =  7.3994094438E+06
           Ven = -8.7071520298E+08
           Vrep =  8.7060644570E+08
           DelSqV =  2.4951142330E+09
           DelSqVen =  3.2186520044E+12
           DelSqVrep = -3.2161568901E+12
           DelSqG =  1.3402033653E+08
           DelSqK = -2.6291345696E+09
           Stress_EigVals = -3.6252674632E+04 -3.6252519445E+04 -3.6252084723E+04
           Stress_EigVec1 =  2.0311534700E-01  2.9363679736E-01  9.3408863983E-01
           Stress_EigVec2 =  7.7815858488E-01 -6.2744198134E-01  2.8031711151E-02
           Stress_EigVec3 =  5.9431756881E-01  7.2117542338E-01 -3.5593909046E-01
           -DivStress = -4.6423338283E+02  4.4920088543E+02  1.4554579939E+02
           ESP =  -1.4731090830E+01     ESP at Nucleus =  -1.4731090835E+01
           ESPe = -3.1419672088E+01     ESPe at Nucleus = -3.1419673048E+01
           ESPn =  1.6688581258E+01     ESPn at Nucleus =  1.6688582214E+01

CP# 14     Coords =  3.41703548812784E+00 -5.76812689746186E+00 -2.27541282404344E+00
           Type = (3,-3) NACP H14
           Rho =  4.2573443190E-01     Rho at Nucleus =  4.2199653900E-01
           GradRho =  1.0855032151E-15  1.9482841989E-15 -3.3740371608E-16
           HessRho_EigVals = -6.4981152333E+00 -6.4922986126E+00 -5.8909146739E+00
           HessRho_EigVec1 =  6.5288974474E-01 -1.6853524950E-01  7.3846519951E-01
           HessRho_EigVec2 =  5.9154907978E-01  7.2236168352E-01 -3.5813863851E-01
           HessRho_EigVec3 = -4.7307997994E-01  6.7066345350E-01  5.7131940692E-01
           DelSqRho = -1.8881328520E+01
           Bond Ellipticity = NA
           V = -4.7291897387E+00
           G =  4.4288043471E-03
           K =  4.7247609343E+00
           L =  4.7203321300E+00
           Vnuc =  4.2026252519E+01
           Ven = -1.7892022741E+01
           Vrep =  1.3162833002E+01
           DelSqV =  7.1100410597E+02
           DelSqVen =  7.9351148026E+02
           DelSqVrep = -8.2507374297E+01
           DelSqG =  7.0123004215E+01
           DelSqK = -7.8112711018E+02
           Stress_EigVals = -1.6276571847E+00 -1.6271602467E+00 -1.4743723073E+00
           Stress_EigVec1 =  6.5504243287E-01 -1.6734287345E-01  7.3682818475E-01
           Stress_EigVec2 =  5.8976652549E-01  7.2282303993E-01 -3.6014205302E-01
           Stress_EigVec3 = -4.7232918240E-01  6.7046492499E-01  5.7217298766E-01
           -DivStress =  3.7608302675E+00 -5.3375549426E+00 -4.5537520826E+00
           ESP =  -1.0946585288E+00     ESP at Nucleus =  -1.0972127835E+00
           ESPe = -1.4672969761E+01     ESPe at Nucleus = -1.4574961295E+01
           ESPn =  1.3578311232E+01     ESPn at Nucleus =  1.3477748512E+01

CP# 15     Coords =  4.63031245165830E+00 -4.47184037538351E+00  2.35602700990500E+00
           Type = (3,-3) NACP H15
           Rho =  4.2413028281E-01     Rho at Nucleus =  4.2037120871E-01
           GradRho = -3.6975630890E-15  3.8614944575E-15 -2.9524993561E-15
           HessRho_EigVals = -6.4628207645E+00 -6.4564625095E+00 -5.8557984979E+00
           HessRho_EigVec1 = -2.5909280933E-01  5.9382892926E-01  7.6173362728E-01
           HessRho_EigVec2 = -5.9257018185E-01 -7.2052335549E-01  3.6014812756E-01
           HessRho_EigVec3 =  7.6271324608E-01 -3.5806884389E-01  5.3856773696E-01
           DelSqRho = -1.8775081772E+01
           Bond Ellipticity = NA
           V = -4.7030787929E+00
           G =  4.6541749592E-03
           K =  4.6984246179E+00
           L =  4.6937704430E+00
           Vnuc =  4.2000064004E+01
           Ven = -1.7813499024E+01
           Vrep =  1.3110420231E+01
           DelSqV =  7.0675093379E+02
           DelSqVen =  7.8855463610E+02
           DelSqVrep = -8.1803702308E+01
           DelSqG =  6.9603573635E+01
           DelSqK = -7.7635450742E+02
           Stress_EigVals = -1.6189363083E+00 -1.6186150771E+00 -1.4655274075E+00
           Stress_EigVec1 = -2.6425435473E-01  5.8968329549E-01  7.6317969511E-01
           Stress_EigVec2 = -5.9088032042E-01 -7.2439579878E-01  3.5512135059E-01
           Stress_EigVec3 =  7.6225329317E-01 -3.5710549944E-01  5.3985699896E-01
           -DivStress =  6.0709696324E+00 -2.8477850378E+00  4.2914852416E+00
           ESP =  -1.0940853503E+00     ESP at Nucleus =  -1.0966525326E+00
           ESPe = -1.4806783790E+01     ESPe at Nucleus = -1.4708566141E+01
           ESPn =  1.3712698439E+01     ESPn at Nucleus =  1.3611913608E+01

CP# 16     Coords = -3.21679422273059E+00  8.13391987113863E-01  1.62327199986979E-02
           Type = (3,-3) NACP Br16
           Rho =  2.8284451889E+04     Rho at Nucleus =  2.8284451888E+04
           GradRho = -3.1115831689E-08  9.5804111311E-09  2.9936142454E-09
           HessRho_EigVals = -2.7949374171E+09 -2.7949331198E+09 -2.7949328316E+09
           HessRho_EigVec1 =  7.7197921040E-01 -6.3559516623E-01 -8.1782257666E-03
           HessRho_EigVec2 =  6.2127146866E-01  7.5717791244E-01 -2.0175076493E-01
           HessRho_EigVec3 =  1.3442418288E-01  1.5066649787E-01  9.7940274937E-01
           DelSqRho = -8.3848033686E+09
           Bond Ellipticity = NA
           V = -2.0981467713E+09
           G =  9.7296459029E+05
           K =  2.0971738067E+09
           L =  2.0962008421E+09
           Vnuc =  1.2207594126E+09
           Ven = -3.4528510874E+13
           Vrep =  3.4526412727E+13
           DelSqV =  8.5637139203E+15
           DelSqVen =  1.0235846324E+19
           DelSqVrep = -1.0227282610E+19
           DelSqG =  2.0802965114E+14
           DelSqK = -8.7717435715E+15
           Stress_EigVals = -6.9938266387E+08 -6.9938259621E+08 -6.9938151124E+08
           Stress_EigVec1 =  1.5259136852E-01  1.7194293338E-01  9.7321708879E-01
           Stress_EigVec2 =  6.1851977904E-01  7.5143454774E-01 -2.2973768391E-01
           Stress_EigVec3 =  7.7081071424E-01 -6.3701000630E-01 -8.3123208299E-03
