AIMSum (Version 19.02.13, Professional)
Copyright (c) 1997-2019 by Todd A. Keith
AIMSum is a component of the AIMAll package ( http://aim.tkgristmill.com )

TP:  64-bit Linux

Much of the Quantum Theory of Atoms in Molecules (QTAIM) is described in the book:
  "Atoms in Molecules - A Quantum Theory"
  R.F.W. Bader, Oxford University Press, Oxford, 1990

For additional references see:  http://aim.tkgristmill.com/references.html

Wfn File:  /home/mhennefarth/Documents/ML_Diels/summary-pieniazek2006/r_2c-opt/r_2c-opt.wfn
Sum File:  /home/mhennefarth/Documents/ML_Diels/summary-pieniazek2006/r_2c-opt/r_2c-opt.sum

SumViz File:  /home/mhennefarth/Documents/ML_Diels/summary-pieniazek2006/r_2c-opt/r_2c-opt.sumviz

Wfn Title:   Title Card Required                                                           
 
Total memory allocated for AIMSum =        0.763 Megabytes

Atomic units (a.u.) used throughout, except where stated otherwise

Model:  Restricted SCF
 
Restricted, closed-shell, single-determinant wavefunction.
  Number of electrons (from MO Occs)                   =          68.0000000000
  Number of Alpha electrons (from MO Occs)             =          34.0000000000
  Number of Beta electrons (from MO Occs)              =          34.0000000000
  Number of electron pairs (N*(N-1)/2)                 =        2278.0000000000
  Number of electron pairs (from Muller 2EDM)          =        2278.0000000000
 
Nuclear Charges and Cartesian Coordinates:
-------------------------------------------------------------------------------
Atom      Charge                X                  Y                  Z
-------------------------------------------------------------------------------
H1         1.0           1.9359477600E+00  -5.5179756400E+00   2.2643834000E-01
C2         6.0          -7.2365416300E+00  -1.3428404600E+00  -1.0390124400E+00
C3         6.0           4.4587852900E+00  -5.4516550000E-02  -6.2607050000E-02
C4         6.0           1.9965979400E+00   6.9109447000E-01  -1.7317330000E-02
C5         6.0           4.7078973000E-01  -1.5420167700E+00   1.1555728000E-01
C6         6.0           2.1457344700E+00  -3.4911878500E+00   1.4112281000E-01
O7         8.0           4.5718647400E+00  -2.6247667600E+00   3.4133130000E-02
C8         6.0          -6.8861098700E+00  -1.0247600000E-03   1.0625756500E+00
H9         1.0           6.2313060400E+00   9.4587003000E-01  -1.5511909000E-01
H10        1.0          -1.5687377400E+00  -1.6383470600E+00   1.7963203000E-01
Cl11      17.0           9.0569466000E-01   3.7840520800E+00  -1.0406782000E-01
H12        1.0          -6.0592921900E+00   1.8797512900E+00   1.0217366200E+00
H13        1.0          -6.7152944800E+00  -6.1383319000E-01  -2.8882761600E+00
H14        1.0          -7.4186279800E+00  -7.2324937000E-01   2.9115647400E+00
H15        1.0          -8.0725642200E+00  -3.2200158700E+00  -1.0018020300E+00
 
Some Atomic Properties:
----------------------
  q(A) = Net Charge of Atom A
  L(A) = Lagrangian of Atom A = -(1/4) Times Atomic Integral of the Laplacian of the Electron Density
  K(A) = Electronic Kinetic Energy of Atom A (Hamiltonian Form)
  K_Scaled(A) = K(A) * E(Mol)/K(Mol) = Approximation to Virial-Based Total Energy of Atom A.
  |Mu_Intra(A)| = Magnitude of Intraatomic Dipole Moment of Atom A
--------------------------------------------------------------------------------------------------
Atom A          q(A)              L(A)              K(A)          K_Scaled(A)      |Mu_Intra(A)|
--------------------------------------------------------------------------------------------------
H1        9.7645060990E-02  2.3914452217E-05  5.7561364982E-01 -5.7889216672E-01  1.4116231168E-01
C2       -8.5416131200E-02 -3.7499427209E-05  3.7695324785E+01 -3.7910025669E+01  9.2741321974E-02
C3        4.7791814750E-01 -6.2266808994E-05  3.7407274833E+01 -3.7620335075E+01  7.5710035526E-01
C4        7.3319226700E-02 -4.4461836100E-05  3.7658143451E+01 -3.7872632562E+01  1.3220235981E-01
C5       -1.2003726300E-02 -5.5097651194E-05  3.7721589844E+01 -3.7936440326E+01  2.7033976509E-01
C6        4.4124672120E-01 -1.2155440000E-04  3.7419478556E+01 -3.7632608306E+01  7.8784913043E-01
O7       -1.0950125162E+00  6.4712944827E-05  7.5274709452E+01 -7.5703450862E+01  2.1949563218E-01
C8       -8.4191253400E-02 -7.1655321669E-05  3.7695896672E+01 -3.7910600813E+01  9.6308477753E-02
H9        1.0845832143E-01  2.6017021813E-05  5.7003841107E-01 -5.7328517314E-01  1.4021896439E-01
H10       1.0233552728E-01  2.1767470848E-05  5.6698151111E-01 -5.7021086203E-01  1.3764761940E-01
Cl11     -2.0253445900E-01  4.4616194690E-06  4.5889062986E+02 -4.6150432863E+02  1.8097652233E-01
H12       4.9477930620E-02  1.9824007559E-05  5.9161021203E-01 -5.9497984039E-01  1.4461807289E-01
H13       4.5036600900E-02  2.0489435718E-05  5.9360693758E-01 -5.9698793868E-01  1.4603427249E-01
H14       4.2428491800E-02  2.1141917262E-05  5.9473181532E-01 -5.9811922337E-01  1.4638293196E-01
H15       4.1190200040E-02  2.1773392812E-05  5.9520497249E-01 -5.9859507550E-01  1.4678724924E-01
--------------------------------------------------------------------------------------------------
Total    -1.0185764000E-04 -1.6843318264E-04  7.6385083496E+02 -7.6820149252E+02
 
1st Largest |L(A)| = 1.2155440000E-04, atom C6      
2nd Largest |L(A)| = 7.1655321669E-05, atom C8      
 
Molecular charge q(Mol) from the wfn file:   0.0000000000E+00
Molecular energy E(Mol) from the wfn file:  -7.6820153476E+02
Molecular virial ratio (-V(Mol)/T(Mol)) from the wfn file:   2.0056956900E+00
Note.  K_Scaled(A) = (1+V(Mol)/T(Mol))*K(A) = (E(Mol)/T(Mol))*K(A)
       Only use K_Scaled(A) data with caution.
 
N_AIMInt(SumA)     =         68.000102
N_Analytic(Mol)    =         67.999990
 
G_AIMInt(SumA)     =        763.851003
G_Analytic(Mol)    =        763.850857
 
K_AIMInt(SumA)     =        763.850835
K_Analytic(Mol)    =        763.850857
 
L_AIMInt(SumA)     =         -0.000168
L_Analytic(Mol)    =          0.000000
 
VenT_AIMInt(SumA)  =      -2572.082425
VenT_Analytic(Mol) =      -2572.080584
 
Some Information About the Atomic Calculations:
----------------------------------------------
  Time(sec) = "Elapsed User Time", in Seconds, for Atom A by AIMInt and, if used, by TWOe
  NProc = Number of Processors Used for AIMInt Job
  BIM = Basin Integration Method
  OAQ = Angular Quadrature Outside of Beta Sphere
  ORQ = Multiple of Default for Radial Quadrature Outside of Beta Sphere
  IAQ = Multiple of Default for Angular Quadrature Inside of Beta Sphere
  IRQ = Multiple of Default for Radial Quadrature Inside of Beta Sphere
  MIR = Maximum Integration Radius
------------------------------------------------------------------------------------------------------
Atom A     Time(sec)   NProc      BIM          OAQ                     ORQ      IAQ      IRQ      MIR
------------------------------------------------------------------------------------------------------
H1              4        8     Proaim(5)    1800(GS4)                  1.00     1.00     1.00    13.00
C2             20        8     Proaim(5)    4500(GS4)                  1.00     1.00     1.00    13.00
C3             17        8     Proaim(5)    4500(GS4)                  1.00     1.00     1.00    13.00
C4             23        8     Proaim(5)    4500(GS4)                  1.00     1.00     1.00    13.00
C5             21        8     Proaim(5)    4500(GS4)                  1.00     1.00     1.00    13.00
C6             17        8     Proaim(5)    4500(GS4)                  1.00     1.00     1.00    13.00
O7             12        8     Proaim(5)    4500(GS4)                  1.00     1.00     1.00    13.00
C8             26        8     Proaim(5)    4500(GS4)                  1.00     1.00     1.00    13.00
H9              5        8     Proaim(5)    1800(GS4)                  1.00     1.00     1.00    13.00
H10            14        8     Proaim(5)    4500(GS4)                  1.00     1.00     1.00    13.00
Cl11           16        8     Proaim(5)    4500(GS4)                  1.00     1.00     1.00    13.00
H12            11        8     Proaim(5)    4500(GS4)                  1.00     1.00     1.00    13.00
H13             5        8     Proaim(5)    1800(GS4)                  1.00     1.00     1.00    13.00
H14             8        8     Proaim(5)    1800(GS4)                  1.00     1.00     1.00    13.00
H15             4        8     Proaim(5)    1800(GS4)                  1.00     1.00     1.00    13.00
------------------------------------------------------------------------------------------------------
Total         203
Note:  Total wall clock time is less than total of atomic times if more than one atom
       was calculated at a time
 
Electron Density Critical Point Analysis of Molecular Structure:               
---------------------------------------------------------------                
  NACP = Nuclear Attractor Critical Point                                      
  NNACP = Non-Nuclear Attractor Critical Point                                 
  BCP = Bond Critical Point                                                    
  RCP = Ring Critical Point                                                    
  CCP = Cage Critical Point                                                    
  Rho = Electron Density                                                       
  GradRho = Gradient of Electron Density                                       
  HessRho_EigVals = Eigenvalues of the Hessian of Rho, Ascending Order         
  HessRho_EigVecs = Eigenvectors of the Hessian of Rho                         
  DelSqRho = Laplacian of Rho = Trace of Hessian of Rho                        
  Bond Ellipticity = (HessRho_EigVal(1) / HessRho_EigVal(2)) - 1               
  V = Virial Field = Potential Energy Density = Trace of Stress Tensor         
  G = Lagrangian Form of Kinetic Energy Density                                
  K = Hamiltonian Form of Kinetic Energy Density                               
  L = K - G = Lagrangian Density = (-1/4)DelSqRho                              
  Vnuc = Electrostatic Potential from Nuclei                                   
  Ven = Electron-nuclear attractive contribution to Virial Field V             
  Vrep = V - Ven = Repulsive contribution to Virial Field V                    
  DelSqV = Laplacian of V                                                      
  DelSqVen = Laplacian of Ven                                                  
  DelSqVrep = Laplacian of Vrep                                                
  DelSqG = Laplacian of G                                                      
  DelSqK = Laplacian of K                                                      
  Stress_EigVals = Eigenvalues of Stress Tensor, Ascending Order               
  Stress_EigVecs = Eigenvectors of Stress Tensor                               
  -DivStress = Ehrenfest Force Density = Minus Divergence of Stress Tensor     
  ESP = Total Electrostatic Potential                                          
  ESPe = Electrostatic Potential from Electrons                                
  ESPn = Electrostatic Potential from Nuclei                                   
  BP = Bond Path                                                               
  BPL = Bond Path Length                                                       
  GBL = Geometric Bond Length                                                  
  GBL_I = Distance Between Nuclear Attractors                                  
  GBL_II = Distance Between Nuclei                                             
  GBL_III = Sum of Distances Between BCP and Nuclear Attractors                
  GBL_IV = Sum of Distances Between BCP and Nuclei                             

CP# 1      Coords =  1.93992783366438E+00 -5.48114872826368E+00  2.24882564960584E-01
           Type = (3,-3) NACP H1
           Rho =  4.2511027586E-01     Rho at Nucleus =  4.2098611648E-01
           GradRho =  6.4573004508E-16  1.3833755065E-15 -1.1819900087E-16
           HessRho_EigVals = -6.4769910698E+00 -6.4655565418E+00 -5.8250190797E+00
           HessRho_EigVec1 =  9.9356080521E-01 -1.1036103809E-01 -2.5639181408E-02
           HessRho_EigVec2 =  3.0099125778E-02  3.8937648999E-02  9.9878821685E-01
           HessRho_EigVec3 =  1.0922897500E-01  9.9312854191E-01 -4.2008692659E-02
           DelSqRho = -1.8767566691E+01
           Bond Ellipticity = NA
           V = -4.7000493711E+00
           G =  4.0788491401E-03
           K =  4.6959705220E+00
           L =  4.6918916728E+00
           Vnuc =  3.9114186532E+01
           Ven = -1.6627842627E+01
           Vrep =  1.1927793256E+01
           DelSqV =  7.0479778865E+02
           DelSqVen =  7.3407810432E+02
           DelSqVrep = -2.9280315667E+01
           DelSqG =  6.9390632100E+01
           DelSqK = -7.7418842075E+02
           Stress_EigVals = -1.6214317725E+00 -1.6211225432E+00 -1.4574950554E+00
           Stress_EigVec1 =  9.9343757581E-01 -1.1141438720E-01 -2.5857635226E-02
           Stress_EigVec2 =  3.0360370654E-02  3.8908862677E-02  9.9878143170E-01
           Stress_EigVec3 =  1.1027252998E-01  9.9301205165E-01 -4.2036108307E-02
           -DivStress = -8.9720696203E-01 -8.2894448034E+00  3.5022979850E-01
           ESP =  -1.0692414078E+00     ESP at Nucleus =  -1.0720360185E+00
           ESPe = -1.3210360560E+01     ESPe at Nucleus = -1.3109704903E+01
           ESPn =  1.2141119152E+01     ESPn at Nucleus =  1.2037668885E+01

CP# 2      Coords = -7.23654164053599E+00 -1.34284104295248E+00 -1.03901318262773E+00
           Type = (3,-3) NACP C2
           Rho =  1.1768354920E+02     Rho at Nucleus =  1.1768354913E+02
           GradRho =  1.0794023562E-11 -1.1317508921E-10 -1.4366901650E-10
           HessRho_EigVals = -1.4501289604E+05 -1.4501182615E+05 -1.4501163091E+05
           HessRho_EigVec1 =  9.1145428402E-01 -3.9673579959E-01  1.0886594264E-01
           HessRho_EigVec2 =  3.9321238237E-01  7.6228781028E-01 -5.1410243790E-01
           HessRho_EigVec3 =  1.2097566074E-01  5.1138830611E-01  8.5079191926E-01
           DelSqRho = -4.3503635310E+05
           Bond Ellipticity = NA
           V = -1.0876927872E+05
           G =  5.0952246325E+00
           K =  1.0876418350E+05
           L =  1.0875908828E+05
           Vnuc =  6.3548555486E+06
           Ven = -7.4786195558E+08
           Vrep =  7.4775318630E+08
           DelSqV =  2.4953940789E+09
           DelSqVen =  2.7645936927E+12
           DelSqVrep = -2.7620984297E+12
           DelSqG =  1.3403938102E+08
           DelSqK = -2.6294334599E+09
           Stress_EigVals = -3.6256690709E+04 -3.6256572897E+04 -3.6256015118E+04
           Stress_EigVec1 =  1.3091116930E-01  5.2127160793E-01  8.4329009037E-01
           Stress_EigVec2 =  3.9137378669E-01  7.5435020363E-01 -5.2705059470E-01
           Stress_EigVec3 =  9.1087256235E-01 -3.9903844558E-01  1.0525917587E-01
           -DivStress =  9.2326220688E+00  4.7323038662E+02  6.0323338085E+02
           ESP =  -1.4738148685E+01     ESP at Nucleus =  -1.4738148698E+01
           ESPe = -2.3894513583E+01     ESPe at Nucleus = -2.3894514455E+01
           ESPn =  9.1563648984E+00     ESPn at Nucleus =  9.1563657565E+00

CP# 3      Coords =  4.45878598454626E+00 -5.45229294258759E-02 -6.26068232060113E-02
           Type = (3,-3) NACP C3
           Rho =  1.1759880733E+02     Rho at Nucleus =  1.1759880434E+02
           GradRho = -2.4921374508E-11  7.0160924867E-14 -9.5019613922E-14
           HessRho_EigVals = -1.4488981750E+05 -1.4488816992E+05 -1.4488798625E+05
           HessRho_EigVec1 = -8.5969223961E-02  9.9563911906E-01 -3.6222053124E-02
           HessRho_EigVec2 =  3.0675693078E-02  3.8984630928E-02  9.9876884233E-01
           HessRho_EigVec3 =  9.9582543369E-01  8.4752245707E-02 -3.3893398500E-02
           DelSqRho = -4.3466597367E+05
           Bond Ellipticity = NA
           V = -1.0867678841E+05
           G =  5.1474980068E+00
           K =  1.0867164091E+05
           L =  1.0866649342E+05
           Vnuc =  9.3442877234E+05
           Ven = -1.0988770916E+08
           Vrep =  1.0977903237E+08
           DelSqV =  2.4932582381E+09
           DelSqVen =  4.0616439245E+11
           DelSqVrep = -4.0367113421E+11
           DelSqG =  1.3390637195E+08
           DelSqK = -2.6271646101E+09
           Stress_EigVals = -3.6225960225E+04 -3.6225518419E+04 -3.6225309769E+04
           Stress_EigVec1 =  9.9387907289E-01  1.0505537760E-01 -3.4172446684E-02
           Stress_EigVec2 =  3.0221827791E-02  3.8970160771E-02  9.9878324360E-01
           Stress_EigVec3 = -1.0625925654E-01  9.9370251796E-01 -3.5556661727E-02
           -DivStress = -5.6075491695E+02  5.1732515425E+03 -1.8399453469E+02
           ESP =  -1.4680495279E+01     ESP at Nucleus =  -1.4680495462E+01
           ESPe = -2.8414804043E+01     ESPe at Nucleus = -2.8414800215E+01
           ESPn =  1.3734308764E+01     ESPn at Nucleus =  1.3734304753E+01

CP# 4      Coords =  1.99659550631711E+00  6.91100160293280E-01 -1.73174765261289E-02
           Type = (3,-3) NACP C4
           Rho =  1.1758053327E+02     Rho at Nucleus =  1.1758053049E+02
           GradRho =  2.9181743568E-12  2.0557535588E-12  5.8480750489E-14
           HessRho_EigVals = -1.4486648642E+05 -1.4486494686E+05 -1.4486476612E+05
           HessRho_EigVec1 = -3.1266903341E-01  9.4946913592E-01 -2.7320971623E-02
           HessRho_EigVec2 =  2.9769618364E-02  3.8544263975E-02  9.9881335070E-01
           HessRho_EigVec3 =  9.4939551577E-01  3.1148467002E-01 -4.0316931585E-02
           DelSqRho = -4.3459619941E+05
           Bond Ellipticity = NA
           V = -1.0865929113E+05
           G =  5.1206381184E+00
           K =  1.0865417049E+05
           L =  1.0864904985E+05
           Vnuc =  9.6922438307E+05
           Ven = -1.1396191982E+08
           Vrep =  1.1385326052E+08
           DelSqV =  2.4928584754E+09
           DelSqVen =  4.2122123315E+11
           DelSqVrep = -4.1872837468E+11
           DelSqG =  1.3388383430E+08
           DelSqK = -2.6267423097E+09
           Stress_EigVals = -3.6220024947E+04 -3.6219688350E+04 -3.6219577831E+04
           Stress_EigVec1 =  9.6502849371E-01  2.5920843834E-01 -3.9127890575E-02
           Stress_EigVec2 =  3.0153027586E-02  3.8511585767E-02  9.9880311007E-01
           Stress_EigVec3 = -2.6040507148E-01  9.6505328519E-01 -2.9348858412E-02
           -DivStress =  1.9740779287E+03 -4.6087333848E+03  1.1857771866E+02
           ESP =  -1.4679575628E+01     ESP at Nucleus =  -1.4679575840E+01
           ESPe = -3.0099719287E+01     ESPe at Nucleus = -3.0099720779E+01
           ESPn =  1.5420143659E+01     ESPn at Nucleus =  1.5420144939E+01

CP# 5      Coords =  4.70790570687131E-01 -1.54201581398139E+00  1.15557218933215E-01
           Type = (3,-3) NACP C5
           Rho =  1.1763390095E+02     Rho at Nucleus =  1.1763390083E+02
           GradRho =  2.9236708983E-10  3.4843929661E-10 -2.2472327730E-11
           HessRho_EigVals = -1.4494745969E+05 -1.4494724849E+05 -1.4494681685E+05
           HessRho_EigVec1 =  2.9173097208E-02  3.8472066090E-02  9.9883373518E-01
           HessRho_EigVec2 =  3.0403720600E-01  9.5157145765E-01 -4.5531729028E-02
           HessRho_EigVec3 =  9.5221337303E-01 -3.0501091966E-01 -1.6063347151E-02
           DelSqRho = -4.3484152503E+05
           Bond Ellipticity = NA
           V = -1.0872082342E+05
           G =  5.2210812907E+00
           K =  1.0871560234E+05
           L =  1.0871038126E+05
           Vnuc =  4.7075898486E+06
           Ven = -5.5377215796E+08
           Vrep =  5.5366343713E+08
           DelSqV =  2.4942804911E+09
           DelSqVen =  2.0470553641E+12
           DelSqVrep = -2.0445611491E+12
           DelSqG =  1.3397557796E+08
           DelSqK = -2.6282560690E+09
           Stress_EigVals = -3.6240530111E+04 -3.6240299259E+04 -3.6239994050E+04
           Stress_EigVec1 =  9.7134958656E-01 -2.3684976078E-01 -1.9549207544E-02
           Stress_EigVec2 =  2.3580770695E-01  9.7076911687E-01 -4.4744240681E-02
           Stress_EigVec3 =  2.9575429644E-02  3.8852445883E-02  9.9880717929E-01
           -DivStress = -6.8748558928E+02 -7.7759260429E+02  4.9743900133E+01
           ESP =  -1.4731287738E+01     ESP at Nucleus =  -1.4731287741E+01
           ESPe = -2.8695550350E+01     ESPe at Nucleus = -2.8695548648E+01
           ESPn =  1.3964262613E+01     ESPn at Nucleus =  1.3964260907E+01

CP# 6      Coords =  2.14574097678858E+00 -3.49118647480572E+00  1.41122560211322E-01
           Type = (3,-3) NACP C6
           Rho =  1.1761500924E+02     Rho at Nucleus =  1.1761500603E+02
           GradRho = -2.9623198091E-11 -1.4771705791E-12 -6.4415568149E-13
           HessRho_EigVals = -1.4491016847E+05 -1.4490872594E+05 -1.4490821810E+05
           HessRho_EigVec1 =  9.3737214931E-01  3.4583706000E-01 -4.1595452032E-02
           HessRho_EigVec2 =  3.0064385704E-02  3.8642618708E-02  9.9880072123E-01
           HessRho_EigVec3 = -3.4702966215E-01  9.3749852050E-01 -2.5825135790E-02
           DelSqRho = -4.3472711250E+05
           Bond Ellipticity = NA
           V = -1.0869200465E+05
           G =  5.1132611071E+00
           K =  1.0868689139E+05
           L =  1.0868177813E+05
           Vnuc =  9.0156214356E+05
           Ven = -1.0603723984E+08
           Vrep =  1.0592854784E+08
           DelSqV =  2.4936069717E+09
           DelSqVen =  3.9193350451E+11
           DelSqVrep = -3.8943989754E+11
           DelSqG =  1.3392552012E+08
           DelSqK = -2.6275324918E+09
           Stress_EigVals = -3.6231073220E+04 -3.6230548352E+04 -3.6230383076E+04
           Stress_EigVec1 = -3.2242502893E-01  9.4620666771E-01 -2.7111671000E-02
           Stress_EigVec2 =  2.9875531509E-02  3.8798886441E-02  9.9880032991E-01
           Stress_EigVec3 =  9.4612343452E-01  3.2122824968E-01 -4.0778159199E-02
           -DivStress = -5.2754628092E+03 -1.1171276731E+03  2.0257737735E+02
           ESP =  -1.4680803934E+01     ESP at Nucleus =  -1.4680804136E+01
           ESPe = -2.7829614099E+01     ESPe at Nucleus = -2.7829608720E+01
           ESPn =  1.3148810165E+01     ESPn at Nucleus =  1.3148804584E+01

CP# 7      Coords =  4.57185668144003E+00 -2.62476122972528E+00  3.41331574248901E-02
           Type = (3,-3) NACP O7
           Rho =  2.8994421553E+02     Rho at Nucleus =  2.8994418500E+02
           GradRho = -2.0363599775E-10  1.1542058052E-10 -1.5357598819E-12
           HessRho_EigVals = -6.3927498545E+05 -6.3925892617E+05 -6.3925827871E+05
           HessRho_EigVec1 =  5.4792678887E-01  8.3508260837E-01 -4.9125057108E-02
           HessRho_EigVec2 =  8.3598236174E-01 -5.4874289476E-01 -3.8374888093E-03
           HessRho_EigVec3 =  3.0161646207E-02  3.8965018341E-02  9.9878526343E-01
           DelSqRho = -1.9177921903E+06
           Bond Ellipticity = NA
           V = -4.7954159338E+05
           G =  4.6772899340E+01
           K =  4.7949482048E+05
           L =  4.7944804758E+05
           Vnuc =  8.1853556018E+05
           Ven = -2.3732965088E+08
           Vrep =  2.3685010929E+08
           DelSqV =  1.9776394965E+10
           DelSqVen =  1.5697811036E+12
           DelSqVrep = -1.5500047087E+12
           DelSqG =  1.0573739159E+09
           DelSqK = -2.0833768881E+10
           Stress_EigVals = -1.5984859482E+05 -1.5984826647E+05 -1.5984473209E+05
           Stress_EigVec1 =  3.0141396875E-02  3.8978877971E-02  9.9878533393E-01
           Stress_EigVec2 =  8.3717277901E-01 -5.4692446748E-01 -3.9198161750E-03
           Stress_EigVec3 =  5.4610734685E-01  8.3627404237E-01 -4.9117123029E-02
           -DivStress =  5.1860349776E+04 -3.5587084421E+04 -1.7658593260E+02
           ESP =  -2.2236106993E+01     ESP at Nucleus =  -2.2236108147E+01
           ESPe = -3.4049917254E+01     ESPe at Nucleus = -3.4049897537E+01
           ESPn =  1.1813810261E+01     ESPn at Nucleus =  1.1813789390E+01

CP# 8      Coords = -6.88610960773105E+00 -1.02443775757387E-03  1.06257642577364E+00
           Type = (3,-3) NACP C8
           Rho =  1.1768738879E+02     Rho at Nucleus =  1.1768738874E+02
           GradRho = -1.0852692532E-11  5.6493246784E-11  1.3092892528E-10
           HessRho_EigVals = -1.4501853667E+05 -1.4501744132E+05 -1.4501725634E+05
           HessRho_EigVec1 =  9.0902625368E-01 -4.0520590897E-01  9.7362423173E-02
           HessRho_EigVec2 =  3.8046677701E-01  7.1160832769E-01 -5.9064254804E-01
           HessRho_EigVec3 =  1.7004793942E-01  5.7395275006E-01  8.0103803842E-01
           DelSqRho = -4.3505323433E+05
           Bond Ellipticity = NA
           V = -1.0877350270E+05
           G =  5.0970602581E+00
           K =  1.0876840564E+05
           L =  1.0876330858E+05
           Vnuc =  6.8179714896E+06
           Ven = -8.0238926147E+08
           Vrep =  8.0228048797E+08
           DelSqV =  2.4954915278E+09
           DelSqVen =  2.9661805937E+12
           DelSqVrep = -2.9636851021E+12
           DelSqG =  1.3404544344E+08
           DelSqK = -2.6295369713E+09
           Stress_EigVals = -3.6258098736E+04 -3.6257984362E+04 -3.6257419605E+04
           Stress_EigVec1 =  1.5434642883E-01  5.5477119401E-01  8.1756106940E-01
           Stress_EigVec2 =  3.8540956671E-01  7.2811674858E-01 -5.6683813062E-01
           Stress_EigVec3 =  9.0974537415E-01 -4.0258529871E-01  1.0143190559E-01
           -DivStress = -2.1275335814E+02 -2.6157451239E+02 -6.3017360831E+02
           ESP =  -1.4738765190E+01     ESP at Nucleus =  -1.4738765202E+01
           ESPe = -2.4170146811E+01     ESPe at Nucleus = -2.4170147411E+01
           ESPn =  9.4313816216E+00     ESPn at Nucleus =  9.4313822095E+00

CP# 9      Coords =  6.19881816447427E+00  9.27365716836861E-01 -1.53416696089779E-01
           Type = (3,-3) NACP H9
           Rho =  4.2290331235E-01     Rho at Nucleus =  4.1872871123E-01
           GradRho = -1.5980635904E-09 -9.1095140927E-10  8.3767178593E-11
           HessRho_EigVals = -6.4366925577E+00 -6.4252637534E+00 -5.7822222449E+00
           HessRho_EigVec1 = -4.9729906560E-01  8.6737652768E-01 -1.8750962227E-02
           HessRho_EigVec2 =  3.0181753518E-02  3.8896120035E-02  9.9878734153E-01
           HessRho_EigVec3 =  8.6705403586E-01  4.9613007476E-01 -4.5521948715E-02
           DelSqRho = -1.8644178556E+01
           Bond Ellipticity = NA
           V = -4.6692453463E+00
           G =  4.1003536650E-03
           K =  4.6651449927E+00
           L =  4.6610446390E+00
           Vnuc =  3.9416365080E+01
           Ven = -1.6669311353E+01
           Vrep =  1.2000066007E+01
           DelSqV =  6.9980848249E+02
           DelSqVen =  7.3488575120E+02
           DelSqVrep = -3.5077268703E+01
           DelSqG =  6.8840759279E+01
           DelSqK = -7.6864924177E+02
           Stress_EigVals = -1.6113017770E+00 -1.6112282561E+00 -1.4467153133E+00
           Stress_EigVec1 = -4.9831682151E-01  8.6675355541E-01 -2.0460195111E-02
           Stress_EigVec2 =  2.9305809081E-02  4.0424701014E-02  9.9875272871E-01
           Stress_EigVec3 =  8.6649957585E-01  4.9709568268E-01 -4.5545222735E-02
           -DivStress =  7.2652280361E+00  4.1395018118E+00 -3.8076446397E-01
           ESP =  -1.0657939474E+00     ESP at Nucleus =  -1.0686311061E+00
           ESPe = -1.3763379648E+01     ESPe at Nucleus = -1.3659022150E+01
           ESPn =  1.2697585700E+01     ESPn at Nucleus =  1.2590391044E+01

CP# 10     Coords = -1.53192713429707E+00 -1.63665445993399E+00  1.78480139652536E-01
           Type = (3,-3) NACP H10
           Rho =  4.1712941981E-01     Rho at Nucleus =  4.1312768738E-01
           GradRho =  1.1133140331E-16 -3.8551696427E-16 -9.1780043242E-17
           HessRho_EigVals = -6.3421192250E+00 -6.3366247276E+00 -5.7177105702E+00
           HessRho_EigVec1 = -4.8766228587E-02  9.9812032974E-01 -3.7116873765E-02
           HessRho_EigVec2 =  2.9508168503E-02  3.8584587620E-02  9.9881955207E-01
           HessRho_EigVec3 =  9.9837423992E-01  4.7613411628E-02 -3.1334327696E-02
           DelSqRho = -1.8396454523E+01
           Bond Ellipticity = NA
           V = -4.6081687811E+00
           G =  4.5275751931E-03
           K =  4.6036412059E+00
           L =  4.5991136307E+00
           Vnuc =  4.1143299893E+01
           Ven = -1.7162080814E+01
           Vrep =  1.2553912033E+01
           DelSqV =  6.9111653044E+02
           DelSqVen =  7.5689084540E+02
           DelSqVrep = -6.5774314966E+01
           DelSqG =  6.7959749935E+01
           DelSqK = -7.5907628037E+02
           Stress_EigVals = -1.5885925648E+00 -1.5884810811E+00 -1.4310951351E+00
           Stress_EigVec1 =  2.8840936385E-02  5.2327190786E-02  9.9821343684E-01
           Stress_EigVec2 = -4.8548780851E-02  9.9752363056E-01 -5.0888332249E-02
           Stress_EigVec3 =  9.9840433506E-01  4.6994378234E-02 -3.1309936890E-02
           -DivStress = -8.1268003520E+00 -3.7332317290E-01  2.5425703916E-01
           ESP =  -1.0816016902E+00     ESP at Nucleus =  -1.0843774694E+00
           ESPe = -1.5100739563E+01     ESPe at Nucleus = -1.5021162748E+01
           ESPn =  1.4019137873E+01     ESPn at Nucleus =  1.3936785279E+01

CP# 11     Coords =  9.05694954531453E-01  3.78405125830684E+00 -1.04067796842321E-01
           Type = (3,-3) NACP Cl11
           Rho =  3.0206380716E+03     Rho at Nucleus =  3.0206380600E+03
           GradRho =  1.0024711480E-09 -5.8999880855E-09  2.7381657705E-11
           HessRho_EigVals = -3.0376629419E+07 -3.0376178927E+07 -3.0376171361E+07
           HessRho_EigVec1 = -3.3803733124E-01  9.4077170249E-01 -2.6064659455E-02
           HessRho_EigVec2 =  1.4775750883E-02  3.2996713828E-02  9.9934623333E-01
           HessRho_EigVec3 =  9.4101670542E-01  3.3743120878E-01 -2.5054729396E-02
           DelSqRho = -9.1128979707E+07
           Bond Ellipticity = NA
           V = -2.2809456682E+07
           G =  1.3605877601E+04
           K =  2.2795850804E+07
           L =  2.2782244927E+07
           Vnuc =  1.9468802125E+07
           Ven = -5.8808204908E+10
           Vrep =  5.8785395452E+10
           DelSqV =  4.3101086226E+12
           DelSqVen =  1.7741720532E+15
           DelSqVrep = -1.7698619446E+15
           DelSqG =  2.2934894066E+11
           DelSqK = -4.5394575633E+12
           Stress_EigVals = -7.6031912133E+06 -7.6031893325E+06 -7.6030761360E+06
           Stress_EigVec1 =  9.4101568253E-01  3.3744414126E-01 -2.4918602527E-02
           Stress_EigVec2 =  1.4646959664E-02  3.2951756093E-02  9.9934961267E-01
           Stress_EigVec3 = -3.3804578358E-01  9.4076863962E-01 -2.6065588525E-02
           -DivStress = -4.0855187408E+05  1.1396633082E+06 -3.2119007783E+04
           ESP =  -6.4369737226E+01     ESP at Nucleus =  -6.4369737260E+01
           ESPe = -7.2543882435E+01     ESPe at Nucleus = -7.2543881351E+01
           ESPn =  8.1741452099E+00     ESPn at Nucleus =  8.1741440911E+00

CP# 12     Coords = -6.07348629256659E+00  1.84748572632470E+00  1.02249087233753E+00
           Type = (3,-3) NACP H12
           Rho =  4.2447934518E-01     Rho at Nucleus =  4.2074059115E-01
           GradRho = -3.4875851000E-10 -7.9266023985E-10  1.8758695630E-11
           HessRho_EigVals = -6.4597798116E+00 -6.4533969011E+00 -5.8561245317E+00
           HessRho_EigVec1 = -9.1660175011E-02  6.3795310596E-02  9.9374472107E-01
           HessRho_EigVec2 =  9.1078046740E-01 -3.9808881321E-01  1.0956384896E-01
           HessRho_EigVec3 =  4.0258831642E-01  9.1512592311E-01 -2.1614632514E-02
           DelSqRho = -1.8769301245E+01
           Bond Ellipticity = NA
           V = -4.7012458275E+00
           G =  4.4602581979E-03
           K =  4.6967855693E+00
           L =  4.6923253111E+00
           Vnuc =  3.9580176808E+01
           Ven = -1.6800967534E+01
           Vrep =  1.2099721706E+01
           DelSqV =  7.0641647505E+02
           DelSqVen =  7.4289226322E+02
           DelSqVrep = -3.6475788168E+01
           DelSqG =  6.9495439872E+01
           DelSqK = -7.7591191492E+02
           Stress_EigVals = -1.6181979105E+00 -1.6174457443E+00 -1.4656021728E+00
           Stress_EigVec1 = -8.4423248177E-02  5.8743583765E-02  9.9469689179E-01
           Stress_EigVec2 =  9.1155925008E-01 -3.9859447472E-01  1.0090678029E-01
           Stress_EigVec3 =  4.0240831099E-01  9.1524403089E-01 -1.9897616902E-02
           -DivStress =  3.1942606199E+00  7.2620906630E+00 -1.6844325487E-01
           ESP =  -1.1052370599E+00     ESP at Nucleus =  -1.1077189374E+00
           ESPe = -1.2322845112E+01     ESPe at Nucleus = -1.2266305207E+01
           ESPn =  1.1217608052E+01     ESPn at Nucleus =  1.1158586270E+01

CP# 13     Coords = -6.72421047434138E+00 -6.26348737409228E-01 -2.85672004790824E+00
           Type = (3,-3) NACP H13
           Rho =  4.2501650424E-01     Rho at Nucleus =  4.2130527643E-01
           GradRho = -5.3980410875E-11 -7.5791700228E-11  1.9096710010E-10
           HessRho_EigVals = -6.4688604639E+00 -6.4624073479E+00 -5.8672405349E+00
           HessRho_EigVec1 = -3.2994119216E-01 -8.4183592201E-01 -4.2714293876E-01
           HessRho_EigVec2 =  9.0916911251E-01 -4.0515648116E-01  9.6227598051E-02
           HessRho_EigVec3 = -2.5406757875E-01 -3.5659571813E-01  8.9904903050E-01
           DelSqRho = -1.8798508347E+01
           Bond Ellipticity = NA
           V = -4.7085971792E+00
           G =  4.4850462606E-03
           K =  4.7041121329E+00
           L =  4.6996270867E+00
           Vnuc =  3.9046382823E+01
           Ven = -1.6595357130E+01
           Vrep =  1.1886759951E+01
           DelSqV =  7.0766328542E+02
           DelSqVen =  7.3401375374E+02
           DelSqVrep = -2.6350468318E+01
           DelSqG =  6.9622124304E+01
           DelSqK = -7.7728540973E+02
           Stress_EigVals = -1.6204733357E+00 -1.6197336686E+00 -1.4683901748E+00
           Stress_EigVec1 = -3.2264759105E-01 -8.4586562232E-01 -4.2474684339E-01
           Stress_EigVec2 =  9.1194133554E-01 -3.9798766647E-01  9.9843967633E-02
           Stress_EigVec3 = -2.5349858486E-01 -3.5512978799E-01  8.9978958716E-01
           -DivStress =  2.0093208928E+00  2.8200308981E+00 -7.1137605735E+00
           ESP =  -1.1044687024E+00     ESP at Nucleus =  -1.1069345785E+00
           ESPe = -1.1659806556E+01     ESPe at Nucleus = -1.1595719741E+01
           ESPn =  1.0555337854E+01     ESPn at Nucleus =  1.0488785162E+01

CP# 14     Coords = -7.40954501981073E+00 -7.10934606567961E-01  2.88007695440778E+00
           Type = (3,-3) NACP H14
           Rho =  4.2542220455E-01     Rho at Nucleus =  4.2172494158E-01
           GradRho =  4.5879020998E-11  6.2218313737E-11 -1.5893571627E-10
           HessRho_EigVals = -6.4765809831E+00 -6.4703190053E+00 -5.8759705466E+00
           HessRho_EigVec1 = -3.1975900567E-01 -8.4721609519E-01 -4.2423939744E-01
           HessRho_EigVec2 =  9.1123403051E-01 -3.9766150451E-01  1.0732133746E-01
           HessRho_EigVec3 = -2.5962804151E-01 -3.5226441188E-01  8.9916798441E-01
           DelSqRho = -1.8822870535E+01
           Bond Ellipticity = NA
           V = -4.7146533601E+00
           G =  4.4678631790E-03
           K =  4.7101854969E+00
           L =  4.7057176338E+00
           Vnuc =  3.8782938299E+01
           Ven = -1.6499123110E+01
           Vrep =  1.1784469750E+01
           DelSqV =  7.0867100856E+02
           DelSqVen =  7.3000622685E+02
           DelSqVrep = -2.1335218292E+01
           DelSqG =  6.9734257357E+01
           DelSqK = -7.7840526592E+02
           Stress_EigVals = -1.6224248927E+00 -1.6216490172E+00 -1.4705794502E+00
           Stress_EigVec1 = -3.2291339611E-01 -8.4667704104E-01 -4.2292425655E-01
           Stress_EigVec2 =  9.1029674082E-01 -4.0014459122E-01  1.0603843535E-01
           Stress_EigVec3 = -2.5901116244E-01 -3.5074534108E-01  8.9993939987E-01
           -DivStress = -2.0494403110E+00 -2.7783396210E+00  7.1076088547E+00
           ESP =  -1.1044178746E+00     ESP at Nucleus =  -1.1068750469E+00
           ESPe = -1.1323320716E+01     ESPe at Nucleus = -1.1250376695E+01
           ESPn =  1.0218902842E+01     ESPn at Nucleus =  1.0143501648E+01

CP# 15     Coords = -8.05832420786710E+00 -3.18807979396635E+00 -1.00247456156863E+00
           Type = (3,-3) NACP H15
           Rho =  4.2549318158E-01     Rho at Nucleus =  4.2180260921E-01
           GradRho =  1.8899040444E-10  4.2378823201E-10 -9.0613527726E-12
           HessRho_EigVals = -6.4776446984E+00 -6.4712634689E+00 -5.8776067552E+00
           HessRho_EigVec1 = -8.1335293546E-02  5.7586046780E-02  9.9502181747E-01
           HessRho_EigVec2 =  9.0971188661E-01 -4.0357818977E-01  9.7718616967E-02
           HessRho_EigVec3 =  4.0719633272E-01  9.1313114718E-01 -1.9561560725E-02
           DelSqRho = -1.8826514923E+01
           Bond Ellipticity = NA
           V = -4.7156047811E+00
           G =  4.4880252228E-03
           K =  4.7111167559E+00
           L =  4.7066287306E+00
           Vnuc =  3.8469460303E+01
           Ven = -1.6368493058E+01
           Vrep =  1.1652888277E+01
           DelSqV =  7.0884066501E+02
           DelSqVen =  7.2424586922E+02
           DelSqVrep = -1.5405204204E+01
           DelSqG =  6.9749865903E+01
           DelSqK = -7.7859053092E+02
           Stress_EigVals = -1.6226825938E+00 -1.6219286463E+00 -1.4709935409E+00
           Stress_EigVec1 = -8.4550387368E-02  5.7044350080E-02  9.9478498889E-01
           Stress_EigVec2 =  9.0951456238E-01 -4.0335656382E-01  1.0043277966E-01
           Stress_EigVec3 =  4.0698217751E-01  9.1326306426E-01 -1.7778713381E-02
           -DivStress = -3.2143222197E+00 -7.2097251356E+00  1.5038877500E-01
           ESP =  -1.1039211079E+00     ESP at Nucleus =  -1.1063740249E+00
           ESPe = -1.0980274509E+01     ESPe at Nucleus = -1.0907088327E+01
           ESPn =  9.8763534013E+00     ESPn at Nucleus =  9.8007143024E+00

CP# 16     Coords =  1.17151637266635E+00 -4.27221554024356E-01  5.10539623011203E-02
           Type = (3,-1) BCP C4 C5
           Rho =  2.8786870382E-01
           GradRho =  1.9197086775E-13  1.8745482776E-13 -1.3049537393E-14
           HessRho_EigVals = -5.8092490392E-01 -4.8238520264E-01  3.4423317022E-01
           HessRho_EigVec1 =  8.3660082770E-01 -5.4779924086E-01 -3.8790206805E-03
           HessRho_EigVec2 =  3.0087796470E-02  3.8877645865E-02  9.9879089561E-01
           HessRho_EigVec3 =  5.4698608720E-01  8.3570600115E-01 -4.9007142775E-02
           DelSqRho = -7.1907693634E-01
           Bond Ellipticity =  2.0427596190E-01
           V = -3.5944607004E-01
           G =  8.9838417977E-02
           K =  2.6960765206E-01
           L =  1.7976923408E-01
           Vnuc =  2.1165805569E+01
           Ven = -6.0929730143E+00
           Vrep =  5.7335269442E+00
           DelSqV = -2.2497751347E+00
           DelSqVen =  1.5219842623E+01
           DelSqVrep = -1.7469617758E+01
           DelSqG =  1.2890699558E+00
           DelSqK =  9.6070517894E-01
           Stress_EigVals = -2.2529897622E-01 -2.0878189417E-01  7.4634800346E-02
           Stress_EigVec1 =  3.0054143423E-02  3.8885628530E-02  9.9879159806E-01
           Stress_EigVec2 =  8.3205076103E-01 -5.5468882130E-01 -3.4413079353E-03
           Stress_EigVec3 =  5.5388471683E-01  8.3114873484E-01 -4.9025514202E-02
           -DivStress = -2.4463371819E-02 -9.0398328148E-02  4.2490080051E-03
           ESP =   8.1471572646E-01
           ESPe = -2.0351089842E+01
           ESPn =  2.1165805569E+01
           BPL =  2.7118194501E+00 =  1.3934655356E+00 +  1.3183539144E+00                
           GBL_I =  2.7078669356E+00                                                      
           GBL_II =  2.7078648722E+00                                                     
           GBL_III =  2.7097395241E+00 =  1.3914286497E+00 +  1.3183108745E+00            
           GBL_IV =  2.7097376449E+00 =  1.3914255122E+00 +  1.3183121327E+00             

