AIMSum (Version 19.02.13, Professional)
Copyright (c) 1997-2019 by Todd A. Keith
AIMSum is a component of the AIMAll package ( http://aim.tkgristmill.com )

TP:  64-bit Linux

Much of the Quantum Theory of Atoms in Molecules (QTAIM) is described in the book:
  "Atoms in Molecules - A Quantum Theory"
  R.F.W. Bader, Oxford University Press, Oxford, 1990

For additional references see:  http://aim.tkgristmill.com/references.html

Wfn File:  /home/mhennefarth/Documents/ML_Diels/summary-pieniazek2006/r_6c-opt/r_6c-opt.wfn
Sum File:  /home/mhennefarth/Documents/ML_Diels/summary-pieniazek2006/r_6c-opt/r_6c-opt.sum

SumViz File:  /home/mhennefarth/Documents/ML_Diels/summary-pieniazek2006/r_6c-opt/r_6c-opt.sumviz

Wfn Title:   Title Card Required                                                           
 
Total memory allocated for AIMSum =        0.840 Megabytes

Atomic units (a.u.) used throughout, except where stated otherwise

Model:  Restricted SCF
 
Restricted, closed-shell, single-determinant wavefunction.
  Number of electrons (from MO Occs)                   =          68.0000000000
  Number of Alpha electrons (from MO Occs)             =          34.0000000000
  Number of Beta electrons (from MO Occs)              =          34.0000000000
  Number of electron pairs (N*(N-1)/2)                 =        2278.0000000000
  Number of electron pairs (from Muller 2EDM)          =        2278.0000000000
 
Nuclear Charges and Cartesian Coordinates:
-------------------------------------------------------------------------------
Atom      Charge                X                  Y                  Z
-------------------------------------------------------------------------------
H1         1.0           1.8896030600E+00   1.0784676100E+00   3.9107053000E+00
C2         6.0           7.1005691000E-01   1.1255579300E+00   2.2019618800E+00
C3         6.0           3.1052750000E-01   3.7669731800E+00   1.2130714000E+00
C4         6.0          -6.1031646500E+00   1.0463361000E-01  -3.0420423000E-01
C5         6.0          -5.4893165200E+00  -2.3319796600E+00  -4.5721428000E-01
C6         6.0           1.9827303900E+00  -1.4918114000E-01   1.0742100000E-03
H7         1.0          -1.0830834300E+00   1.9223249000E-01   2.6805159300E+00
C8         6.0           1.2058264200E+00   3.9208461000E+00  -1.1704568100E+00
H9         1.0          -7.8683232600E+00   7.2558338000E-01   5.4683422000E-01
H10        1.0          -4.8653195900E+00   1.5792096800E+00  -1.0228172500E+00
H11        1.0          -3.7271388500E+00  -2.9524170900E+00  -1.3127604600E+00
H12        1.0          -6.7242715700E+00  -3.8093636600E+00   2.6163428000E-01
C13        6.0           2.2581089500E+00   1.4710566900E+00  -1.9440487000E+00
H14        1.0           1.1818284600E+00   5.5806049800E+00  -2.3740418800E+00
H15        1.0           3.1035327600E+00   1.0590712400E+00  -3.7624512600E+00
H16        1.0          -5.6944779000E-01   5.2633394400E+00   2.2992293400E+00
Cl17      17.0           2.9067062500E+00  -3.3037746100E+00   9.0120650000E-02
 
Some Atomic Properties:
----------------------
  q(A) = Net Charge of Atom A
  L(A) = Lagrangian of Atom A = -(1/4) Times Atomic Integral of the Laplacian of the Electron Density
  K(A) = Electronic Kinetic Energy of Atom A (Hamiltonian Form)
  K_Scaled(A) = K(A) * E(Mol)/K(Mol) = Approximation to Virial-Based Total Energy of Atom A.
  |Mu_Intra(A)| = Magnitude of Intraatomic Dipole Moment of Atom A
--------------------------------------------------------------------------------------------------
Atom A          q(A)              L(A)              K(A)          K_Scaled(A)      |Mu_Intra(A)|
--------------------------------------------------------------------------------------------------
H1        5.7484062640E-02  2.5768941469E-05  5.8524642503E-01 -5.8857995940E-01  1.4801741077E-01
C2        4.9289596000E-03 -3.4197512906E-05  3.7706854352E+01 -3.7921630709E+01  1.9087229847E-01
C3       -6.6646030800E-02  4.5353372637E-05  3.7726414645E+01 -3.7941302416E+01  1.8047603272E-01
C4       -8.7186943600E-02 -2.5686114195E-04  3.7696612718E+01 -3.7911330739E+01  9.3624151122E-02
C5       -8.3883161800E-02 -8.3234833221E-05  3.7695083961E+01 -3.7909793274E+01  9.3577161307E-02
C6        2.7449627700E-02 -3.2274439549E-04  3.7675805676E+01 -3.7890405182E+01  1.6942397782E-01
H7        7.1967017750E-02  3.2122421113E-05  5.7915127871E-01 -5.8245009544E-01  1.4378023941E-01
C8       -4.5171996800E-02 -1.1678942366E-04  3.7719600063E+01 -3.7934449019E+01  1.6553703911E-01
H9        3.7175422130E-02  1.6773164594E-05  5.9672620872E-01 -6.0012513136E-01  1.4769147018E-01
H10       4.8740320830E-02  3.3128933965E-05  5.9221485198E-01 -5.9558807816E-01  1.4266868636E-01
H11       4.9105364400E-02  3.0887554294E-05  5.9212024239E-01 -5.9549292968E-01  1.4251811175E-01
H12       3.9097128920E-02  1.6534458043E-05  5.9604098352E-01 -5.9943600316E-01  1.4726188160E-01
C13      -1.2622287900E-02  2.2782110658E-06  3.7714768435E+01 -3.7929589871E+01  2.1425228775E-01
H14       5.2560497350E-02  1.9191043689E-05  5.9027562360E-01 -5.9363780404E-01  1.4791183264E-01
H15       6.7298856440E-02  2.0824180170E-05  5.8380091956E-01 -5.8712622040E-01  1.4597147712E-01
H16       5.6334921260E-02  1.9605901675E-05  5.8810983962E-01 -5.9145968387E-01  1.4824352121E-01
Cl17     -2.1710224800E-01  4.4863245525E-06  4.5890097341E+02 -4.6151485041E+02  1.7020079842E-01
--------------------------------------------------------------------------------------------------
Total    -4.7048988000E-04 -5.4687279996E-04  7.2813979963E+02 -7.3228724753E+02
 
1st Largest |L(A)| = 3.2274439549E-04, atom C6      
2nd Largest |L(A)| = 2.5686114195E-04, atom C4      
 
Molecular charge q(Mol) from the wfn file:   0.0000000000E+00
Molecular energy E(Mol) from the wfn file:  -7.3228737703E+02
Molecular virial ratio (-V(Mol)/T(Mol)) from the wfn file:   2.0056959500E+00
Note.  K_Scaled(A) = (1+V(Mol)/T(Mol))*K(A) = (E(Mol)/T(Mol))*K(A)
       Only use K_Scaled(A) data with caution.
 
N_AIMInt(SumA)     =         68.000470
N_Analytic(Mol)    =         67.999991
 
G_AIMInt(SumA)     =        728.140347
G_Analytic(Mol)    =        728.139919
 
K_AIMInt(SumA)     =        728.139800
K_Analytic(Mol)    =        728.139919
 
L_AIMInt(SumA)     =         -0.000547
L_Analytic(Mol)    =          0.000000
 
VenT_AIMInt(SumA)  =      -2500.147346
VenT_Analytic(Mol) =      -2500.140570
 
Some Information About the Atomic Calculations:
----------------------------------------------
  Time(sec) = "Elapsed User Time", in Seconds, for Atom A by AIMInt and, if used, by TWOe
  NProc = Number of Processors Used for AIMInt Job
  BIM = Basin Integration Method
  OAQ = Angular Quadrature Outside of Beta Sphere
  ORQ = Multiple of Default for Radial Quadrature Outside of Beta Sphere
  IAQ = Multiple of Default for Angular Quadrature Inside of Beta Sphere
  IRQ = Multiple of Default for Radial Quadrature Inside of Beta Sphere
  MIR = Maximum Integration Radius
------------------------------------------------------------------------------------------------------
Atom A     Time(sec)   NProc      BIM          OAQ                     ORQ      IAQ      IRQ      MIR
------------------------------------------------------------------------------------------------------
H1              5        8     Proaim(5)    1800(GS4)                  1.00     1.00     1.00    13.00
C2            132        8     Proaim(5)    4500(GS4)                  1.00     1.00     1.00    13.00
C3             35        8     Proaim(5)    4500(GS4)                  1.00     1.00     1.00    13.00
C4             79        8     Proaim(5)    4500(GS4)                  1.00     1.00     1.00    13.00
C5             78        8     Proaim(5)    4500(GS4)                  1.00     1.00     1.00    13.00
C6             68        8     Proaim(5)    4500(GS4)                  1.00     1.00     1.00    13.00
H7             84        8     Proaim(5)    4500(GS4)                  1.00     1.00     1.00    13.00
C8             20        8     Proaim(5)    4500(GS4)                  1.00     1.00     1.00    13.00
H9              4        8     Proaim(5)    1800(GS4)                  1.00     1.00     1.00    13.00
H10            12        8     Proaim(5)    4500(GS4)                  1.00     1.00     1.00    13.00
H11            40        8     Proaim(5)    1800(GS4)                  1.00     1.00     1.00    13.00
H12             4        8     Proaim(5)    1800(GS4)                  1.00     1.00     1.00    13.00
C13            19        8     Proaim(5)    4500(GS4)                  1.00     1.00     1.00    13.00
H14             7        8     Proaim(5)    1800(GS4)                  1.00     1.00     1.00    13.00
H15             5        8     Proaim(5)    1800(GS4)                  1.00     1.00     1.00    13.00
H16             5        8     Proaim(5)    1800(GS4)                  1.00     1.00     1.00    13.00
Cl17           18        8     Proaim(5)    3150(GS4)                  1.00     1.00     1.00    13.00
------------------------------------------------------------------------------------------------------
Total         615
Note:  Total wall clock time is less than total of atomic times if more than one atom
       was calculated at a time
 
Electron Density Critical Point Analysis of Molecular Structure:               
---------------------------------------------------------------                
  NACP = Nuclear Attractor Critical Point                                      
  NNACP = Non-Nuclear Attractor Critical Point                                 
  BCP = Bond Critical Point                                                    
  RCP = Ring Critical Point                                                    
  CCP = Cage Critical Point                                                    
  Rho = Electron Density                                                       
  GradRho = Gradient of Electron Density                                       
  HessRho_EigVals = Eigenvalues of the Hessian of Rho, Ascending Order         
  HessRho_EigVecs = Eigenvectors of the Hessian of Rho                         
  DelSqRho = Laplacian of Rho = Trace of Hessian of Rho                        
  Bond Ellipticity = (HessRho_EigVal(1) / HessRho_EigVal(2)) - 1               
  V = Virial Field = Potential Energy Density = Trace of Stress Tensor         
  G = Lagrangian Form of Kinetic Energy Density                                
  K = Hamiltonian Form of Kinetic Energy Density                               
  L = K - G = Lagrangian Density = (-1/4)DelSqRho                              
  Vnuc = Electrostatic Potential from Nuclei                                   
  Ven = Electron-nuclear attractive contribution to Virial Field V             
  Vrep = V - Ven = Repulsive contribution to Virial Field V                    
  DelSqV = Laplacian of V                                                      
  DelSqVen = Laplacian of Ven                                                  
  DelSqVrep = Laplacian of Vrep                                                
  DelSqG = Laplacian of G                                                      
  DelSqK = Laplacian of K                                                      
  Stress_EigVals = Eigenvalues of Stress Tensor, Ascending Order               
  Stress_EigVecs = Eigenvectors of Stress Tensor                               
  -DivStress = Ehrenfest Force Density = Minus Divergence of Stress Tensor     
  ESP = Total Electrostatic Potential                                          
  ESPe = Electrostatic Potential from Electrons                                
  ESPn = Electrostatic Potential from Nuclei                                   
  BP = Bond Path                                                               
  BPL = Bond Path Length                                                       
  GBL = Geometric Bond Length                                                  
  GBL_I = Distance Between Nuclear Attractors                                  
  GBL_II = Distance Between Nuclei                                             
  GBL_III = Sum of Distances Between BCP and Nuclear Attractors                
  GBL_IV = Sum of Distances Between BCP and Nuclei                             

CP# 1      Coords =  1.87034600169301E+00  1.07923799913197E+00  3.88273992189510E+00
           Type = (3,-3) NACP H1
           Rho =  4.1563109858E-01     Rho at Nucleus =  4.1221714386E-01
           GradRho = -2.4760602639E-15 -5.1662233519E-17 -1.8904013554E-15
           HessRho_EigVals = -6.3361680684E+00 -6.3345855286E+00 -5.7742435768E+00
           HessRho_EigVec1 = -4.4251604665E-01  8.3490338967E-01  3.2728562200E-01
           HessRho_EigVec2 =  6.9508974247E-01  5.4993308236E-01 -4.6305923470E-01
           HessRho_EigVec3 =  5.6659491559E-01 -2.2581736801E-02  8.2368699565E-01
           DelSqRho = -1.8444997174E+01
           Bond Ellipticity = NA
           V = -4.6209048673E+00
           G =  4.8277868994E-03
           K =  4.6160770804E+00
           L =  4.6112492935E+00
           Vnuc =  4.2757928987E+01
           Ven = -1.7771524998E+01
           Vrep =  1.3150620131E+01
           DelSqV =  6.9554348805E+02
           DelSqVen =  7.8866987933E+02
           DelSqVrep = -9.3126391285E+01
           DelSqG =  6.8556046230E+01
           DelSqK = -7.6409953428E+02
           Stress_EigVals = -1.5876703865E+00 -1.5876297415E+00 -1.4456047393E+00
           Stress_EigVec1 =  5.9162423695E-02  9.9815911036E-01 -1.3349083268E-02
           Stress_EigVec2 =  8.2180036186E-01 -5.6292098445E-02 -5.6698797597E-01
           Stress_EigVec3 =  5.6669566159E-01 -2.2574101404E-02  8.2361789507E-01
           -DivStress =  4.2591372603E+00 -1.7042783365E-01  6.1856959254E+00
           ESP =  -1.0876264355E+00     ESP at Nucleus =  -1.0899126525E+00
           ESPe = -1.4401810159E+01     ESPe at Nucleus = -1.4311700278E+01
           ESPn =  1.3314183724E+01     ESPn at Nucleus =  1.3221787625E+01

CP# 2      Coords =  7.10057448344293E-01  1.12555785020315E+00  2.20196117560334E+00
           Type = (3,-3) NACP C2
           Rho =  1.1754755916E+02     Rho at Nucleus =  1.1754755910E+02
           GradRho =  9.1622263799E-11 -1.9642556990E-11 -1.2352685208E-10
           HessRho_EigVals = -1.4484745132E+05 -1.4484703647E+05 -1.4484691638E+05
           HessRho_EigVec1 = -4.0929450095E-01  7.5900165459E-01  5.0635412492E-01
           HessRho_EigVec2 =  8.2353581930E-01  6.8417361785E-02  5.6312327153E-01
           HessRho_EigVec3 =  3.9276808147E-01  6.4748401752E-01 -6.5306789941E-01
           DelSqRho = -4.3454140417E+05
           Bond Ellipticity = NA
           V = -1.0864583998E+05
           G =  5.2444708449E+00
           K =  1.0864059551E+05
           L =  1.0863535104E+05
           Vnuc =  6.7404943706E+06
           Ven = -7.9232866077E+08
           Vrep =  7.9222001493E+08
           DelSqV =  2.4925748100E+09
           DelSqVen =  2.9290241720E+12
           DelSqVrep = -2.9265315972E+12
           DelSqG =  1.3388902641E+08
           DelSqK = -2.6264638364E+09
           Stress_EigVals = -3.6215353765E+04 -3.6215327708E+04 -3.6215158512E+04
           Stress_EigVec1 =  4.4723147624E-01  5.9830271969E-01 -6.6484423910E-01
           Stress_EigVec2 =  7.9525022748E-01  7.4196404472E-02  6.0172416376E-01
           Stress_EigVec3 = -4.0934225576E-01  7.9782751843E-01  4.4261740644E-01
           -DivStress = -4.3731110884E+02  6.2364038273E+01  5.7340246540E+02
           ESP =  -1.4721056684E+01     ESP at Nucleus =  -1.4721056686E+01
           ESPe = -2.8449302145E+01     ESPe at Nucleus = -2.8449300945E+01
           ESPn =  1.3728245460E+01     ESPn at Nucleus =  1.3728244259E+01

CP# 3      Coords =  3.10527222478524E-01  3.76697209602626E+00  1.21307264413296E+00
           Type = (3,-3) NACP C3
           Rho =  1.1766630137E+02     Rho at Nucleus =  1.1766630116E+02
           GradRho = -1.7469886215E-10 -6.9597762145E-10  7.7625031229E-10
           HessRho_EigVals = -1.4498934216E+05 -1.4498887798E+05 -1.4498844200E+05
           HessRho_EigVec1 =  8.9262625086E-01  2.7861144227E-01  3.5439249500E-01
           HessRho_EigVec2 = -1.9562571165E-01  9.4766997680E-01 -2.5229386835E-01
           HessRho_EigVec3 = -4.0613908606E-01  1.5587584578E-01  9.0041866011E-01
           DelSqRho = -4.3496666215E+05
           Bond Ellipticity = NA
           V = -1.0875192406E+05
           G =  5.1292622441E+00
           K =  1.0874679480E+05
           L =  1.0874166554E+05
           Vnuc =  3.5857728671E+06
           Ven = -4.2192463080E+08
           Vrep =  4.2181587888E+08
           DelSqV =  2.4949944721E+09
           DelSqVen =  1.5596916900E+12
           DelSqVrep = -1.5571966955E+12
           DelSqG =  1.3401571552E+08
           DelSqK = -2.6290101876E+09
           Stress_EigVals = -3.6250911526E+04 -3.6250682344E+04 -3.6250330191E+04
           Stress_EigVec1 = -4.3068982067E-01  3.1632804146E-01  8.4524721151E-01
           Stress_EigVec2 = -1.1816595971E-01  9.0873432516E-01 -4.0029830407E-01
           Stress_EigVec3 =  8.9473073287E-01  2.7228385273E-01  3.5400341693E-01
           -DivStress =  2.2348922711E+02  8.8458031954E+02 -1.0089963596E+03
           ESP =  -1.4735897254E+01     ESP at Nucleus =  -1.4735897272E+01
           ESPe = -2.7525419339E+01     ESPe at Nucleus = -2.7525419120E+01
           ESPn =  1.2789522085E+01     ESPn at Nucleus =  1.2789521848E+01

CP# 4      Coords = -6.10316497579070E+00  1.04634478345751E-01 -3.04204043670265E-01
           Type = (3,-3) NACP C4
           Rho =  1.1768243624E+02     Rho at Nucleus =  1.1768243617E+02
           GradRho = -6.7555966030E-11  1.7532366444E-10  3.8028199296E-11
           HessRho_EigVals = -1.4501148216E+05 -1.4501041694E+05 -1.4501022065E+05
           HessRho_EigVec1 =  4.5106779530E-01  5.3754964089E-02  8.9086937756E-01
           HessRho_EigVec2 =  8.7996516370E-01  1.3985197193E-01 -4.5398539253E-01
           HessRho_EigVec3 = -1.4899380766E-01  9.8871220776E-01  1.5780224874E-02
           DelSqRho = -4.3503211976E+05
           Bond Ellipticity = NA
           V = -1.0876821912E+05
           G =  5.0945908615E+00
           K =  1.0876312453E+05
           L =  1.0875802994E+05
           Vnuc =  6.3426227490E+06
           Ven = -7.4641529726E+08
           Vrep =  7.4630652904E+08
           DelSqV =  2.4953698431E+09
           DelSqVen =  2.7592443822E+12
           DelSqVrep = -2.7567490124E+12
           DelSqG =  1.3403807121E+08
           DelSqK = -2.6294079143E+09
           Stress_EigVals = -3.6256336603E+04 -3.6256219920E+04 -3.6255662598E+04
           Stress_EigVec1 = -1.9535536202E-01  9.8000405581E-01  3.7793294717E-02
           Stress_EigVec2 =  8.7135754700E-01  1.9112461667E-01 -4.5189313581E-01
           Stress_EigVec3 =  4.5008033485E-01  5.5348274560E-02  8.9127114880E-01
           -DivStress =  2.6519462105E+02 -7.0490779786E+02 -1.5078928665E+02
           ESP =  -1.4745090888E+01     ESP at Nucleus =  -1.4745090901E+01
           ESPe = -2.4753389776E+01     ESPe at Nucleus = -2.4753390689E+01
           ESPn =  1.0008298888E+01     ESPn at Nucleus =  1.0008299788E+01

CP# 5      Coords = -5.48931637617861E+00 -2.33198055896680E+00 -4.57214231360767E-01
           Type = (3,-3) NACP C5
           Rho =  1.1768257818E+02     Rho at Nucleus =  1.1768257812E+02
           GradRho = -3.6860837950E-11 -1.5246064632E-10  1.0801225366E-11
           HessRho_EigVals = -1.4501128383E+05 -1.4501019645E+05 -1.4501000181E+05
           HessRho_EigVec1 =  4.5135924930E-01  6.0742180580E-02  8.9027255129E-01
           HessRho_EigVec2 =  8.3581790297E-01  3.2065989920E-01 -4.4562951218E-01
           HessRho_EigVec3 = -3.1254321486E-01  9.4524473897E-01  9.3963409388E-02
           DelSqRho = -4.3503148209E+05
           Bond Ellipticity = NA
           V = -1.0876805545E+05
           G =  5.0924649198E+00
           K =  1.0876296299E+05
           L =  1.0875787052E+05
           Vnuc =  6.5811429274E+06
           Ven = -7.7448586706E+08
           Vrep =  7.7437709901E+08
           DelSqV =  2.4953657038E+09
           DelSqVen =  2.8630043853E+12
           DelSqVrep = -2.8605090196E+12
           DelSqG =  1.3403748652E+08
           DelSqK = -2.6294031903E+09
           Stress_EigVals = -3.6256283754E+04 -3.6256167281E+04 -3.6255604416E+04
           Stress_EigVec1 = -2.7927985587E-01  9.5699697233E-01  7.8482845605E-02
           Stress_EigVec2 =  8.4763576907E-01  2.8411345680E-01 -4.4809948300E-01
           Stress_EigVec3 =  4.5112788109E-01  5.8620291833E-02  8.9053202990E-01
           -DivStress = -1.1610042209E+02  7.3003645378E+02 -3.8946566954E+01
           ESP =  -1.4744989476E+01     ESP at Nucleus =  -1.4744989489E+01
           ESPe = -2.4785425675E+01     ESPe at Nucleus = -2.4785426523E+01
           ESPn =  1.0040436198E+01     ESPn at Nucleus =  1.0040437034E+01

CP# 6      Coords =  1.98273169712845E+00 -1.49187401492858E-01  1.07557121630748E-03
           Type = (3,-3) NACP C6
           Rho =  1.1765150070E+02     Rho at Nucleus =  1.1765149760E+02
           GradRho = -1.0556035213E-11 -1.8386095597E-12  1.4632392520E-15
           HessRho_EigVals = -1.4495903118E+05 -1.4495767250E+05 -1.4495711628E+05
           HessRho_EigVec1 = -3.1689181448E-01  9.4608179162E-01  6.7147758612E-02
           HessRho_EigVec2 =  8.9722888464E-01  2.7606883626E-01  3.4462490654E-01
           HessRho_EigVec3 = -3.0750594544E-01 -1.6945572051E-01  9.3633586512E-01
           DelSqRho = -4.3487381996E+05
           Bond Ellipticity = NA
           V = -1.0872851032E+05
           G =  5.0276642696E+00
           K =  1.0872348266E+05
           L =  1.0871845499E+05
           Vnuc =  9.1748752805E+05
           Ven = -1.0794378455E+08
           Vrep =  1.0783505604E+08
           DelSqV =  2.4944467250E+09
           DelSqVen =  3.9899130394E+11
           DelSqVrep = -3.9649685721E+11
           DelSqG =  1.3397414494E+08
           DelSqK = -2.6284208699E+09
           Stress_EigVals = -3.6243159483E+04 -3.6242727112E+04 -3.6242623725E+04
           Stress_EigVec1 = -2.8873228288E-01 -2.4505644511E-01  9.2551661656E-01
           Stress_EigVec2 =  8.9455821822E-01  2.7542793303E-01  3.5200148851E-01
           Stress_EigVec3 = -3.4117336214E-01  9.2956268880E-01  1.3969232103E-01
           -DivStress = -1.0587183695E+03  5.0755427260E+03 -1.1065322197E+03
           ESP =  -1.4683939925E+01     ESP at Nucleus =  -1.4683940164E+01
           ESPe = -3.0127710726E+01     ESPe at Nucleus = -3.0127711642E+01
           ESPn =  1.5443770801E+01     ESPn at Nucleus =  1.5443771478E+01

CP# 7      Coords = -1.05325086351889E+00  2.07695150738791E-01  2.67265428959120E+00
           Type = (3,-3) NACP H7
           Rho =  4.1318497059E-01     Rho at Nucleus =  4.0968760573E-01
           GradRho =  9.9445327190E-15  5.3892166337E-15 -2.8719160296E-15
           HessRho_EigVals = -6.2929163726E+00 -6.2917201585E+00 -5.7248683746E+00
           HessRho_EigVec1 = -3.4224459664E-01  8.5705183503E-01  3.8513736269E-01
           HessRho_EigVec2 =  3.6951200440E-01 -2.5409874164E-01  8.9380910048E-01
           HessRho_EigVec3 =  8.6390364895E-01  4.4821421393E-01 -2.2972702009E-01
           DelSqRho = -1.8309504906E+01
           Bond Ellipticity = NA
           V = -4.5871139427E+00
           G =  4.8688581187E-03
           K =  4.5822450846E+00
           L =  4.5773762264E+00
           Vnuc =  4.3229169759E+01
           Ven = -1.7861643235E+01
           Vrep =  1.3274529293E+01
           DelSqV =  6.8993994126E+02
           DelSqVen =  7.9150469577E+02
           DelSqVrep = -1.0156475451E+02
           DelSqG =  6.7960313538E+01
           DelSqK = -7.5790025480E+02
           Stress_EigVals = -1.5768832775E+00 -1.5768331051E+00 -1.4333975601E+00
           Stress_EigVec1 = -4.8660524679E-01  8.6032614849E-01 -1.5183626711E-01
           Stress_EigVec2 =  1.2938124509E-01  2.4285259646E-01  9.6139643738E-01
           Stress_EigVec3 =  8.6398832585E-01  4.4817578539E-01 -2.2948341591E-01
           -DivStress = -6.5509839896E+00 -3.3951848009E+00  1.7259079051E+00
           ESP =  -1.0887838141E+00     ESP at Nucleus =  -1.0911207198E+00
           ESPe = -1.5340129999E+01     ESPe at Nucleus = -1.5264122576E+01
           ESPn =  1.4251346185E+01     ESPn at Nucleus =  1.4173001856E+01

CP# 8      Coords =  1.20582709493971E+00  3.92084540725772E+00 -1.17045810852073E+00
           Type = (3,-3) NACP C8
           Rho =  1.1767000894E+02     Rho at Nucleus =  1.1767000875E+02
           GradRho =  3.9509320197E-10 -4.2232070065E-10 -7.7109887805E-10
           HessRho_EigVals = -1.4499060037E+05 -1.4498985865E+05 -1.4498946470E+05
           HessRho_EigVec1 =  8.9614123338E-01  2.7173651273E-01  3.5084206916E-01
           HessRho_EigVec2 = -3.6278333201E-01  9.0392002701E-01  2.2653220253E-01
           HessRho_EigVec3 = -2.5557610190E-01 -3.3028450223E-01  9.0862148540E-01
           DelSqRho = -4.3496992372E+05
           Bond Ellipticity = NA
           V = -1.0875273114E+05
           G =  5.1251053985E+00
           K =  1.0874760604E+05
           L =  1.0874248093E+05
           Vnuc =  3.7056996775E+06
           Ven = -4.3604971416E+08
           Vrep =  4.3594096143E+08
           DelSqV =  2.4950092911E+09
           DelSqVen =  1.6118680125E+12
           DelSqVrep = -1.6093730360E+12
           DelSqG =  1.3401323111E+08
           DelSqK = -2.6290225222E+09
           Stress_EigVals = -3.6251187179E+04 -3.6250989851E+04 -3.6250554111E+04
           Stress_EigVec1 = -2.1056224037E-01 -4.4005236253E-01  8.7293611516E-01
           Stress_EigVec2 = -3.9209318023E-01  8.5600006961E-01  3.3693741087E-01
           Stress_EigVec3 =  8.9550347902E-01  2.7132600144E-01  3.5278282271E-01
           -DivStress = -5.4860906383E+02  5.6712520393E+02  1.0504252243E+03
           ESP =  -1.4733094443E+01     ESP at Nucleus =  -1.4733094462E+01
           ESPe = -2.7404461856E+01     ESPe at Nucleus = -2.7404462160E+01
           ESPn =  1.2671367413E+01     ESPn at Nucleus =  1.2671367698E+01

CP# 9      Coords = -7.83839070645682E+00  7.15097967234299E-01  5.32410771941899E-01
           Type = (3,-3) NACP H9
           Rho =  4.2580917648E-01     Rho at Nucleus =  4.2214216725E-01
           GradRho =  1.0241488918E-14 -4.1906650134E-15 -5.8859624938E-15
           HessRho_EigVals = -6.4834481250E+00 -6.4771159893E+00 -5.8855720267E+00
           HessRho_EigVec1 =  2.4323571711E-01  9.5190627227E-01 -1.8630843978E-01
           HessRho_EigVec2 =  4.5014749890E-01  5.9359798463E-02  8.9097903655E-01
           HessRho_EigVec3 =  8.5918776479E-01 -3.0058420308E-01 -4.1405980450E-01
           DelSqRho = -1.8846136141E+01
           Bond Ellipticity = NA
           V = -4.7205658846E+00
           G =  4.5159246970E-03
           K =  4.7160499600E+00
           L =  4.7115340353E+00
           Vnuc =  3.9041902476E+01
           Ven = -1.6624400341E+01
           Vrep =  1.1903834457E+01
           DelSqV =  7.0970634246E+02
           DelSqVen =  7.3578900926E+02
           DelSqVrep = -2.6082666802E+01
           DelSqG =  6.9843115100E+01
           DelSqK = -7.7954945756E+02
           Stress_EigVals = -1.6241612698E+00 -1.6234067304E+00 -1.4729978845E+00
           Stress_EigVec1 =  2.4544332899E-01  9.5142468492E-01 -1.8587264776E-01
           Stress_EigVec2 =  4.4987455167E-01  5.8051434135E-02  8.9120307380E-01
           Stress_EigVec3 =  8.5870277745E-01 -3.0235922332E-01 -4.1377341633E-01
           -DivStress = -6.7637988394E+00  2.3710056590E+00  3.2593956975E+00
           ESP =  -1.1100506252E+00     ESP at Nucleus =  -1.1124884361E+00
           ESPe = -1.1450635341E+01     ESPe at Nucleus = -1.1372658906E+01
           ESPn =  1.0340584716E+01     ESPn at Nucleus =  1.0260170470E+01

CP# 10     Coords = -4.88664162282729E+00  1.55397711966601E+00 -1.01046876897607E+00
           Type = (3,-3) NACP H10
           Rho =  4.2440507025E-01     Rho at Nucleus =  4.2066500634E-01
           GradRho = -3.5052256236E-16 -7.5804705395E-16  4.6004731058E-16
           HessRho_EigVals = -6.4584573991E+00 -6.4519165171E+00 -5.8548601650E+00
           HessRho_EigVec1 = -6.5943507255E-01  6.9591274676E-01  2.8434281069E-01
           HessRho_EigVec2 =  4.4716897788E-01  5.9064500739E-02  8.9249722127E-01
           HessRho_EigVec3 =  6.0430562658E-01  7.1569325388E-01 -3.5013979499E-01
           DelSqRho = -1.8765234081E+01
           Bond Ellipticity = NA
           V = -4.7003759544E+00
           G =  4.5337170674E-03
           K =  4.6958422374E+00
           L =  4.6913085203E+00
           Vnuc =  4.0562181781E+01
           Ven = -1.7214795608E+01
           Vrep =  1.2514419654E+01
           DelSqV =  7.0626250861E+02
           DelSqVen =  7.6115883596E+02
           DelSqVrep = -5.4896327347E+01
           DelSqG =  6.9481310225E+01
           DelSqK = -7.7574381884E+02
           Stress_EigVals = -1.6178656679E+00 -1.6171502520E+00 -1.4653600345E+00
           Stress_EigVec1 = -6.5818404095E-01  6.9496773014E-01  2.8950582429E-01
           Stress_EigVec2 =  4.5059029221E-01  5.5573540365E-02  8.9099942210E-01
           Stress_EigVec3 =  6.0312698232E-01  7.1689011409E-01 -3.4972332997E-01
           -DivStress =  4.7970903404E+00  5.6789530990E+00 -2.7786306422E+00
           ESP =  -1.1113635766E+00     ESP at Nucleus =  -1.1138417865E+00
           ESPe = -1.3318823422E+01     ESPe at Nucleus = -1.3270480910E+01
           ESPn =  1.2207459845E+01     ESPn at Nucleus =  1.2156639123E+01

CP# 11     Coords = -3.75739361871120E+00 -2.94184219411940E+00 -1.29806906688507E+00
           Type = (3,-3) NACP H11
           Rho =  4.2460138908E-01     Rho at Nucleus =  4.2086149988E-01
           GradRho = -1.7098280596E-13  6.0237947443E-14  8.3174196968E-14
           HessRho_EigVals = -6.4620689433E+00 -6.4555412856E+00 -5.8583556682E+00
           HessRho_EigVec1 =  2.4429327246E-01  9.5239729879E-01 -1.8237374344E-01
           HessRho_EigVec2 =  4.5158618927E-01  5.4697079263E-02  8.9054934910E-01
           HessRho_EigVec3 =  8.5813210562E-01 -2.9991267860E-01 -4.1672733834E-01
           DelSqRho = -1.8775965897E+01
           Bond Ellipticity = NA
           V = -4.7029721551E+00
           G =  4.4903403993E-03
           K =  4.6984818147E+00
           L =  4.6939914743E+00
           Vnuc =  4.0649245549E+01
           Ven = -1.7259726125E+01
           Vrep =  1.2556753970E+01
           DelSqV =  7.0667303195E+02
           DelSqVen =  7.6322884816E+02
           DelSqVrep = -5.6555816212E+01
           DelSqG =  6.9525567262E+01
           DelSqK = -7.7619859921E+02
           Stress_EigVals = -1.6187678826E+00 -1.6180320851E+00 -1.4661721874E+00
           Stress_EigVec1 =  2.4421089722E-01  9.5167995127E-01 -1.8618890415E-01
           Stress_EigVec2 =  4.5247420344E-01  5.7990619255E-02  8.8988998382E-01
           Stress_EigVec3 =  8.5768766629E-01 -3.0156650747E-01 -4.1644868672E-01
           -DivStress =  6.8113939923E+00 -2.3821978548E+00 -3.3077002515E+00
           ESP =  -1.1116755409E+00     ESP at Nucleus =  -1.1141538727E+00
           ESPe = -1.3397307774E+01     ESPe at Nucleus = -1.3350048481E+01
           ESPn =  1.2285632233E+01     ESPn at Nucleus =  1.2235894608E+01

CP# 12     Coords = -6.70328084931644E+00 -3.78428444255101E+00  2.49421193549415E-01
           Type = (3,-3) NACP H12
           Rho =  4.2570866959E-01     Rho at Nucleus =  4.2202881910E-01
           GradRho =  6.5733144839E-17  1.6145972634E-15 -1.2924367522E-16
           HessRho_EigVals = -6.4814402821E+00 -6.4750936205E+00 -5.8822957001E+00
           HessRho_EigVec1 = -6.5885352758E-01  6.9383441649E-01  2.9069886773E-01
           HessRho_EigVec2 =  4.5154723979E-01  5.5681584180E-02  8.9050808611E-01
           HessRho_EigVec3 =  6.0167858483E-01  7.1797866520E-01 -3.4998502379E-01
           DelSqRho = -1.8838829603E+01
           Bond Ellipticity = NA
           V = -4.7187053032E+00
           G =  4.4989512322E-03
           K =  4.7142063519E+00
           L =  4.7097074007E+00
           Vnuc =  3.9033303943E+01
           Ven = -1.6616815891E+01
           Vrep =  1.1898110588E+01
           DelSqV =  7.0936408879E+02
           DelSqVen =  7.3534176182E+02
           DelSqVrep = -2.5977673029E+01
           DelSqG =  6.9805363307E+01
           DelSqK = -7.7916945209E+02
           Stress_EigVals = -1.6236460351E+00 -1.6228883751E+00 -1.4721708929E+00
           Stress_EigVec1 = -6.5994934886E-01  6.9250975649E-01  2.9137105914E-01
           Stress_EigVec2 =  4.5160885101E-01  5.5710868736E-02  8.9047501076E-01
           Stress_EigVec3 =  6.0043009804E-01  7.1925415276E-01 -3.4950988699E-01
           -DivStress = -4.7406480360E+00 -5.6663479499E+00  2.7586251423E+00
           ESP =  -1.1105582519E+00     ESP at Nucleus =  -1.1130039574E+00
           ESPe = -1.1499114265E+01     ESPe at Nucleus = -1.1421132386E+01
           ESPn =  1.0388556013E+01     ESPn at Nucleus =  1.0308128429E+01

CP# 13     Coords =  2.25810877151133E+00  1.47105740348486E+00 -1.94404882953403E+00
           Type = (3,-3) NACP C13
           Rho =  1.1766306626E+02     Rho at Nucleus =  1.1766306622E+02
           GradRho = -6.5546110206E-12  9.1691792071E-11 -1.3625426227E-11
           HessRho_EigVals = -1.4498210427E+05 -1.4498144056E+05 -1.4498124013E+05
           HessRho_EigVec1 =  8.9629980711E-01  2.7034992619E-01  3.5150757201E-01
           HessRho_EigVec2 = -2.6648735492E-01  9.6194780460E-01 -6.0339960930E-02
           HessRho_EigVec3 = -3.5444484118E-01 -3.9589627758E-02  9.3423846845E-01
           DelSqRho = -4.3494478496E+05
           Bond Ellipticity = NA
           V = -1.0874651914E+05
           G =  5.1614530181E+00
           K =  1.0874135769E+05
           L =  1.0873619624E+05
           Vnuc =  8.0343819134E+06
           Ven = -9.4535001143E+08
           Vrep =  9.4524126491E+08
           DelSqV =  2.4948668508E+09
           DelSqVen =  3.4945145242E+12
           DelSqVrep = -3.4920196573E+12
           DelSqG =  1.3400575039E+08
           DelSqK = -2.6288726012E+09
           Stress_EigVals = -3.6249079396E+04 -3.6248928721E+04 -3.6248511027E+04
           Stress_EigVec1 = -3.3626462493E-01 -1.0772221350E-01  9.3558646139E-01
           Stress_EigVec2 = -2.9220800024E-01  9.5634125703E-01  5.0877002403E-03
           Stress_EigVec3 =  8.9528799088E-01  2.7167503532E-01  3.5306102669E-01
           -DivStress =  1.4768205878E+02 -5.8269416083E+02  9.9589116834E+01
           ESP =  -1.4732167765E+01     ESP at Nucleus =  -1.4732167770E+01
           ESPe = -2.8290989768E+01     ESPe at Nucleus = -2.8290990118E+01
           ESPn =  1.3558822002E+01     ESPn at Nucleus =  1.3558822349E+01

CP# 14     Coords =  1.18229040219254E+00  5.55209397647119E+00 -2.35350080632416E+00
           Type = (3,-3) NACP H14
           Rho =  4.2587338993E-01     Rho at Nucleus =  4.2213599432E-01
           GradRho =  2.2719456524E-16 -5.5999889242E-15  5.9336961885E-15
           HessRho_EigVals = -6.5004829069E+00 -6.4946503810E+00 -5.8932260695E+00
           HessRho_EigVec1 = -4.4784553984E-01  5.1711527093E-01  7.2940124007E-01
           HessRho_EigVec2 =  8.9400819342E-01  2.7135182920E-01  3.5653546092E-01
           HessRho_EigVec3 = -1.3554429249E-02  8.1176350088E-01 -5.8382899559E-01
           DelSqRho = -1.8888359357E+01
           Bond Ellipticity = NA
           V = -4.7309381512E+00
           G =  4.4241559254E-03
           K =  4.7265139953E+00
           L =  4.7220898394E+00
           Vnuc =  4.0324991047E+01
           Ven = -1.7173340636E+01
           Vrep =  1.2442402485E+01
           DelSqV =  7.1127707105E+02
           DelSqVen =  7.6167292198E+02
           DelSqVrep = -5.0395850928E+01
           DelSqG =  7.0153093462E+01
           DelSqK = -7.8143016451E+02
           Stress_EigVals = -1.6282482348E+00 -1.6277367161E+00 -1.4749532003E+00
           Stress_EigVec1 =  4.5094642011E-01 -5.1706861650E-01 -7.2752138939E-01
           Stress_EigVec2 =  8.9245521653E-01  2.7315465779E-01  3.5904069327E-01
           Stress_EigVec3 = -1.3077181616E-02  8.1118837440E-01 -5.8463869916E-01
           -DivStress = -1.0450312434E-01  6.4586172830E+00 -4.6538041872E+00
           ESP =  -1.0947783005E+00     ESP at Nucleus =  -1.0973305772E+00
           ESPe = -1.2964554058E+01     ESPe at Nucleus = -1.2872388967E+01
           ESPn =  1.1869775758E+01     ESPn at Nucleus =  1.1775058390E+01

CP# 15     Coords =  3.08879756609535E+00  1.06630471739060E+00 -3.73081278389221E+00
           Type = (3,-3) NACP H15
           Rho =  4.2372085635E-01     Rho at Nucleus =  4.1990301857E-01
           GradRho = -1.1861539673E-10  5.8320145426E-11  2.5461693358E-10
           HessRho_EigVals = -6.4605863060E+00 -6.4548467350E+00 -5.8476589136E+00
           HessRho_EigVec1 = -1.6984232926E-01  9.4018781942E-01 -2.9529721877E-01
           HessRho_EigVec2 =  8.9449261073E-01  2.7283086102E-01  3.5418397849E-01
           HessRho_EigVec3 = -4.1356565686E-01  2.0398574827E-01  8.8732928610E-01
           DelSqRho = -1.8763091955E+01
           Bond Ellipticity = NA
           V = -4.6996128737E+00
           G =  4.4199425498E-03
           K =  4.6951929312E+00
           L =  4.6907729886E+00
           Vnuc =  4.0945073607E+01
           Ven = -1.7349281652E+01
           Vrep =  1.2649668779E+01
           DelSqV =  7.0607144302E+02
           DelSqVen =  7.6825618163E+02
           DelSqVrep = -6.2184738607E+01
           DelSqG =  6.9580345503E+01
           DelSqK = -7.7565178853E+02
           Stress_EigVals = -1.6182426920E+00 -1.6179072619E+00 -1.4634629199E+00
           Stress_EigVec1 = -1.6649956231E-01  9.4153675435E-01 -2.9289321598E-01
           Stress_EigVec2 =  8.9520009671E-01  2.6887043459E-01  3.5542295403E-01
           Stress_EigVec3 = -4.1339410082E-01  2.0302026899E-01  8.8763060322E-01
           -DivStress =  3.3162305512E+00 -1.6273092544E+00 -7.1209117950E+00
           ESP =  -1.0893237481E+00     ESP at Nucleus =  -1.0919398754E+00
           ESPe = -1.3978605785E+01     ESPe at Nucleus = -1.3883881508E+01
           ESPn =  1.2889282037E+01     ESPn at Nucleus =  1.2791941632E+01

CP# 16     Coords = -5.54280154825773E-01  5.23742065612827E+00  2.28061067122447E+00
           Type = (3,-3) NACP H16
           Rho =  4.2422768875E-01     Rho at Nucleus =  4.2047119013E-01
           GradRho =  3.7165772846E-16  1.1943791361E-15 -1.4451974502E-15
           HessRho_EigVals = -6.4645023135E+00 -6.4580908735E+00 -5.8577209017E+00
           HessRho_EigVec1 =  1.1947764190E-01  6.2397559770E-01 -7.7225614051E-01
           HessRho_EigVec2 =  8.9527878330E-01  2.6853106570E-01  3.5548131726E-01
           HessRho_EigVec3 = -4.2918643181E-01  7.3385660740E-01  5.2654865542E-01
           DelSqRho = -1.8780314089E+01
           Bond Ellipticity = NA
           V = -4.7043788343E+00
           G =  4.6501560444E-03
           K =  4.6997286782E+00
           L =  4.6950785222E+00
           Vnuc =  4.0392961556E+01
           Ven = -1.7135812723E+01
           Vrep =  1.2431433888E+01
           DelSqV =  7.0696356830E+02
           DelSqVen =  7.5859250500E+02
           DelSqVrep = -5.1628936701E+01
           DelSqG =  6.9626921288E+01
           DelSqK = -7.7659048958E+02
           Stress_EigVals = -1.6193470536E+00 -1.6190261150E+00 -1.4660056657E+00
           Stress_EigVec1 =  1.0874420226E-01  6.2211250454E-01 -7.7533910657E-01
           Stress_EigVec2 =  8.9657610406E-01  2.7548117220E-01  3.4678727399E-01
           Stress_EigVec3 = -4.2933202549E-01  7.3286162095E-01  5.2781422529E-01
