AIMSum (Version 19.02.13, Professional)
Copyright (c) 1997-2019 by Todd A. Keith
AIMSum is a component of the AIMAll package ( http://aim.tkgristmill.com )

TP:  64-bit Linux

Much of the Quantum Theory of Atoms in Molecules (QTAIM) is described in the book:
  "Atoms in Molecules - A Quantum Theory"
  R.F.W. Bader, Oxford University Press, Oxford, 1990

For additional references see:  http://aim.tkgristmill.com/references.html

Wfn File:  /home/mhennefarth/Documents/ML_Diels/summary-pieniazek2006/r_4d-opt/r_4d-opt.wfn
Sum File:  /home/mhennefarth/Documents/ML_Diels/summary-pieniazek2006/r_4d-opt/r_4d-opt.sum

SumViz File:  /home/mhennefarth/Documents/ML_Diels/summary-pieniazek2006/r_4d-opt/r_4d-opt.sumviz

Wfn Title:   Title Card Required                                                           
 
Total memory allocated for AIMSum =        0.922 Megabytes

Atomic units (a.u.) used throughout, except where stated otherwise

Model:  Restricted SCF
 
Restricted, closed-shell, single-determinant wavefunction.
  Number of electrons (from MO Occs)                   =          68.0000000000
  Number of Alpha electrons (from MO Occs)             =          34.0000000000
  Number of Beta electrons (from MO Occs)              =          34.0000000000
  Number of electron pairs (N*(N-1)/2)                 =        2278.0000000000
  Number of electron pairs (from Muller 2EDM)          =        2278.0000000000
 
Nuclear Charges and Cartesian Coordinates:
-------------------------------------------------------------------------------
Atom      Charge                X                  Y                  Z
-------------------------------------------------------------------------------
H1         1.0           4.8971217200E+00   3.0131074000E+00   6.3268996000E-01
O2         8.0          -1.1833797100E+00   2.1005489700E+00  -1.4536961000E-01
C3         6.0          -2.7959957000E-01  -3.1420225000E-01  -3.9968805000E-01
C4         6.0           2.2882464300E+00  -3.0474538000E-01  -1.2460023000E-01
C5         6.0           3.0191428500E+00   2.2743949600E+00   3.2654242000E-01
C6         6.0           8.2910021000E-01   3.6283711500E+00   2.8975553000E-01
C7         6.0          -7.4018108900E+00  -2.8184359000E-01  -8.4311277000E-01
H8         1.0          -1.6563607700E+00  -1.7715862800E+00  -7.5423841000E-01
C9         6.0          -7.4618617300E+00  -1.9468395600E+00   1.0438853300E+00
H10        1.0           4.1079386000E-01   5.6101288100E+00   5.3168827000E-01
O11        8.0           3.7519250200E+00  -2.4127789700E+00  -2.7239049000E-01
H12        1.0          -6.2233289600E+00  -1.7730000200E+00   2.6747578300E+00
H13        1.0          -8.7517620300E+00  -3.5470893600E+00   1.0443201400E+00
H14        1.0          -8.6424009500E+00  -4.5096166000E-01  -2.4734255100E+00
H15        1.0          -6.1036932600E+00   1.3099373700E+00  -8.3508030000E-01
C16        6.0           6.3868234300E+00  -2.0440958300E+00   5.7828590000E-02
H17        1.0           7.2536504700E+00  -3.9081557100E+00  -1.1481532000E-01
H18        1.0           6.8178735500E+00  -1.2614067200E+00   1.9317804000E+00
H19        1.0           7.1694993800E+00  -7.8937089000E-01  -1.3992611300E+00
 
Some Atomic Properties:
----------------------
  q(A) = Net Charge of Atom A
  L(A) = Lagrangian of Atom A = -(1/4) Times Atomic Integral of the Laplacian of the Electron Density
  K(A) = Electronic Kinetic Energy of Atom A (Hamiltonian Form)
  K_Scaled(A) = K(A) * E(Mol)/K(Mol) = Approximation to Virial-Based Total Energy of Atom A.
  |Mu_Intra(A)| = Magnitude of Intraatomic Dipole Moment of Atom A
--------------------------------------------------------------------------------------------------
Atom A          q(A)              L(A)              K(A)          K_Scaled(A)      |Mu_Intra(A)|
--------------------------------------------------------------------------------------------------
H1        6.4306790190E-02  3.2255533738E-05  5.8447579778E-01 -5.8995680725E-01  1.4522466387E-01
O2       -1.1079407107E+00  8.0375299698E-05  7.5269701416E+01 -7.5975554332E+01  1.9263308463E-01
C3        4.2447652720E-01 -5.7222927619E-05  3.7428992927E+01 -3.7779988923E+01  7.5741949615E-01
C4        5.5652923270E-01 -1.9639475686E-04  3.7399245955E+01 -3.7749962994E+01  6.2268827956E-01
C5       -5.4404654900E-02 -1.0602586213E-04  3.7733326790E+01 -3.8087176722E+01  2.3497735814E-01
C6        4.5876430830E-01 -1.8762775460E-04  3.7407363074E+01 -3.7758156232E+01  7.9236700749E-01
C7       -8.5332746300E-02 -7.9944694722E-05  3.7697530332E+01 -3.8051044577E+01  1.0326372955E-01
H8        1.0834169464E-01  3.9090903183E-05  5.6898753502E-01 -5.7432330098E-01  1.4148400601E-01
C9       -8.7325400100E-02  7.0382738656E-05  3.7695521688E+01 -3.8049017097E+01  8.6596881583E-02
H10       8.8925553870E-02  1.8377484711E-05  5.7923524891E-01 -5.8466711434E-01  1.4287865676E-01
O11      -1.1100597282E+00  1.4560494603E-05  7.5236262938E+01 -7.5941802279E+01  2.0442769107E-01
H12       4.1883709540E-02  2.3378124396E-05  5.9472398052E-01 -6.0030109386E-01  1.4663585455E-01
H13       3.7071441880E-02  2.0555706096E-05  5.9678527334E-01 -6.0238171675E-01  1.4783832721E-01
H14       3.6586328440E-02  2.1353540640E-05  5.9698103332E-01 -6.0257931250E-01  1.4783226077E-01
H15       6.3156330380E-02  2.7534418749E-05  5.8856175108E-01 -5.9408107719E-01  1.3228831558E-01
C16       4.6960788510E-01  8.3027551509E-05  3.7400128348E+01 -3.7750853662E+01  6.2987633260E-01
H17       4.6031158940E-02  3.0559458865E-05  6.0141597764E-01 -6.0705584619E-01  1.4519622001E-01
H18       2.4619681130E-02  2.8284725751E-05  6.0723517619E-01 -6.1292961514E-01  1.5680222237E-01
H19       2.4807597030E-02  2.7839651046E-05  6.0714087373E-01 -6.1283442834E-01  1.5677471968E-01
--------------------------------------------------------------------------------------------------
Total     4.4999140002E-05 -1.0964036429E-04  4.1919361612E+02 -4.2312466713E+02
 
1st Largest |L(A)| = 1.9639475686E-04, atom C4      
2nd Largest |L(A)| = 1.8762775460E-04, atom C6      
 
Molecular charge q(Mol) from the wfn file:   0.0000000000E+00
Molecular energy E(Mol) from the wfn file:  -4.2312470620E+02
Molecular virial ratio (-V(Mol)/T(Mol)) from the wfn file:   2.0093776500E+00
Note.  K_Scaled(A) = (1+V(Mol)/T(Mol))*K(A) = (E(Mol)/T(Mol))*K(A)
       Only use K_Scaled(A) data with caution.
 
N_AIMInt(SumA)     =         67.999955
N_Analytic(Mol)    =         67.999987
 
G_AIMInt(SumA)     =        419.193726
G_Analytic(Mol)    =        419.193623
 
K_AIMInt(SumA)     =        419.193616
K_Analytic(Mol)    =        419.193623
 
L_AIMInt(SumA)     =         -0.000110
L_Analytic(Mol)    =          0.000000
 
VenT_AIMInt(SumA)  =      -1809.470194
VenT_Analytic(Mol) =      -1809.469389
 
Some Information About the Atomic Calculations:
----------------------------------------------
  Time(sec) = "Elapsed User Time", in Seconds, for Atom A by AIMInt and, if used, by TWOe
  NProc = Number of Processors Used for AIMInt Job
  BIM = Basin Integration Method
  OAQ = Angular Quadrature Outside of Beta Sphere
  ORQ = Multiple of Default for Radial Quadrature Outside of Beta Sphere
  IAQ = Multiple of Default for Angular Quadrature Inside of Beta Sphere
  IRQ = Multiple of Default for Radial Quadrature Inside of Beta Sphere
  MIR = Maximum Integration Radius
------------------------------------------------------------------------------------------------------
Atom A     Time(sec)   NProc      BIM          OAQ                     ORQ      IAQ      IRQ      MIR
------------------------------------------------------------------------------------------------------
H1              5        8     Proaim(5)    1800(GS4)                  1.00     1.00     1.00    13.00
O2             19        8     Proaim(5)    4500(GS4)                  1.00     1.00     1.00    13.00
C3             21        8     Proaim(5)    4500(GS4)                  1.00     1.00     1.00    13.00
C4             25        8     Proaim(5)    4500(GS4)                  1.00     1.00     1.00    13.00
C5             22        8     Proaim(5)    4500(GS4)                  1.00     1.00     1.00    13.00
C6             19        8     Proaim(5)    4500(GS4)                  1.00     1.00     1.00    13.00
C7             27        8     Proaim(5)    4500(GS4)                  1.00     1.00     1.00    13.00
H8             14        8     Proaim(5)    4500(GS4)                  1.00     1.00     1.00    13.00
C9             22        8     Proaim(5)    4500(GS4)                  1.00     1.00     1.00    13.00
H10             5        8     Proaim(5)    1800(GS4)                  1.00     1.00     1.00    13.00
O11            18        8     Proaim(5)    4500(GS4)                  1.00     1.00     1.00    13.00
H12             5        8     Proaim(5)    1800(GS4)                  1.00     1.00     1.00    13.00
H13             5        8     Proaim(5)    1800(GS4)                  1.00     1.00     1.00    13.00
H14             5        8     Proaim(5)    1800(GS4)                  1.00     1.00     1.00    13.00
H15             9        8     Proaim(5)    4500(GS4)                  1.00     1.00     1.00    13.00
C16            22        8     Proaim(5)    4500(GS4)                  1.00     1.00     1.00    13.00
H17             5        8     Proaim(5)    1800(GS4)                  1.00     1.00     1.00    13.00
H18             5        8     Proaim(5)    1800(GS4)                  1.00     1.00     1.00    13.00
H19             5        8     Proaim(5)    1800(GS4)                  1.00     1.00     1.00    13.00
------------------------------------------------------------------------------------------------------
Total         258
Note:  Total wall clock time is less than total of atomic times if more than one atom
       was calculated at a time
 
Electron Density Critical Point Analysis of Molecular Structure:               
---------------------------------------------------------------                
  NACP = Nuclear Attractor Critical Point                                      
  NNACP = Non-Nuclear Attractor Critical Point                                 
  BCP = Bond Critical Point                                                    
  RCP = Ring Critical Point                                                    
  CCP = Cage Critical Point                                                    
  Rho = Electron Density                                                       
  GradRho = Gradient of Electron Density                                       
  HessRho_EigVals = Eigenvalues of the Hessian of Rho, Ascending Order         
  HessRho_EigVecs = Eigenvectors of the Hessian of Rho                         
  DelSqRho = Laplacian of Rho = Trace of Hessian of Rho                        
  Bond Ellipticity = (HessRho_EigVal(1) / HessRho_EigVal(2)) - 1               
  V = Virial Field = Potential Energy Density = Trace of Stress Tensor         
  G = Lagrangian Form of Kinetic Energy Density                                
  K = Hamiltonian Form of Kinetic Energy Density                               
  L = K - G = Lagrangian Density = (-1/4)DelSqRho                              
  Vnuc = Electrostatic Potential from Nuclei                                   
  Ven = Electron-nuclear attractive contribution to Virial Field V             
  Vrep = V - Ven = Repulsive contribution to Virial Field V                    
  DelSqV = Laplacian of V                                                      
  DelSqVen = Laplacian of Ven                                                  
  DelSqVrep = Laplacian of Vrep                                                
  DelSqG = Laplacian of G                                                      
  DelSqK = Laplacian of K                                                      
  Stress_EigVals = Eigenvalues of Stress Tensor, Ascending Order               
  Stress_EigVecs = Eigenvectors of Stress Tensor                               
  -DivStress = Ehrenfest Force Density = Minus Divergence of Stress Tensor     
  ESP = Total Electrostatic Potential                                          
  ESPe = Electrostatic Potential from Electrons                                
  ESPn = Electrostatic Potential from Nuclei                                   
  BP = Bond Path                                                               
  BPL = Bond Path Length                                                       
  GBL = Geometric Bond Length                                                  
  GBL_I = Distance Between Nuclear Attractors                                  
  GBL_II = Distance Between Nuclei                                             
  GBL_III = Sum of Distances Between BCP and Nuclear Attractors                
  GBL_IV = Sum of Distances Between BCP and Nuclei                             

CP# 1      Coords =  4.86441725981299E+00  3.00013145168462E+00  6.27342960394992E-01
           Type = (3,-3) NACP H1
           Rho =  4.2293040799E-01     Rho at Nucleus =  4.1913133707E-01
           GradRho = -1.5958964931E-09 -6.3365479659E-10 -2.6098742154E-10
           HessRho_EigVals = -6.4448155503E+00 -6.4393586812E+00 -5.8373938562E+00
           HessRho_EigVec1 = -3.8110166599E-01  9.1983908529E-01  9.3046103339E-02
           HessRho_EigVec2 = -1.0427612163E-01 -1.4276440252E-01  9.8424835069E-01
           HessRho_EigVec3 =  9.1863377395E-01  3.6539619941E-01  1.5032500399E-01
           DelSqRho = -1.8721568088E+01
           Bond Ellipticity = NA
           V = -4.6899201134E+00
           G =  4.7640457215E-03
           K =  4.6851560677E+00
           L =  4.6803920219E+00
           Vnuc =  4.0880671452E+01
           Ven = -1.7289679056E+01
           Vrep =  1.2599758942E+01
           DelSqV =  7.0458103686E+02
           DelSqVen =  7.6535027679E+02
           DelSqVrep = -6.0769239931E+01
           DelSqG =  6.9409784651E+01
           DelSqK = -7.7399082151E+02
           Stress_EigVals = -1.6147050930E+00 -1.6144527856E+00 -1.4607622348E+00
           Stress_EigVec1 = -1.0381384677E-01 -1.4388261133E-01  9.8413438075E-01
           Stress_EigVec2 = -3.8068352686E-01  9.1988132517E-01  9.4331330830E-02
           Stress_EigVec3 =  9.1885947652E-01  3.6485084865E-01  1.5027015887E-01
           -DivStress =  7.3460959452E+00  2.9144839398E+00  1.2010177269E+00
           ESP =  -1.0848712031E+00     ESP at Nucleus =  -1.0874924287E+00
           ESPe = -1.3866644917E+01     ESPe at Nucleus = -1.3773130877E+01
           ESPn =  1.2781773714E+01     ESPn at Nucleus =  1.2685638449E+01

CP# 2      Coords = -1.18337045524653E+00  2.10054637306607E+00 -1.45369008880079E-01
           Type = (3,-3) NACP O2
           Rho =  2.8991424428E+02     Rho at Nucleus =  2.8991421463E+02
           GradRho =  4.0344734057E-11  1.4652393678E-11 -8.7843799617E-12
           HessRho_EigVals = -6.3920969015E+05 -6.3919394443E+05 -6.3919280127E+05
           HessRho_EigVec1 =  2.6898014277E-01  9.4875798921E-01  1.6585524020E-01
           HessRho_EigVec2 =  9.5793890913E-01 -2.8141116699E-01  5.6221005616E-02
           HessRho_EigVec3 = -1.0001364493E-01 -1.4375685375E-01  9.8454620909E-01
           DelSqRho = -1.9175964358E+06
           Bond Ellipticity = NA
           V = -4.7949274426E+05
           G =  4.6817648576E+01
           K =  4.7944592661E+05
           L =  4.7939910896E+05
           Vnuc =  8.3066494801E+05
           Ven = -2.4082160065E+08
           Vrep =  2.4034210790E+08
           DelSqV =  1.9774390038E+10
           DelSqVen =  1.5928801413E+12
           DelSqVrep = -1.5731057508E+12
           DelSqG =  1.0572680399E+09
           DelSqK = -2.0831658078E+10
           Stress_EigVals = -1.5983236118E+05 -1.5983192707E+05 -1.5982845601E+05
           Stress_EigVec1 = -1.0126246912E-01 -1.4338897584E-01  9.8447220070E-01
           Stress_EigVec2 =  9.5775307652E-01 -2.8179090358E-01  5.7471132484E-02
           Stress_EigVec3 =  2.6917458416E-01  9.4870094775E-01  1.6586607542E-01
           -DivStress = -5.9558318487E+04  1.6703799903E+04 -3.8682999901E+03
           ESP =  -2.2249843196E+01     ESP at Nucleus =  -2.2249844308E+01
           ESPe = -3.4884477922E+01     ESPe at Nucleus = -3.4884461894E+01
           ESPn =  1.2634634726E+01     ESPn at Nucleus =  1.2634617586E+01

CP# 3      Coords = -2.79602151320034E-01 -3.14196008461550E-01 -3.99687424487462E-01
           Type = (3,-3) NACP C3
           Rho =  1.1757412146E+02     Rho at Nucleus =  1.1757411813E+02
           GradRho =  3.0592795820E-12 -3.4858932147E-12 -2.3950763248E-12
           HessRho_EigVals = -1.4486256549E+05 -1.4486063047E+05 -1.4486043173E+05
           HessRho_EigVec1 = -3.8930683750E-01  9.1662216749E-01  9.0796411474E-02
           HessRho_EigVec2 =  9.1581564679E-01  3.7463315905E-01  1.4467790860E-01
           HessRho_EigVec3 = -9.8599631704E-02 -1.3947687335E-01  9.8530417356E-01
           DelSqRho = -4.3458362769E+05
           Bond Ellipticity = NA
           V = -1.0865627218E+05
           G =  5.1826303440E+00
           K =  1.0865108955E+05
           L =  1.0864590692E+05
           Vnuc =  8.8455755154E+05
           Ven = -1.0400107701E+08
           Vrep =  1.0389242073E+08
           DelSqV =  2.4927920612E+09
           DelSqVen =  3.8441422822E+11
           DelSqVrep = -3.8192143667E+11
           DelSqG =  1.3388413876E+08
           DelSqK = -2.6266761999E+09
           Stress_EigVals = -3.6219096925E+04 -3.6218754200E+04 -3.6218421058E+04
           Stress_EigVec1 =  9.1072306082E-01  3.8379571287E-01  1.5259212718E-01
           Stress_EigVec2 = -1.0499902620E-01 -1.4217167548E-01  9.8425729318E-01
           Stress_EigVec3 = -3.9944800787E-01  9.1240783944E-01  8.9180847348E-02
           -DivStress =  2.0918986983E+03 -5.0615290768E+03 -5.0698005671E+02
           ESP =  -1.4707188878E+01     ESP at Nucleus =  -1.4707189083E+01
           ESPe = -2.8980138057E+01     ESPe at Nucleus = -2.8980132483E+01
           ESPn =  1.4272949179E+01     ESPn at Nucleus =  1.4272943401E+01

CP# 4      Coords =  2.28825050733962E+00 -3.04749547870784E-01 -1.24600397193018E-01
           Type = (3,-3) NACP C4
           Rho =  1.1759431483E+02     Rho at Nucleus =  1.1759431236E+02
           GradRho = -4.8386541423E-12  3.4667283828E-13  5.8423207136E-13
           HessRho_EigVals = -1.4488827107E+05 -1.4488731825E+05 -1.4488673414E+05
           HessRho_EigVec1 = -5.4857068440E-01  8.3381145539E-01  6.1876175290E-02
           HessRho_EigVec2 = -1.0385175769E-01 -1.4138288236E-01  9.8449260688E-01
           HessRho_EigVec3 =  8.2962944538E-01  5.3363783358E-01  1.6415128976E-01
           DelSqRho = -4.3466232346E+05
           Bond Ellipticity = NA
           V = -1.0867582353E+05
           G =  5.1213354586E+00
           K =  1.0867070220E+05
           L =  1.0866558086E+05
           Vnuc =  1.0286466876E+06
           Ven = -1.2096300242E+08
           Vrep =  1.2085432660E+08
           DelSqV =  2.4932416677E+09
           DelSqVen =  4.4711396045E+11
           DelSqVrep = -4.4462071878E+11
           DelSqG =  1.3390895126E+08
           DelSqK = -2.6271506189E+09
           Stress_EigVals = -3.6225545850E+04 -3.6225164623E+04 -3.6225113061E+04
           Stress_EigVec1 =  8.7190363713E-01  4.6299835010E-01  1.5942576757E-01
           Stress_EigVec2 = -4.7841473998E-01  8.7486363177E-01  7.5716328380E-02
           Stress_EigVec3 = -1.0441927089E-01 -1.4228897924E-01  9.8430201780E-01
           -DivStress = -3.3024078979E+03  3.3724541412E+03  1.3497241063E+02
           ESP =  -1.4687948870E+01     ESP at Nucleus =  -1.4687949047E+01
           ESPe = -2.9803411531E+01     ESPe at Nucleus = -2.9803413874E+01
           ESPn =  1.5115462661E+01     ESPn at Nucleus =  1.5115464826E+01

CP# 5      Coords =  3.01914305790807E+00  2.27439424744740E+00  3.26542337140830E-01
           Type = (3,-3) NACP C5
           Rho =  1.1761407745E+02     Rho at Nucleus =  1.1761407741E+02
           GradRho =  1.1261735543E-11 -9.5016233808E-11 -7.7143853981E-12
           HessRho_EigVals = -1.4492494225E+05 -1.4492489613E+05 -1.4492463598E+05
           HessRho_EigVec1 = -1.0354441232E-01 -1.3119121364E-01  9.8593479508E-01
           HessRho_EigVec2 =  1.3265636204E-01  9.8058538604E-01  1.4441118483E-01
           HessRho_EigVec3 =  9.8573873024E-01 -1.4574349439E-01  8.4130788390E-02
           DelSqRho = -4.3477447436E+05
           Bond Ellipticity = NA
           V = -1.0870409978E+05
           G =  5.2405922933E+00
           K =  1.0869885918E+05
           L =  1.0869361859E+05
           Vnuc =  8.0334837342E+06
           Ven = -9.4485077809E+08
           Vrep =  9.4474207399E+08
           DelSqV =  2.4939003561E+09
           DelSqVen =  3.4927531786E+12
           DelSqVrep = -3.4902592783E+12
           DelSqG =  1.3395708229E+08
           DelSqK = -2.6278574384E+09
           Stress_EigVals = -3.6234902804E+04 -3.6234736265E+04 -3.6234460707E+04
           Stress_EigVec1 =  9.9404611887E-01  1.5598675008E-02  1.0783781753E-01
           Stress_EigVec2 = -3.0663845149E-02  9.8974830500E-01  1.3949201176E-01
           Stress_EigVec3 = -1.0455640655E-01 -1.4196821504E-01  9.8433377661E-01
           -DivStress = -1.6465593830E+02  5.7781557843E+02  6.7676865519E+01
           ESP =  -1.4741172677E+01     ESP at Nucleus =  -1.4741172680E+01
           ESPe = -2.8179888536E+01     ESPe at Nucleus = -2.8179888100E+01
           ESPn =  1.3438715859E+01     ESPn at Nucleus =  1.3438715420E+01

CP# 6      Coords =  8.29094672037181E-01  3.62836810899269E+00  2.89754499748459E-01
           Type = (3,-3) NACP C6
           Rho =  1.1760555105E+02     Rho at Nucleus =  1.1760554808E+02
           GradRho = -2.3416777076E-13 -2.7360194046E-11  2.6424043888E-12
           HessRho_EigVals = -1.4489816235E+05 -1.4489677520E+05 -1.4489631178E+05
           HessRho_EigVec1 =  7.7833066417E-01  6.0439358614E-01  1.7002873358E-01
           HessRho_EigVec2 = -1.0425554768E-01 -1.4263673639E-01  9.8426903955E-01
           HessRho_EigVec3 = -6.1913823819E-01  7.8381321402E-01  4.8007161435E-02
           DelSqRho = -4.3469124933E+05
           Bond Ellipticity = NA
           V = -1.0868305668E+05
           G =  5.1221715918E+00
           K =  1.0867793450E+05
           L =  1.0867281233E+05
           Vnuc =  9.3730524963E+05
           Ven = -1.1023230038E+08
           Vrep =  1.1012361733E+08
           DelSqV =  2.4934021214E+09
           DelSqVen =  4.0743839078E+11
           DelSqVrep = -4.0494498917E+11
           DelSqG =  1.3391420928E+08
           DelSqK = -2.6273163307E+09
           Stress_EigVals = -3.6228073677E+04 -3.6227563939E+04 -3.6227419060E+04
           Stress_EigVec1 = -5.9569003075E-01  8.0148446424E-01  5.2688147205E-02
           Stress_EigVec2 = -1.0445990314E-01 -1.4234353237E-01  9.8428981882E-01
           Stress_EigVec3 =  7.9639281507E-01  5.8082783368E-01  1.6851561267E-01
           -DivStress =  4.4888824722E+03  2.4680796197E+03  8.3556466912E+02
           ESP =  -1.4691442195E+01     ESP at Nucleus =  -1.4691442379E+01
           ESPe = -2.7878047682E+01     ESPe at Nucleus = -2.7878040759E+01
           ESPn =  1.3186605487E+01     ESPn at Nucleus =  1.3186598380E+01

CP# 7      Coords = -7.40181105215577E+00 -2.81843215027098E-01 -8.43113541883099E-01
           Type = (3,-3) NACP C7
           Rho =  1.1768528814E+02     Rho at Nucleus =  1.1768528808E+02
           GradRho = -5.6689575089E-11  6.2621869570E-11 -1.2796748095E-10
           HessRho_EigVals = -1.4501547615E+05 -1.4501434860E+05 -1.4501416568E+05
           HessRho_EigVec1 =  6.8672368948E-01 -5.5901977604E-01 -4.6465843832E-01
           HessRho_EigVec2 =  7.0208900864E-01  3.4443060888E-01  6.2324840923E-01
           HessRho_EigVec3 = -1.8836559732E-01 -7.5423102937E-01  6.2901029887E-01
           DelSqRho = -4.3504399043E+05
           Bond Ellipticity = NA
           V = -1.0877118801E+05
           G =  5.0951999726E+00
           K =  1.0876609281E+05
           L =  1.0876099761E+05
           Vnuc =  6.8702763466E+06
           Ven = -8.0853045144E+08
           Vrep =  8.0842168025E+08
           DelSqV =  2.4954381351E+09
           DelSqVen =  2.9888728269E+12
           DelSqVrep = -2.9863773887E+12
           DelSqG =  1.3404216582E+08
           DelSqK = -2.6294803009E+09
           Stress_EigVals = -3.6257327141E+04 -3.6257217962E+04 -3.6256642903E+04
           Stress_EigVec1 = -1.0528861313E-01 -7.1089375638E-01  6.9537355075E-01
           Stress_EigVec2 =  7.1924600081E-01  4.2844939141E-01  5.4691526704E-01
           Stress_EigVec3 =  6.8673102323E-01 -5.5772859541E-01 -4.6619664906E-01
           -DivStress =  1.3268531593E+02 -3.0447529103E+02  6.2658150944E+02
           ESP =  -1.4750478261E+01     ESP at Nucleus =  -1.4750478273E+01
           ESPe = -2.4155063794E+01     ESPe at Nucleus = -2.4155064579E+01
           ESPn =  9.4045855326E+00     ESPn at Nucleus =  9.4045863060E+00

CP# 8      Coords = -1.63111193096199E+00 -1.74462973226478E+00 -7.47709644474001E-01
           Type = (3,-3) NACP H8
           Rho =  4.2147922088E-01     Rho at Nucleus =  4.1730388056E-01
           GradRho =  5.9738906547E-15  5.5446670848E-15  1.3599994882E-15
           HessRho_EigVals = -6.4103902172E+00 -6.3984390600E+00 -5.7577729991E+00
           HessRho_EigVec1 =  7.3327284708E-01 -6.7960105212E-01 -2.1291822197E-02
           HessRho_EigVec2 = -1.0303045793E-01 -1.4201124352E-01  9.8448846182E-01
           HessRho_EigVec3 =  6.7208307260E-01  7.1970495112E-01  1.7415259646E-01
           DelSqRho = -1.8566602276E+01
           Bond Ellipticity = NA
           V = -4.6505132828E+00
           G =  4.4313568870E-03
           K =  4.6460819260E+00
           L =  4.6416505691E+00
           Vnuc =  4.0506310456E+01
           Ven = -1.7072568172E+01
           Vrep =  1.2422054889E+01
           DelSqV =  6.9684045732E+02
           DelSqVen =  7.5206455592E+02
           DelSqVrep = -5.5224098605E+01
           DelSqG =  6.8513357727E+01
           DelSqK = -7.6535381505E+02
           Stress_EigVals = -1.6050395217E+00 -1.6047804257E+00 -1.4406933354E+00
           Stress_EigVec1 = -1.1199447114E-01 -1.3372033537E-01  9.8467055930E-01
           Stress_EigVec2 =  7.3304577896E-01 -6.8011993638E-01 -8.9865504347E-03
           Stress_EigVec3 =  6.7089576268E-01  7.2080215319E-01  1.7419279999E-01
           -DivStress = -5.6232538506E+00 -6.0053668689E+00 -1.4542821789E+00
           ESP =  -1.0885075287E+00     ESP at Nucleus =  -1.0913514894E+00
           ESPe = -1.4933214105E+01     ESPe at Nucleus = -1.4840215012E+01
           ESPn =  1.3844706576E+01     ESPn at Nucleus =  1.3748863522E+01

CP# 9      Coords = -7.46186177265667E+00 -1.94684028609663E+00  1.04388605686145E+00
           Type = (3,-3) NACP C9
           Rho =  1.1767921792E+02     Rho at Nucleus =  1.1767921784E+02
           GradRho = -6.7454349398E-11 -1.6598637963E-10  1.6125142199E-10
           HessRho_EigVals = -1.4500674879E+05 -1.4500572117E+05 -1.4500550824E+05
           HessRho_EigVec1 =  6.9024871568E-01 -5.5261984126E-01 -4.6708459785E-01
           HessRho_EigVec2 =  7.2356624427E-01  5.2978145807E-01  4.4247428947E-01
           HessRho_EigVec3 =  2.9326876825E-03 -6.4338395825E-01  7.6553803407E-01
           DelSqRho = -4.3501797820E+05
           Bond Ellipticity = NA
           V = -1.0876467970E+05
           G =  5.0925751331E+00
           K =  1.0875958713E+05
           L =  1.0875449455E+05
           Vnuc =  5.8349854353E+06
           Ven = -6.8665652259E+08
           Vrep =  6.8654775791E+08
           DelSqV =  2.4952882108E+09
           DelSqVen =  2.5383231160E+12
           DelSqVrep = -2.5358278278E+12
           DelSqG =  1.3403297866E+08
           DelSqK = -2.6293211894E+09
           Stress_EigVals = -3.6255157208E+04 -3.6255034741E+04 -3.6254487752E+04
           Stress_EigVec1 = -1.1828015607E-02 -6.5282509140E-01  7.5741633075E-01
           Stress_EigVec2 =  7.2424797342E-01  5.1667163029E-01  4.5663475497E-01
           Stress_EigVec3 =  6.8943815607E-01 -5.5395832559E-01 -4.6669604934E-01
           -DivStress =  3.5347884845E+01  5.8917692450E+02 -5.9063625228E+02
           ESP =  -1.4748915494E+01     ESP at Nucleus =  -1.4748915510E+01
           ESPe = -2.3869452048E+01     ESPe at Nucleus = -2.3869453091E+01
           ESPn =  9.1205365541E+00     ESPn at Nucleus =  9.1205375816E+00

CP# 10     Coords =  4.18221313343302E-01  5.57435238777052E+00  5.27307948418072E-01
           Type = (3,-3) NACP H10
           Rho =  4.2604515812E-01     Rho at Nucleus =  4.2196933794E-01
           GradRho =  2.0859700398E-16  8.6772543276E-16  2.4501275032E-17
           HessRho_EigVals = -6.4929273742E+00 -6.4813243101E+00 -5.8451573134E+00
           HessRho_EigVec1 =  9.7425161011E-01  1.8407404964E-01  1.3019425659E-01
           HessRho_EigVec2 = -1.0466054062E-01 -1.4223833356E-01  9.8428371301E-01
           HessRho_EigVec3 = -1.9969970315E-01  9.7256619349E-01  1.1931063594E-01
           DelSqRho = -1.8819408998E+01
           Bond Ellipticity = NA
           V = -4.7131317188E+00
           G =  4.1397346816E-03
           K =  4.7089919841E+00
           L =  4.7048522494E+00
           Vnuc =  3.9330191457E+01
           Ven = -1.6756437638E+01
           Vrep =  1.2043305920E+01
           DelSqV =  7.0700533311E+02
           DelSqVen =  7.4017095899E+02
           DelSqVrep = -3.3165625880E+01
           DelSqG =  6.9619934539E+01
           DelSqK = -7.7662526765E+02
           Stress_EigVals = -1.6254343732E+00 -1.6251296289E+00 -1.4625677167E+00
           Stress_EigVec1 =  9.7439520309E-01  1.8295107434E-01  1.3070154015E-01
           Stress_EigVec2 = -1.0528729888E-01 -1.4236003608E-01  9.8419927089E-01
           Stress_EigVec3 = -1.9866698994E-01  9.7276026056E-01  1.1945251182E-01
           -DivStress = -1.6751811759E+00  8.0752948352E+00  9.8885200559E-01
           ESP =  -1.0787787975E+00     ESP at Nucleus =  -1.0815423532E+00
           ESPe = -1.3235726059E+01     ESPe at Nucleus = -1.3135390876E+01
           ESPn =  1.2156947261E+01     ESPn at Nucleus =  1.2053848522E+01

CP# 11     Coords =  3.75192873778094E+00 -2.41276951389849E+00 -2.72388743086521E-01
           Type = (3,-3) NACP O11
           Rho =  2.8984162957E+02     Rho at Nucleus =  2.8984159560E+02
           GradRho = -6.1884987423E-11 -3.7530044177E-11 -2.5564628539E-12
           HessRho_EigVals = -6.3909717919E+05 -6.3908098284E+05 -6.3906931771E+05
           HessRho_EigVec1 =  9.0956449143E-01 -4.1396069719E-01  3.6455138495E-02
           HessRho_EigVec2 =  4.0247959120E-01  8.9937126997E-01  1.7070880884E-01
           HessRho_EigVec3 = -1.0345344173E-01 -1.4059822166E-01  9.8464690395E-01
           DelSqRho = -1.9172474797E+06
           Bond Ellipticity = NA
           V = -4.7940601853E+05
           G =  4.7074296812E+01
           K =  4.7935894423E+05
           L =  4.7931186993E+05
           Vnuc =  7.7597451379E+05
           Ven = -2.2490971758E+08
           Vrep =  2.2443031156E+08
           DelSqV =  1.9770903863E+10
           DelSqVen =  1.4877351821E+12
           DelSqVrep = -1.4679642785E+12
           DelSqG =  1.0571577057E+09
           DelSqK = -2.0828061569E+10
           Stress_EigVals = -1.5980525057E+05 -1.5980212366E+05 -1.5979864430E+05
           Stress_EigVec1 = -1.0347382918E-01 -1.4064651575E-01  9.8463786454E-01
           Stress_EigVec2 =  4.0449638421E-01  8.9844072692E-01  1.7084184315E-01
           Stress_EigVec3 =  9.0866706875E-01 -4.1596011566E-01  3.6074095236E-02
           -DivStress = -2.3958280895E+04 -6.0801337424E+04 -1.1238097591E+04
           ESP =  -2.2284871561E+01     ESP at Nucleus =  -2.2284872807E+01
           ESPe = -3.4169830900E+01     ESPe at Nucleus = -3.4169817542E+01
           ESPn =  1.1884959339E+01     ESPn at Nucleus =  1.1884944735E+01

CP# 12     Coords = -6.24446369348886E+00 -1.77605923749466E+00  2.64701969114794E+00
           Type = (3,-3) NACP H12
           Rho =  4.2525268999E-01     Rho at Nucleus =  4.2155769047E-01
           GradRho = -1.5116082214E-15 -1.1084281618E-15 -3.1611388176E-15
           HessRho_EigVals = -6.4734648396E+00 -6.4668431277E+00 -5.8733372992E+00
           HessRho_EigVec1 =  4.0047775825E-01  8.2639900924E-01 -3.9583107845E-01
           HessRho_EigVec2 =  6.8938717350E-01 -5.5631183289E-01 -4.6396386671E-01
           HessRho_EigVec3 =  6.0362479254E-01  8.7073659103E-02  7.9249939289E-01
           DelSqRho = -1.8813645267E+01
           Bond Ellipticity = NA
           V = -4.7124513195E+00
           G =  4.5200014022E-03
           K =  4.7079313180E+00
           L =  4.7034113166E+00
           Vnuc =  3.9444478393E+01
           Ven = -1.6773870542E+01
           Vrep =  1.2061419223E+01
           DelSqV =  7.0832559566E+02
           DelSqVen =  7.4209442422E+02
           DelSqVrep = -3.3768828555E+01
           DelSqG =  6.9696552104E+01
           DelSqK = -7.7802214777E+02
           Stress_EigVals = -1.6216204370E+00 -1.6209033263E+00 -1.4699275561E+00
           Stress_EigVec1 =  3.9897580245E-01  8.2858687641E-01 -3.9276213833E-01
           Stress_EigVec2 =  6.9085850016E-01 -5.5326934159E-01 -4.6541118209E-01
           Stress_EigVec3 =  6.0293684729E-01  8.5655261966E-02  7.9317736622E-01
           -DivStress =  4.7672746132E+00  6.8920265350E-01  6.2582669672E+00
           ESP =  -1.1149780747E+00     ESP at Nucleus =  -1.1174299277E+00
           ESPe = -1.1993159089E+01     ESPe at Nucleus = -1.1935762453E+01
           ESPn =  1.0878181014E+01     ESPn at Nucleus =  1.0818332525E+01

CP# 13     Coords = -8.72987215968630E+00 -3.51997243616164E+00  1.04436010294276E+00
           Type = (3,-3) NACP H13
           Rho =  4.2584184871E-01     Rho at Nucleus =  4.2217319223E-01
           GradRho =  9.8596583236E-16  3.3748223603E-15  1.9940341424E-16
           HessRho_EigVals = -6.4835790394E+00 -6.4771092684E+00 -5.8854365822E+00
           HessRho_EigVec1 =  3.6075328807E-01 -2.9285131707E-01  8.8549148570E-01
           HessRho_EigVec2 =  6.8930271999E-01 -5.5584056360E-01 -4.6465366465E-01
           HessRho_EigVec3 =  6.2826652415E-01  7.7799702695E-01  1.3418984486E-03
           DelSqRho = -1.8846124890E+01
           Bond Ellipticity = NA
           V = -4.7205725288E+00
           G =  4.5206531667E-03
           K =  4.7160518757E+00
           L =  4.7115312225E+00
           Vnuc =  3.8319350814E+01
           Ven = -1.6317983192E+01
           Vrep =  1.1597410663E+01
           DelSqV =  7.0969437440E+02
           DelSqVen =  7.2217127115E+02
           DelSqVrep = -1.2476896753E+01
           DelSqG =  6.9837755481E+01
           DelSqK = -7.7953212988E+02
           Stress_EigVals = -1.6241719813E+00 -1.6234381640E+00 -1.4729623835E+00
           Stress_EigVec1 =  3.6317138323E-01 -2.9243699717E-01  8.8463955885E-01
           Stress_EigVec2 =  6.8869973183E-01 -5.5522958056E-01 -4.6627544675E-01
           Stress_EigVec3 =  6.2753424271E-01  7.7858892591E-01 -2.4221325437E-04
           -DivStress = -4.9460576782E+00 -6.1285474577E+00 -7.7750605387E-03
           ESP =  -1.1142323118E+00     ESP at Nucleus =  -1.1166711090E+00
           ESPe = -1.0738860497E+01     ESPe at Nucleus = -1.0663808193E+01
           ESPn =  9.6246281854E+00     ESPn at Nucleus =  9.5471370841E+00

CP# 14     Coords = -8.62138311686177E+00 -4.48092451885036E-01 -2.44581384020441E+00
           Type = (3,-3) NACP H14
           Rho =  4.2594898713E-01     Rho at Nucleus =  4.2228482331E-01
           GradRho =  4.9760373502E-15  2.3334021279E-16  2.2650853208E-15
           HessRho_EigVals = -6.4864477375E+00 -6.4802797953E+00 -5.8887311089E+00
           HessRho_EigVec1 =  4.0087329281E-01  8.2795187514E-01 -3.9216870804E-01
           HessRho_EigVec2 =  6.8888778405E-01 -5.5461394638E-01 -4.6673010559E-01
           HessRho_EigVec3 =  6.0393230092E-01  8.3060597971E-02  7.9269585149E-01
           DelSqRho = -1.8855458642E+01
           Bond Ellipticity = NA
           V = -4.7228926818E+00
           G =  4.5140107016E-03
           K =  4.7183786711E+00
           L =  4.7138646604E+00
           Vnuc =  3.8643266510E+01
           Ven = -1.6460060229E+01
           Vrep =  1.1737167547E+01
           DelSqV =  7.1008673991E+02
           DelSqVen =  7.2863651346E+02
           DelSqVrep = -1.8549773543E+01
           DelSqG =  6.9889187674E+01
           DelSqK = -7.7997592759E+02
           Stress_EigVals = -1.6249370460E+00 -1.6241647160E+00 -1.4737909199E+00
           Stress_EigVec1 =  4.0593436532E-01  8.2495278194E-01 -3.9328132251E-01
           Stress_EigVec2 =  6.8662579174E-01 -5.5929588801E-01 -4.6447080832E-01
           Stress_EigVec3 =  6.0312711196E-01  8.1492436659E-02  7.9347127836E-01
           -DivStress = -4.7512712445E+00 -6.4746157921E-01 -6.2435965808E+00
           ESP =  -1.1150705912E+00     ESP at Nucleus =  -1.1175075701E+00
           ESPe = -1.1038660295E+01     ESPe at Nucleus = -1.0963279294E+01
           ESPn =  9.9235897036E+00     ESPn at Nucleus =  9.8457717237E+00

CP# 15     Coords = -6.12628595968478E+00  1.28237819874112E+00 -8.35327275186358E-01
           Type = (3,-3) NACP H15
           Rho =  4.2348363633E-01     Rho at Nucleus =  4.1967773629E-01
           GradRho = -5.8158069899E-15 -4.1572266937E-15 -3.2071928460E-16
           HessRho_EigVals = -6.4406520169E+00 -6.4341376267E+00 -5.8316079812E+00
           HessRho_EigVec1 =  3.5722671418E-01 -2.9993078571E-01  8.8455107171E-01
           HessRho_EigVec2 =  6.8627173369E-01 -5.5812489421E-01 -4.6639865995E-01
           HessRho_EigVec3 =  6.3357728985E-01  7.7365245831E-01  6.4568982316E-03
           DelSqRho = -1.8706397625E+01
           Bond Ellipticity = NA
           V = -4.6856370895E+00
           G =  4.5188416227E-03
           K =  4.6811182478E+00
           L =  4.6765994062E+00
           Vnuc =  3.9780606828E+01
           Ven = -1.6846436035E+01
           Vrep =  1.2160798945E+01
           DelSqV =  7.0368545585E+02
           DelSqVen =  7.4415184908E+02
           DelSqVrep = -4.0466393227E+01
           DelSqG =  6.9199765386E+01
           DelSqK = -7.7288522124E+02
           Stress_EigVals = -1.6134116890E+00 -1.6126885885E+00 -1.4595368120E+00
           Stress_EigVec1 =  3.5870070337E-01 -2.9893363302E-01  8.8429208323E-01
           Stress_EigVec2 =  6.8607762172E-01 -5.5793778963E-01 -4.6690782803E-01
           Stress_EigVec3 =  6.3295442362E-01  7.7417317569E-01  4.9589984155E-03
           -DivStress =  5.0673210379E+00  6.1827943647E+00  5.4558080408E-02
           ESP =  -1.1173521740E+00     ESP at Nucleus =  -1.1198799259E+00
           ESPe = -1.2837271250E+01     ESPe at Nucleus = -1.2792097241E+01
           ESPn =  1.1719919076E+01     ESPn at Nucleus =  1.1672217315E+01

CP# 16     Coords =  6.38681780599686E+00 -2.04409637674611E+00  5.78279214949616E-02
           Type = (3,-3) NACP C16
           Rho =  1.1750557073E+02     Rho at Nucleus =  1.1750556838E+02
           GradRho = -3.1876072144E-11  2.3386586198E-11  2.2921764584E-13
           HessRho_EigVals = -1.4477946827E+05 -1.4477743755E+05 -1.4477732366E+05
           HessRho_EigVec1 =  9.8787185119E-01  1.0028813643E-01  1.1853900339E-01
           HessRho_EigVec2 = -1.0413805919E-01 -1.3833574448E-01  9.8489516520E-01
           HessRho_EigVec3 = -1.1517148198E-01  9.8529463182E-01  1.2621417610E-01
           DelSqRho = -4.3433422948E+05
           Bond Ellipticity = NA
           V = -1.0859385070E+05
           G =  5.1466645326E+00
           K =  1.0858870403E+05
           L =  1.0858355737E+05
           Vnuc =  1.0545065126E+06
           Ven = -1.2391038960E+08
           Vrep =  1.2380179575E+08
