AIMSum (Version 19.02.13, Professional)
Copyright (c) 1997-2019 by Todd A. Keith
AIMSum is a component of the AIMAll package ( http://aim.tkgristmill.com )

TP:  64-bit Linux

Much of the Quantum Theory of Atoms in Molecules (QTAIM) is described in the book:
  "Atoms in Molecules - A Quantum Theory"
  R.F.W. Bader, Oxford University Press, Oxford, 1990

For additional references see:  http://aim.tkgristmill.com/references.html

Wfn File:  /home/mhennefarth/Documents/ML_Diels/summary-pieniazek2006/r_8c-opt/r_8c-opt.wfn
Sum File:  /home/mhennefarth/Documents/ML_Diels/summary-pieniazek2006/r_8c-opt/r_8c-opt.sum

SumViz File:  /home/mhennefarth/Documents/ML_Diels/summary-pieniazek2006/r_8c-opt/r_8c-opt.sumviz

Wfn Title:   Title Card Required                                                           
 
Total memory allocated for AIMSum =        0.865 Megabytes

Atomic units (a.u.) used throughout, except where stated otherwise

Model:  Restricted SCF
 
Restricted, closed-shell, single-determinant wavefunction.
  Number of electrons (from MO Occs)                   =          68.0000000000
  Number of Alpha electrons (from MO Occs)             =          34.0000000000
  Number of Beta electrons (from MO Occs)              =          34.0000000000
  Number of electron pairs (N*(N-1)/2)                 =        2278.0000000000
  Number of electron pairs (from Muller 2EDM)          =        2278.0000000000
 
Nuclear Charges and Cartesian Coordinates:
-------------------------------------------------------------------------------
Atom      Charge                X                  Y                  Z
-------------------------------------------------------------------------------
H1         1.0          -4.0981407000E-01   4.4741982000E+00   3.0024277500E+00
C2         6.0          -7.8724440000E-01   2.8599949700E+00   1.7469111600E+00
C3         6.0          -2.6460483000E-01   3.4885076400E+00  -9.8222485000E-01
C4         6.0          -6.2821797800E+00  -1.0882089300E+00  -1.3331534500E+00
C5         6.0          -5.7872255700E+00  -2.6422890500E+00   5.8427179000E-01
C6         6.0           9.4372787000E-01   6.6416958000E-01   2.2775789100E+00
H7         1.0          -2.7812545300E+00   2.3446417900E+00   2.0344260000E+00
C8         6.0           1.4881522000E+00   1.8869773800E+00  -1.9015340600E+00
H9         1.0          -8.2004863400E+00  -5.1383254000E-01  -1.7972324200E+00
H10        1.0          -4.7852762900E+00  -3.3070249000E-01  -2.5195400400E+00
H11        1.0          -3.8672211900E+00  -3.2173051500E+00   1.0365962500E+00
H12        1.0          -7.2782048700E+00  -3.4084743500E+00   1.7737389100E+00
C13        6.0           2.2187295400E+00   1.5090001000E-01   1.3597656000E-01
H14        1.0           2.2742292200E+00   1.8288285900E+00  -3.7913571500E+00
H15        1.0          -1.1895473100E+00   5.0058962900E+00  -2.0006612600E+00
H16        1.0           1.1044369200E+00  -3.0193303000E-01   4.0726419500E+00
Cl17      17.0           4.4680593100E+00  -2.2236251100E+00  -2.9282331000E-01
 
Some Atomic Properties:
----------------------
  q(A) = Net Charge of Atom A
  L(A) = Lagrangian of Atom A = -(1/4) Times Atomic Integral of the Laplacian of the Electron Density
  K(A) = Electronic Kinetic Energy of Atom A (Hamiltonian Form)
  K_Scaled(A) = K(A) * E(Mol)/K(Mol) = Approximation to Virial-Based Total Energy of Atom A.
  |Mu_Intra(A)| = Magnitude of Intraatomic Dipole Moment of Atom A
--------------------------------------------------------------------------------------------------
Atom A          q(A)              L(A)              K(A)          K_Scaled(A)      |Mu_Intra(A)|
--------------------------------------------------------------------------------------------------
H1        4.9229121820E-02  2.5766858562E-05  5.8796894328E-01 -5.9131592121E-01  1.5046043768E-01
C2       -3.9925519000E-03  1.2993828494E-04  3.7699892714E+01 -3.7914497092E+01  1.7097062664E-01
C3       -5.8633788100E-02  2.2306869006E-05  3.7726205857E+01 -3.7940960020E+01  1.7821202574E-01
C4       -8.5303759000E-02 -8.4137509350E-07  3.7695910936E+01 -3.7910492647E+01  9.4787504527E-02
C5       -8.4214635300E-02 -1.1846035667E-05  3.7695319895E+01 -3.7909898241E+01  9.4857022154E-02
C6       -2.9912186600E-02 -5.7221034274E-05  3.7717521889E+01 -3.7932226619E+01  2.3386972946E-01
H7        6.3947821120E-02  8.9845293097E-06  5.8188399146E-01 -5.8519633117E-01  1.4618722319E-01
C8       -3.3952944300E-02 -8.9620176394E-05  3.7727192056E+01 -3.7941951834E+01  1.9527538122E-01
H9        3.7753192670E-02  1.5808581620E-05  5.9648990729E-01 -5.9988539029E-01  1.4761600367E-01
H10       4.7586297420E-02  1.0768897354E-05  5.9261052789E-01 -5.9598392776E-01  1.4376582509E-01
H11       4.8083028950E-02  2.5713046303E-05  5.9242984396E-01 -5.9580221530E-01  1.4391018199E-01
H12       3.8407581600E-02  1.8295067637E-05  5.9625520222E-01 -5.9964934918E-01  1.4747213464E-01
C13       3.5732896100E-02  3.9271439865E-04  3.7674522365E+01 -3.7888982323E+01  1.7632232654E-01
H14       6.7761775180E-02  2.0909747674E-05  5.8392864610E-01 -5.8725262488E-01  1.4592045617E-01
H15       5.8297054330E-02  1.6747392203E-05  5.8740742244E-01 -5.9075120395E-01  1.4763206104E-01
H16       7.1132534030E-02  2.0898983265E-05  5.8161441372E-01 -5.8492521887E-01  1.4610226836E-01
Cl17     -2.2141042100E-01  6.2824263426E-06  4.5890556537E+02 -4.6151785777E+02  1.6959563074E-01
--------------------------------------------------------------------------------------------------
Total     5.1101702000E-04  5.5560646144E-04  7.2814271998E+02 -7.3228762873E+02
 
1st Largest |L(A)| = 3.9271439865E-04, atom C13     
2nd Largest |L(A)| = 1.2993828494E-04, atom C2      
 
Molecular charge q(Mol) from the wfn file:   0.0000000000E+00
Molecular energy E(Mol) from the wfn file:  -7.3228753059E+02
Molecular virial ratio (-V(Mol)/T(Mol)) from the wfn file:   2.0056924400E+00
Note.  K_Scaled(A) = (1+V(Mol)/T(Mol))*K(A) = (E(Mol)/T(Mol))*K(A)
       Only use K_Scaled(A) data with caution.
 
N_AIMInt(SumA)     =         67.999489
N_Analytic(Mol)    =         67.999991
 
G_AIMInt(SumA)     =        728.142164
G_Analytic(Mol)    =        728.142597
 
K_AIMInt(SumA)     =        728.142720
K_Analytic(Mol)    =        728.142597
 
L_AIMInt(SumA)     =          0.000556
L_Analytic(Mol)    =          0.000000
 
VenT_AIMInt(SumA)  =      -2491.345663
VenT_Analytic(Mol) =      -2491.352097
 
Some Information About the Atomic Calculations:
----------------------------------------------
  Time(sec) = "Elapsed User Time", in Seconds, for Atom A by AIMInt and, if used, by TWOe
  NProc = Number of Processors Used for AIMInt Job
  BIM = Basin Integration Method
  OAQ = Angular Quadrature Outside of Beta Sphere
  ORQ = Multiple of Default for Radial Quadrature Outside of Beta Sphere
  IAQ = Multiple of Default for Angular Quadrature Inside of Beta Sphere
  IRQ = Multiple of Default for Radial Quadrature Inside of Beta Sphere
  MIR = Maximum Integration Radius
------------------------------------------------------------------------------------------------------
Atom A     Time(sec)   NProc      BIM          OAQ                     ORQ      IAQ      IRQ      MIR
------------------------------------------------------------------------------------------------------
H1              5        8     Proaim(5)    1800(GS4)                  1.00     1.00     1.00    13.00
C2             25        8     Proaim(5)    4500(GS4)                  1.00     1.00     1.00    13.00
C3             26        8     Proaim(5)    4500(GS4)                  1.00     1.00     1.00    13.00
C4             26        8     Proaim(5)    4500(GS4)                  1.00     1.00     1.00    13.00
C5             22        8     Proaim(5)    4500(GS4)                  1.00     1.00     1.00    13.00
C6             28        8     Proaim(5)    4500(GS4)                  1.00     1.00     1.00    13.00
H7             13        8     Proaim(5)    4500(GS4)                  1.00     1.00     1.00    13.00
C8             23        8     Proaim(5)    4500(GS4)                  1.00     1.00     1.00    13.00
H9              4        8     Proaim(5)    1800(GS4)                  1.00     1.00     1.00    13.00
H10            12        8     Proaim(5)    4500(GS4)                  1.00     1.00     1.00    13.00
H11            12        8     Proaim(5)    4500(GS4)                  1.00     1.00     1.00    13.00
H12             4        8     Proaim(5)    1800(GS4)                  1.00     1.00     1.00    13.00
C13            23        8     Proaim(5)    4500(GS4)                  1.00     1.00     1.00    13.00
H14             5        8     Proaim(5)    1800(GS4)                  1.00     1.00     1.00    13.00
H15             5        8     Proaim(5)    1800(GS4)                  1.00     1.00     1.00    13.00
H16             5        8     Proaim(5)    1800(GS4)                  1.00     1.00     1.00    13.00
Cl17           11        8     Proaim(5)    3150(GS4)                  1.00     1.00     1.00    13.00
------------------------------------------------------------------------------------------------------
Total         249
Note:  Total wall clock time is less than total of atomic times if more than one atom
       was calculated at a time
 
Electron Density Critical Point Analysis of Molecular Structure:               
---------------------------------------------------------------                
  NACP = Nuclear Attractor Critical Point                                      
  NNACP = Non-Nuclear Attractor Critical Point                                 
  BCP = Bond Critical Point                                                    
  RCP = Ring Critical Point                                                    
  CCP = Cage Critical Point                                                    
  Rho = Electron Density                                                       
  GradRho = Gradient of Electron Density                                       
  HessRho_EigVals = Eigenvalues of the Hessian of Rho, Ascending Order         
  HessRho_EigVecs = Eigenvectors of the Hessian of Rho                         
  DelSqRho = Laplacian of Rho = Trace of Hessian of Rho                        
  Bond Ellipticity = (HessRho_EigVal(1) / HessRho_EigVal(2)) - 1               
  V = Virial Field = Potential Energy Density = Trace of Stress Tensor         
  G = Lagrangian Form of Kinetic Energy Density                                
  K = Hamiltonian Form of Kinetic Energy Density                               
  L = K - G = Lagrangian Density = (-1/4)DelSqRho                              
  Vnuc = Electrostatic Potential from Nuclei                                   
  Ven = Electron-nuclear attractive contribution to Virial Field V             
  Vrep = V - Ven = Repulsive contribution to Virial Field V                    
  DelSqV = Laplacian of V                                                      
  DelSqVen = Laplacian of Ven                                                  
  DelSqVrep = Laplacian of Vrep                                                
  DelSqG = Laplacian of G                                                      
  DelSqK = Laplacian of K                                                      
  Stress_EigVals = Eigenvalues of Stress Tensor, Ascending Order               
  Stress_EigVecs = Eigenvectors of Stress Tensor                               
  -DivStress = Ehrenfest Force Density = Minus Divergence of Stress Tensor     
  ESP = Total Electrostatic Potential                                          
  ESPe = Electrostatic Potential from Electrons                                
  ESPn = Electrostatic Potential from Nuclei                                   
  BP = Bond Path                                                               
  BPL = Bond Path Length                                                       
  GBL = Geometric Bond Length                                                  
  GBL_I = Distance Between Nuclear Attractors                                  
  GBL_II = Distance Between Nuclei                                             
  GBL_III = Sum of Distances Between BCP and Nuclear Attractors                
  GBL_IV = Sum of Distances Between BCP and Nuclei                             

CP# 1      Coords = -4.15930859135947E-01  4.44814727088851E+00  2.98217507978273E+00
           Type = (3,-3) NACP H1
           Rho =  4.1605053087E-01     Rho at Nucleus =  4.1270853281E-01
           GradRho =  5.5849964410E-17 -1.2952963355E-15 -7.0798401863E-17
           HessRho_EigVals = -6.3484266132E+00 -6.3469420577E+00 -5.7927827920E+00
           HessRho_EigVec1 =  3.6945012509E-01 -6.2272258666E-01  6.8972689170E-01
           HessRho_EigVec2 =  9.1140426700E-01  9.8058653684E-02 -3.9965830722E-01
           HessRho_EigVec3 =  1.8124256444E-01  7.7627384375E-01  6.0377980451E-01
           DelSqRho = -1.8488151463E+01
           Bond Ellipticity = NA
           V = -4.6318024187E+00
           G =  4.8822764526E-03
           K =  4.6269201422E+00
           L =  4.6220378657E+00
           Vnuc =  4.2203681406E+01
           Ven = -1.7558864054E+01
           Vrep =  1.2927061635E+01
           DelSqV =  6.9758434521E+02
           DelSqVen =  7.8026805414E+02
           DelSqVrep = -8.2683708926E+01
           DelSqG =  6.8808425487E+01
           DelSqK = -7.6639277070E+02
           Stress_EigVals = -1.5907755503E+00 -1.5907218042E+00 -1.4503050641E+00
           Stress_EigVec1 =  5.9788616078E-01 -5.7443578993E-01  5.5906677776E-01
           Stress_EigVec2 = -7.8081362060E-01 -2.5963052541E-01  5.6826233393E-01
           Stress_EigVec3 =  1.8127942143E-01  7.7628314005E-01  6.0375678699E-01
           -DivStress =  1.3558527638E+00  5.7756077251E+00  4.4902311508E+00
           ESP =  -1.0894557220E+00     ESP at Nucleus =  -1.0916972919E+00
           ESPe = -1.3495270736E+01     ESPe at Nucleus = -1.3407713767E+01
           ESPn =  1.2405815014E+01     ESPn at Nucleus =  1.2316016475E+01

CP# 2      Coords = -7.87243878593197E-01  2.85999477791027E+00  1.74691099390428E+00
           Type = (3,-3) NACP C2
           Rho =  1.1753549400E+02     Rho at Nucleus =  1.1753549397E+02
           GradRho =  4.2346079022E-11 -5.6025904402E-12 -2.8849828613E-12
           HessRho_EigVals = -1.4483062459E+05 -1.4483033761E+05 -1.4483022241E+05
           HessRho_EigVec1 = -3.1688930907E-01  6.7257883180E-01 -6.6874425666E-01
           HessRho_EigVec2 =  4.9555564719E-01  7.1859766899E-01  4.8789547103E-01
           HessRho_EigVec3 =  8.0870622993E-01 -1.7679113420E-01 -5.6101615711E-01
           DelSqRho = -4.3449118461E+05
           Bond Ellipticity = NA
           V = -1.0863326216E+05
           G =  5.2330011902E+00
           K =  1.0862802915E+05
           L =  1.0862279615E+05
           Vnuc =  1.0345589253E+07
           Ven = -1.2159739436E+09
           Vrep =  1.2158653103E+09
           DelSqV =  2.4922856574E+09
           DelSqVen =  4.4950670541E+12
           DelSqVrep = -4.4925747684E+12
           DelSqG =  1.3387173953E+08
           DelSqK = -2.6261573969E+09
           Stress_EigVals = -3.6211151391E+04 -3.6211121763E+04 -3.6210989001E+04
           Stress_EigVec1 =  8.0426595731E-01 -2.2059181510E-01 -5.5181112804E-01
           Stress_EigVec2 = -5.1413253329E-01 -7.2396505851E-01 -4.5993731342E-01
           Stress_EigVec3 = -2.9803356880E-01  6.5361597683E-01 -6.9567387956E-01
           -DivStress = -4.2423732019E+02  1.5624397172E+02  1.3583224410E+02
           ESP =  -1.4721716149E+01     ESP at Nucleus =  -1.4721716149E+01
           ESPe = -2.7615823057E+01     ESPe at Nucleus = -2.7615822284E+01
           ESPn =  1.2894106908E+01     ESPn at Nucleus =  1.2894106136E+01

CP# 3      Coords = -2.64605631847832E-01  3.48850791489102E+00 -9.82223787791623E-01
           Type = (3,-3) NACP C3
           Rho =  1.1767461250E+02     Rho at Nucleus =  1.1767461236E+02
           GradRho = -3.3484809543E-10  1.2997324397E-10  4.3744776811E-10
           HessRho_EigVals = -1.4499958159E+05 -1.4499888644E+05 -1.4499854200E+05
           HessRho_EigVec1 =  7.2334280437E-01  6.3390774016E-01  2.7374470649E-01
           HessRho_EigVec2 = -6.8778964987E-02 -3.2833144271E-01  9.4205515640E-01
           HessRho_EigVec3 =  6.8705504972E-01 -7.0025669628E-01 -1.9389666827E-01
           DelSqRho = -4.3499701004E+05
           Bond Ellipticity = NA
           V = -1.0875950305E+05
           G =  5.1252722886E+00
           K =  1.0875437778E+05
           L =  1.0874925251E+05
           Vnuc =  4.4151067807E+06
           Ven = -5.1954597954E+08
           Vrep =  5.1943722004E+08
           DelSqV =  2.4951675522E+09
           DelSqVen =  1.9205582029E+12
           DelSqVrep = -1.9180630353E+12
           DelSqG =  1.3402490981E+08
           DelSqK = -2.6291924620E+09
           Stress_EigVals = -3.6253439871E+04 -3.6253237569E+04 -3.6252825614E+04
           Stress_EigVec1 = -6.5474962132E-01  7.5575212797E-01 -1.1901867193E-02
           Stress_EigVec2 =  2.1814673505E-01  1.7386930306E-01 -9.6030279987E-01
           Stress_EigVec3 =  7.2368151515E-01  6.3135424804E-01  2.7870571956E-01
           -DivStress =  6.5027155144E+02 -2.2031167998E+02 -8.6693057802E+02
           ESP =  -1.4731641348E+01     ESP at Nucleus =  -1.4731641361E+01
           ESPe = -2.7588848415E+01     ESPe at Nucleus = -2.7588848650E+01
           ESPn =  1.2857207068E+01     ESPn at Nucleus =  1.2857207289E+01

CP# 4      Coords = -6.28218009681383E+00 -1.08820830667889E+00 -1.33315409472066E+00
           Type = (3,-3) NACP C4
           Rho =  1.1768200281E+02     Rho at Nucleus =  1.1768200274E+02
           GradRho = -1.0256326431E-10  1.3469954167E-10 -1.2794531146E-10
           HessRho_EigVals = -1.4501061791E+05 -1.4500954701E+05 -1.4500935395E+05
           HessRho_EigVec1 =  8.9827969980E-02  7.8276678133E-01  6.1579793915E-01
           HessRho_EigVec2 = -9.9063590499E-01  6.3926954035E-03  1.3638048683E-01
           HessRho_EigVec3 =  1.0281750606E-01 -6.2228233102E-01  7.7601112167E-01
           DelSqRho = -4.3502951887E+05
           Bond Ellipticity = NA
           V = -1.0876756751E+05
           G =  5.0938939284E+00
           K =  1.0876247361E+05
           L =  1.0875737972E+05
           Vnuc =  6.3085863071E+06
           Ven = -7.4240707151E+08
           Vrep =  7.4229830394E+08
           DelSqV =  2.4953546055E+09
           DelSqVen =  2.7444207288E+12
           DelSqVrep = -2.7419253742E+12
           DelSqG =  1.3403693818E+08
           DelSqK = -2.6293915437E+09
           Stress_EigVals = -3.6256119148E+04 -3.6256003661E+04 -3.6255444696E+04
           Stress_EigVec1 =  1.5033075369E-01 -6.2033413456E-01  7.6979622369E-01
           Stress_EigVec2 = -9.8467483851E-01 -2.4318928916E-02  1.7269641601E-01
           Stress_EigVec3 =  8.8408862122E-02  7.8396055462E-01  6.1448329668E-01
           -DivStress =  2.5751052253E+02 -5.0533286631E+02  5.2403971087E+02
           ESP =  -1.4743606629E+01     ESP at Nucleus =  -1.4743606642E+01
           ESPe = -2.4517357354E+01     ESPe at Nucleus = -2.4517358274E+01
           ESPn =  9.7737507259E+00     ESPn at Nucleus =  9.7737516319E+00

CP# 5      Coords = -5.78722551149899E+00 -2.64228958277484E+00  5.84272561881956E-01
           Type = (3,-3) NACP C5
           Rho =  1.1768186130E+02     Rho at Nucleus =  1.1768186124E+02
           GradRho =  1.3352677471E-11 -1.1583374949E-10  1.5652282226E-10
           HessRho_EigVals = -1.4501025016E+05 -1.4500917057E+05 -1.4500897876E+05
           HessRho_EigVec1 =  8.9749591315E-02  7.8655813548E-01  6.1095933610E-01
           HessRho_EigVec2 = -9.5578721767E-01 -1.0445509529E-01  2.7488166109E-01
           HessRho_EigVec3 =  2.8002822249E-01 -6.0861764071E-01  7.4240740973E-01
           DelSqRho = -4.3502839949E+05
           Bond Ellipticity = NA
           V = -1.0876728613E+05
           G =  5.0931264356E+00
           K =  1.0876219300E+05
           L =  1.0875709987E+05
           Vnuc =  6.3848922822E+06
           Ven = -7.5138600800E+08
           Vrep =  7.5127724071E+08
           DelSqV =  2.4953479603E+09
           DelSqVen =  2.7776100598E+12
           DelSqVrep = -2.7751147118E+12
           DelSqG =  1.3403639653E+08
           DelSqK = -2.6293843568E+09
           Stress_EigVals = -3.6256025901E+04 -3.6255910668E+04 -3.6255349556E+04
           Stress_EigVec1 =  2.3805603555E-01 -6.1396175690E-01  7.5258241077E-01
           Stress_EigVec2 = -9.6717441958E-01 -7.8929020833E-02  2.4154472003E-01
           Stress_EigVec3 =  8.8898627903E-02  7.8537963478E-01  6.1259763567E-01
           -DivStress = -4.7257963931E+01  4.3340720329E+02 -6.2613629412E+02
           ESP =  -1.4743562791E+01     ESP at Nucleus =  -1.4743562805E+01
           ESPe = -2.4526107015E+01     ESPe at Nucleus = -2.4526107916E+01
           ESPn =  9.7825442240E+00     ESPn at Nucleus =  9.7825451116E+00

CP# 6      Coords =  9.43727134046274E-01  6.64170257717015E-01  2.27757897552508E+00
           Type = (3,-3) NACP C6
           Rho =  1.1765802621E+02     Rho at Nucleus =  1.1765802614E+02
           GradRho = -1.6274917698E-10  1.4344112443E-10 -4.2542185053E-13
           HessRho_EigVals = -1.4497874559E+05 -1.4497836421E+05 -1.4497812590E+05
           HessRho_EigVec1 =  7.2874477022E-01  6.2444530586E-01  2.8106782076E-01
           HessRho_EigVec2 = -6.4956595967E-01  7.6028913258E-01 -4.9496377977E-03
           HessRho_EigVec3 = -2.1678358773E-01 -1.7896506606E-01  9.5967514359E-01
           DelSqRho = -4.3493523570E+05
           Bond Ellipticity = NA
           V = -1.0874413431E+05
           G =  5.1626917010E+00
           K =  1.0873897162E+05
           L =  1.0873380892E+05
           Vnuc =  5.9844094765E+06
           Ven = -7.0411380702E+08
           Vrep =  7.0400506289E+08
           DelSqV =  2.4948155584E+09
           DelSqVen =  2.6028305285E+12
           DelSqVrep = -2.6003357130E+12
           DelSqG =  1.3400583839E+08
           DelSqK = -2.6288213968E+09
           Stress_EigVals = -3.6248280571E+04 -3.6248091982E+04 -3.6247761755E+04
           Stress_EigVec1 = -1.8324829435E-01 -2.1260520195E-01  9.5980158925E-01
           Stress_EigVec2 = -6.6533060182E-01  7.4557473133E-01  3.8124929950E-02
           Stress_EigVec3 =  7.2370937047E-01  6.3159904061E-01  2.7807804479E-01
           -DivStress =  6.0028901197E+02 -5.5507975312E+02 -5.0138584077E+01
           ESP =  -1.4734250106E+01     ESP at Nucleus =  -1.4734250111E+01
           ESPe = -2.8452188050E+01     ESPe at Nucleus = -2.8452188099E+01
           ESPn =  1.3717937944E+01     ESPn at Nucleus =  1.3717937988E+01

CP# 7      Coords = -2.74855165743619E+00  2.35322576472290E+00  2.02982834451749E+00
           Type = (3,-3) NACP H7
           Rho =  4.1374904886E-01     Rho at Nucleus =  4.1031960145E-01
           GradRho =  1.2101920293E-09  3.1712889742E-10 -1.7058805930E-10
           HessRho_EigVals = -6.3074390610E+00 -6.3063516447E+00 -5.7452040989E+00
           HessRho_EigVec1 = -2.7926271696E-01  7.3449059410E-01 -6.1849486829E-01
           HessRho_EigVec2 = -5.3937532556E-02  6.3110516339E-01  7.7381975635E-01
           HessRho_EigVec3 =  9.5869863748E-01  2.4945909469E-01 -1.3662753228E-01
           DelSqRho = -1.8358994805E+01
           Bond Ellipticity = NA
           V = -4.5995849001E+00
           G =  4.9180994874E-03
           K =  4.5946668006E+00
           L =  4.5897487012E+00
           Vnuc =  4.2639007233E+01
           Ven = -1.7641848687E+01
           Vrep =  1.3042263787E+01
           DelSqV =  6.9220367688E+02
           DelSqVen =  7.8280931443E+02
           DelSqVrep = -9.0605637551E+01
           DelSqG =  6.8235724534E+01
           DelSqK = -7.6043940142E+02
           Stress_EigVals = -1.5805622117E+00 -1.5804984063E+00 -1.4385242821E+00
           Stress_EigVec1 =  2.8447580323E-01 -8.3671893824E-01  4.6794757801E-01
           Stress_EigVec2 = -2.6606396318E-03  4.8742396859E-01  8.7316138018E-01
           Stress_EigVec3 =  9.5867952850E-01  2.4963832485E-01 -1.3643411741E-01
           -DivStress = -7.2003877618E+00 -1.8903431131E+00  1.0120098507E+00
           ESP =  -1.0905906642E+00     ESP at Nucleus =  -1.0928858443E+00
           ESPe = -1.4422866937E+01     ESPe at Nucleus = -1.4348700173E+01
           ESPn =  1.3332276272E+01     ESPn at Nucleus =  1.3255814328E+01

CP# 8      Coords =  1.48815316628310E+00  1.88697597058787E+00 -1.90153350585860E+00
           Type = (3,-3) NACP C8
           Rho =  1.1767562421E+02     Rho at Nucleus =  1.1767562397E+02
           GradRho =  7.1234750336E-10 -1.0150364351E-09  3.8909878276E-10
           HessRho_EigVals = -1.4499750117E+05 -1.4499693347E+05 -1.4499638990E+05
           HessRho_EigVec1 =  7.2561399342E-01  6.2901667438E-01  2.7896658564E-01
           HessRho_EigVec2 =  2.5226042243E-01 -6.2035930523E-01  7.4264326004E-01
           HessRho_EigVec3 = -6.4019451094E-01  4.6850011287E-01  6.0881740482E-01
           DelSqRho = -4.3499082454E+05
           Bond Ellipticity = NA
           V = -1.0875799427E+05
           G =  5.1440686956E+00
           K =  1.0875285020E+05
           L =  1.0874770613E+05
           Vnuc =  3.3399413419E+06
           Ven = -3.9302968222E+08
           Vrep =  3.9292092422E+08
           DelSqV =  2.4951291650E+09
           DelSqVen =  1.4528438764E+12
           DelSqVrep = -1.4503487636E+12
           DelSqG =  1.3401973623E+08
           DelSqK = -2.6291489013E+09
           Stress_EigVals = -3.6252960125E+04 -3.6252709954E+04 -3.6252324193E+04
           Stress_EigVec1 = -6.1253037812E-01  4.0153984435E-01  6.8086143177E-01
           Stress_EigVec2 =  3.1683728993E-01 -6.6441507355E-01  6.7688015316E-01
           Stress_EigVec3 =  7.2416894962E-01  6.3033194702E-01  2.7975162015E-01
           -DivStress = -7.8210162939E+02  1.1434329597E+03 -4.5646380342E+02
           ESP =  -1.4730091571E+01     ESP at Nucleus =  -1.4730091592E+01
           ESPe = -2.8259292138E+01     ESPe at Nucleus = -2.8259291152E+01
           ESPn =  1.3529200567E+01     ESPn at Nucleus =  1.3529199561E+01

CP# 9      Coords = -8.16793732264062E+00 -5.23542023534610E-01 -1.78938241531770E+00
           Type = (3,-3) NACP H9
           Rho =  4.2576997732E-01     Rho at Nucleus =  4.2209926116E-01
           GradRho =  1.1428216688E-09 -3.4061635521E-10  2.7530103379E-10
           HessRho_EigVals = -6.4828081193E+00 -6.4764814900E+00 -5.8845622081E+00
           HessRho_EigVec1 = -3.4686518807E-01 -5.5037887187E-01  7.5945219646E-01
           HessRho_EigVec2 =  8.7605350781E-02  7.8717207553E-01  6.1047966881E-01
           HessRho_EigVec3 =  9.3381467317E-01 -2.7828622121E-01  2.2482645589E-01
           DelSqRho = -1.8843851817E+01
           Bond Ellipticity = NA
           V = -4.7199886510E+00
           G =  4.5128483071E-03
           K =  4.7154758027E+00
           L =  4.7109629543E+00
           Vnuc =  3.8811796267E+01
           Ven = -1.6524897616E+01
           Vrep =  1.1804908965E+01
           DelSqV =  7.0960326458E+02
           DelSqVen =  7.3136373963E+02
           DelSqVrep = -2.1760475057E+01
           DelSqG =  6.9832747050E+01
           DelSqK = -7.7943601163E+02
           Stress_EigVals = -1.6239981970E+00 -1.6232466612E+00 -1.4727437927E+00
           Stress_EigVec1 = -3.4876329057E-01 -5.5113692219E-01  7.5803183320E-01
           Stress_EigVec2 =  8.7111463365E-02  7.8625240271E-01  6.1173421694E-01
           Stress_EigVec3 =  9.3315366371E-01 -2.7938370072E-01  2.2620563138E-01
           -DivStress = -7.3541150814E+00  2.1949785409E+00 -1.7747989198E+00
           ESP =  -1.1086311991E+00     ESP at Nucleus =  -1.1110721851E+00
           ESPe = -1.1235618223E+01     ESPe at Nucleus = -1.1158107077E+01
           ESPn =  1.0126987024E+01     ESPn at Nucleus =  1.0047034891E+01

CP# 10     Coords = -4.81103810525608E+00 -3.43630806898145E-01 -2.49927161681765E+00
           Type = (3,-3) NACP H10
           Rho =  4.2467036013E-01     Rho at Nucleus =  4.2093389987E-01
           GradRho = -2.5114188073E-15 -4.6837533851E-16  9.6222942808E-16
           HessRho_EigVals = -6.4633127320E+00 -6.4567748903E+00 -5.8597444738E+00
           HessRho_EigVec1 =  6.7740592850E-01 -4.9476623464E-01  5.4435979012E-01
           HessRho_EigVec2 = -8.4911995752E-02 -7.8765786923E-01 -6.1023358971E-01
           HessRho_EigVec3 =  7.3069224781E-01  3.6715317525E-01 -5.7557569866E-01
           DelSqRho = -1.8779832096E+01
           Bond Ellipticity = NA
           V = -4.7040080323E+00
           G =  4.5250041551E-03
           K =  4.6994830282E+00
           L =  4.6949580240E+00
           Vnuc =  4.0345751482E+01
           Ven = -1.7133644812E+01
           Vrep =  1.2429636779E+01
           DelSqV =  7.0684327876E+02
           DelSqVen =  7.5768643863E+02
           DelSqVrep = -5.0843159866E+01
           DelSqG =  6.9545504480E+01
           DelSqK = -7.7638878324E+02
           Stress_EigVals = -1.6190798297E+00 -1.6183620756E+00 -1.4665661270E+00
           Stress_EigVec1 = -6.7818208030E-01  4.9840932026E-01 -5.4005297466E-01
           Stress_EigVec2 =  8.8653358227E-02  7.8499061988E-01  6.1313155911E-01
           Stress_EigVec3 =  7.2952700295E-01  3.6793732643E-01 -5.7655223162E-01
           -DivStress =  5.8007708260E+00  2.9119735278E+00 -4.5652667489E+00
           ESP =  -1.1100299404E+00     ESP at Nucleus =  -1.1125044009E+00
           ESPe = -1.3076238850E+01     ESPe at Nucleus = -1.3027702849E+01
           ESPn =  1.1966208910E+01     ESPn at Nucleus =  1.1915198448E+01

CP# 11     Coords = -3.90019277549983E+00 -3.20750955050156E+00  1.02893734849545E+00
           Type = (3,-3) NACP H11
           Rho =  4.2469318962E-01     Rho at Nucleus =  4.2095618992E-01
           GradRho = -2.1124536878E-09  6.2736546272E-10 -4.9045225310E-10
           HessRho_EigVals = -6.4636728959E+00 -6.4571410085E+00 -5.8600224543E+00
           HessRho_EigVec1 = -3.4205728595E-01 -5.5884619733E-01  7.5543877373E-01
           HessRho_EigVec2 =  8.8527348354E-02  7.8119206132E-01  6.1798209676E-01
           HessRho_EigVec3 =  9.3549971765E-01 -2.7826227026E-01  2.1773926431E-01
           DelSqRho = -1.8780836359E+01
           Bond Ellipticity = NA
           V = -4.7042208198E+00
           G =  4.5058650451E-03
           K =  4.6997149547E+00
           L =  4.6952090897E+00
           Vnuc =  4.0379116704E+01
           Ven = -1.7148735867E+01
           Vrep =  1.2444515047E+01
           DelSqV =  7.0687655821E+02
           DelSqVen =  7.5835358676E+02
           DelSqVrep = -5.1477028548E+01
           DelSqG =  6.9548206152E+01
           DelSqK = -7.7642476437E+02
           Stress_EigVals = -1.6191697218E+00 -1.6184449615E+00 -1.4666061365E+00
           Stress_EigVec1 = -3.4314261628E-01 -5.5390226559E-01  7.5858119214E-01
           Stress_EigVec2 =  9.0537931190E-02  7.8435146947E-01  6.1367389985E-01
           Stress_EigVec3 =  9.3490963623E-01 -2.7925803931E-01  2.1899525011E-01
           -DivStress =  7.4251154257E+00 -2.2068540135E+00  1.7257348045E+00
           ESP =  -1.1101562421E+00     ESP at Nucleus =  -1.1126334997E+00
           ESPe = -1.3111061814E+01     ESPe at Nucleus = -1.3063376993E+01
           ESPn =  1.2000905572E+01     ESPn at Nucleus =  1.1950743494E+01

CP# 12     Coords = -7.25287832123067E+00 -3.39547672335056E+00  1.75357664269286E+00
           Type = (3,-3) NACP H12
           Rho =  4.2573123444E-01     Rho at Nucleus =  4.2205639730E-01
           GradRho = -2.7701365507E-17 -4.5224783120E-17 -2.7847732800E-16
           HessRho_EigVals = -6.4820976611E+00 -6.4757650984E+00 -5.8834406383E+00
           HessRho_EigVec1 = -6.8141473170E-01  4.9984420025E-01 -5.3463046948E-01
           HessRho_EigVec2 =  8.9701703733E-02  7.8200042044E-01  6.1678922395E-01
           HessRho_EigVec3 =  7.2637976829E-01  3.7233199957E-01 -5.7770348304E-01
           DelSqRho = -1.8841303398E+01
           Bond Ellipticity = NA
           V = -4.7193410007E+00
           G =  4.5075756348E-03
           K =  4.7148334251E+00
           L =  4.7103258494E+00
           Vnuc =  3.8806243807E+01
           Ven = -1.6521030080E+01
           Vrep =  1.1801689079E+01
           DelSqV =  7.0948620355E+02
           DelSqVen =  7.3116021330E+02
           DelSqVrep = -2.1674009750E+01
           DelSqG =  6.9820228290E+01
           DelSqK = -7.7930643184E+02
           Stress_EigVals = -1.6238158466E+00 -1.6230635299E+00 -1.4724616243E+00
           Stress_EigVec1 = -6.8290100858E-01  4.9806475184E-01 -5.3439471878E-01
           Stress_EigVec2 =  8.8825496877E-02  7.8272205131E-01  6.1600017978E-01
           Stress_EigVec3 =  7.2509050717E-01  3.7319926764E-01 -5.7876252734E-01
           -DivStress = -5.7208533225E+00 -2.9370967731E+00  4.5561769725E+00
           ESP =  -1.1088079172E+00     ESP at Nucleus =  -1.1112513820E+00
           ESPe = -1.1248566545E+01     ESPe at Nucleus = -1.1171070601E+01
           ESPn =  1.0139758628E+01     ESPn at Nucleus =  1.0059819219E+01

CP# 13     Coords =  2.21873412412236E+00  1.50895639854978E-01  1.35974512333573E-01
           Type = (3,-3) NACP C13
           Rho =  1.1766652055E+02     Rho at Nucleus =  1.1766651734E+02
           GradRho =  2.3373838238E-11 -1.4315877043E-12  1.5823151166E-12
           HessRho_EigVals = -1.4497485135E+05 -1.4497370556E+05 -1.4497294725E+05
           HessRho_EigVec1 = -6.7068708328E-01  7.4065733031E-01  4.0069382157E-02
           HessRho_EigVec2 =  7.1980970698E-01  6.3686787960E-01  2.7617619318E-01
           HessRho_EigVec3 = -1.7903301948E-01 -2.1407013570E-01  9.6027139650E-01
           DelSqRho = -4.3492150416E+05
           Bond Ellipticity = NA
           V = -1.0874040625E+05
           G =  5.0151070981E+00
           K =  1.0873539115E+05
           L =  1.0873037604E+05
           Vnuc =  9.0142761302E+05
           Ven = -1.0606785075E+08
           Vrep =  1.0595911034E+08
           DelSqV =  2.4947159437E+09
           DelSqVen =  3.9205025203E+11
           DelSqVrep = -3.8955553609E+11
           DelSqG =  1.3398617474E+08
           DelSqK = -2.6287021185E+09
           Stress_EigVals = -3.6247150424E+04 -3.6246655882E+04 -3.6246599948E+04
           Stress_EigVec1 = -2.1989091281E-01 -1.7046895013E-01  9.6051461390E-01
           Stress_EigVec2 =  7.0802640656E-01  6.4944267204E-01  2.7734964096E-01
           Stress_EigVec3 = -6.7107867949E-01  7.4105637625E-01 -2.2110023783E-02
           -DivStress = -3.7162594129E+03  3.5412621295E+03  1.6616388602E+03
           ESP =  -1.4682794851E+01     ESP at Nucleus =  -1.4682795096E+01
           ESPe = -2.9969877311E+01     ESPe at Nucleus = -2.9969879004E+01
           ESPn =  1.5287082460E+01     ESPn at Nucleus =  1.5287083909E+01

CP# 14     Coords =  2.26058725323220E+00  1.82976317408686E+00 -3.75840610743536E+00
           Type = (3,-3) NACP H14
           Rho =  4.2411984743E-01     Rho at Nucleus =  4.2029119024E-01
           GradRho = -9.2128584135E-10  6.2310550959E-11  2.2270333003E-09
           HessRho_EigVals = -6.4682036550E+00 -6.4623609223E+00 -5.8532809691E+00
           HessRho_EigVec1 = -5.7734879123E-01  7.7416950741E-01 -2.5948014772E-01
           HessRho_EigVec2 =  7.2184737626E-01  6.3247943538E-01  2.8090234817E-01
           HessRho_EigVec3 = -3.8158188984E-01  2.5126432654E-02  9.2399346520E-01
           DelSqRho = -1.8783845546E+01
           Bond Ellipticity = NA
           V = -4.7047201550E+00
           G =  4.3793842142E-03
           K =  4.7003407708E+00
           L =  4.6959613866E+00
           Vnuc =  4.0957787362E+01
           Ven = -1.7371010527E+01
           Vrep =  1.2666290372E+01
           DelSqV =  7.0683503874E+02
           DelSqVen =  7.6934475550E+02
           DelSqVrep = -6.2509716758E+01
           DelSqG =  6.9669394541E+01
           DelSqK = -7.7650443328E+02
           Stress_EigVals = -1.6201108582E+00 -1.6196986812E+00 -1.4649106157E+00
           Stress_EigVec1 = -5.8046175734E-01  7.7095590512E-01 -2.6208994759E-01
           Stress_EigVec2 =  7.1895159038E-01  6.3635168520E-01  2.7958029874E-01
           Stress_EigVec3 = -3.8232546209E-01  2.6144313118E-02  9.2365779157E-01
           -DivStress =  3.0738850793E+00 -2.1107336722E-01 -7.4239010648E+00
           ESP =  -1.0894614171E+00     ESP at Nucleus =  -1.0920820951E+00
           ESPe = -1.4016880514E+01     ESPe at Nucleus = -1.3922849054E+01
           ESPn =  1.2927419097E+01     ESPn at Nucleus =  1.2830766959E+01

CP# 15     Coords = -1.17365035776871E+00  4.97972032196499E+00 -1.98294395515454E+00
           Type = (3,-3) NACP H15
           Rho =  4.2420840064E-01     Rho at Nucleus =  4.2044195181E-01
           GradRho =  1.0349048550E-15 -2.4465902936E-15  7.7108119694E-16
           HessRho_EigVals = -6.4651995840E+00 -6.4591807284E+00 -5.8573063979E+00
           HessRho_EigVec1 = -5.2639057692E-01  2.3416963477E-01  8.1736010588E-01
           HessRho_EigVec2 =  7.2197712236E-01  6.3084287013E-01  2.8422932291E-01
           HessRho_EigVec3 = -4.4906791839E-01  7.3973093444E-01 -5.0113486140E-01
           DelSqRho = -1.8781686710E+01
           Bond Ellipticity = NA
           V = -4.7046060342E+00
           G =  4.5921783028E-03
           K =  4.7000138559E+00
           L =  4.6954216776E+00
           Vnuc =  4.0408300663E+01
           Ven = -1.7141540597E+01
           Vrep =  1.2436934563E+01
           DelSqV =  7.0697873129E+02
           DelSqVen =  7.5893604355E+02
           DelSqVrep = -5.1957312259E+01
           DelSqG =  6.9639214286E+01
           DelSqK = -7.7661794558E+02
           Stress_EigVals = -1.6195621127E+00 -1.6191331758E+00 -1.4659107457E+00
           Stress_EigVec1 = -5.1707800603E-01  2.4041731721E-01  8.2148027929E-01
           Stress_EigVec2 =  7.2818220845E-01  6.2798533993E-01  2.7456344283E-01
           Stress_EigVec3 = -4.4986776611E-01  7.4015804151E-01 -4.9978502038E-01
           -DivStress = -3.5818295589E+00  5.8972181996E+00 -3.9904872290E+00
           ESP =  -1.0907205223E+00     ESP at Nucleus =  -1.0932905233E+00
           ESPe = -1.3235061982E+01     ESPe at Nucleus = -1.3142720368E+01
           ESPn =  1.2144341460E+01     ESPn at Nucleus =  1.2049429844E+01

CP# 16     Coords =  1.10152994082470E+00 -2.84931944130722E-01  4.04124919530937E+00
           Type = (3,-3) NACP H16
           Rho =  4.2207960155E-01     Rho at Nucleus =  4.1824568900E-01
           GradRho = -1.3114676100E-11  7.6528655883E-11 -1.4123746969E-10
           HessRho_EigVals = -6.4254127318E+00 -6.4190694254E+00 -5.8132422127E+00
           HessRho_EigVec1 =  6.8930511532E-01 -6.0819369715E-01 -3.9364817381E-01
           HessRho_EigVec2 =  7.1988008940E-01  6.3607909361E-01  2.7780576590E-01
           HessRho_EigVec3 =  8.1431657750E-02 -4.7487241805E-01  8.7627910604E-01
           DelSqRho = -1.8657724370E+01
           Bond Ellipticity = NA
           V = -4.6736981137E+00
           G =  4.6335106172E-03
           K =  4.6690646031E+00
           L =  4.6644310925E+00
           Vnuc =  4.1059938420E+01
           Ven = -1.7330562448E+01
           Vrep =  1.2656864334E+01
           DelSqV =  7.0187928155E+02
           DelSqVen =  7.6608501393E+02
           DelSqVrep = -6.4205732379E+01
           DelSqG =  6.9073317668E+01
           DelSqK = -7.7095259922E+02
           Stress_EigVals = -1.6095359397E+00 -1.6093781911E+00 -1.4547839829E+00
           Stress_EigVec1 = -6.6959596985E-01  6.2593265409E-01  3.9981189290E-01
           Stress_EigVec2 =  7.3835039565E-01  6.1932089620E-01  2.6698374627E-01
           Stress_EigVec3 =  8.0498014927E-02 -4.7397250983E-01  8.7685239894E-01
