AIMSum (Version 19.02.13, Professional)
Copyright (c) 1997-2019 by Todd A. Keith
AIMSum is a component of the AIMAll package ( http://aim.tkgristmill.com )

TP:  64-bit Linux

Much of the Quantum Theory of Atoms in Molecules (QTAIM) is described in the book:
  "Atoms in Molecules - A Quantum Theory"
  R.F.W. Bader, Oxford University Press, Oxford, 1990

For additional references see:  http://aim.tkgristmill.com/references.html

Wfn File:  /home/mhennefarth/Documents/DielsAlder/DielsAlder_QTAIM/reactionC/reactC_exoc-10MVc/reactC_exoc-10MVc.wfn
Sum File:  /home/mhennefarth/Documents/DielsAlder/DielsAlder_QTAIM/reactionC/reactC_exoc-10MVc/reactC_exoc-10MVc.sum

SumViz File:  /home/mhennefarth/Documents/DielsAlder/DielsAlder_QTAIM/reactionC/reactC_exoc-10MVc/reactC_exoc-10MVc.sumviz

Wfn Title:  SCF/DFT density                                                                
 
Total memory allocated for AIMSum =        0.993 Megabytes

Atomic units (a.u.) used throughout, except where stated otherwise

Model:  Restricted SCF
 
Restricted, closed-shell, single-determinant wavefunction.
  Number of electrons (from MO Occs)                   =          64.0000000000
  Number of Alpha electrons (from MO Occs)             =          32.0000000000
  Number of Beta electrons (from MO Occs)              =          32.0000000000
  Number of electron pairs (N*(N-1)/2)                 =        2016.0000000000
  Number of electron pairs (from Muller 2EDM)          =        2016.0000000000
 
Nuclear Charges and Cartesian Coordinates:
-------------------------------------------------------------------------------
Atom      Charge                X                  Y                  Z
-------------------------------------------------------------------------------
c1         6.0           3.1287689000E-01   1.5000010000E-02  -5.8468773000E-01
c2         6.0          -1.7722778600E+00   1.0187195800E+00   4.5208390000E-01
c3         6.0          -1.3883944400E+00   1.2874139000E+00   3.1808845000E+00
c4         6.0           9.2648712000E-01   4.4563830000E-01   3.7847083500E+00
c5         6.0           2.2220644800E+00  -4.8148052000E-01   1.4458973600E+00
c6         6.0           2.7616256300E+00   5.6667669400E+00  -5.6585757000E-01
c7         6.0           2.8889712000E+00   5.9283655800E+00   1.9262898700E+00
h8         1.0           1.7666549500E+00   4.0108111000E-01   5.6454831400E+00
h9         1.0           6.0218326000E-01  -4.2399802000E-01  -2.5577891800E+00
h10        1.0          -2.7724716100E+00   2.0493529800E+00   4.4769401700E+00
h11        1.0          -3.4771464200E+00   1.5522338000E+00  -5.3919900000E-01
h12        1.0           1.0990568100E+00   6.2701361000E+00  -1.5883120000E+00
h13        1.0           4.3009244600E+00   4.8533666700E+00  -1.6402102400E+00
c14        6.0           5.0626597000E+00   5.1276713100E+00   3.3299170700E+00
h15        1.0           1.3583567600E+00   6.7239423300E+00   3.0235508600E+00
n16        7.0           6.7990445600E+00   4.4895300200E+00   4.4665321100E+00
h17        1.0           4.0202844500E+00   4.8578927000E-01   1.1056954600E+00
h18        1.0           2.6727732300E+00  -2.4990009000E+00   1.5805393800E+00
 
Some Atomic Properties:
----------------------
  q(A) = Net Charge of Atom A
  L(A) = Lagrangian of Atom A = -(1/4) Times Atomic Integral of the Laplacian of the Electron Density
  K(A) = Electronic Kinetic Energy of Atom A (Hamiltonian Form)
  K_Scaled(A) = K(A) * E(Mol)/K(Mol) = Approximation to Virial-Based Total Energy of Atom A.
  |Mu_Intra(A)| = Magnitude of Intraatomic Dipole Moment of Atom A
--------------------------------------------------------------------------------------------------
Atom A          q(A)              L(A)              K(A)          K_Scaled(A)      |Mu_Intra(A)|
--------------------------------------------------------------------------------------------------
c1       -6.9094096300E-02 -4.1189138203E-05  3.7907058747E+01 -3.8099687256E+01  1.8763840478E-01
c2       -5.2717837700E-02  4.3958117632E-06  3.7905143923E+01 -3.8097762703E+01  1.7548700147E-01
c3       -5.5295298600E-02 -2.2801276180E-04  3.7905843216E+01 -3.8098465549E+01  1.6893752988E-01
c4       -6.9760176300E-02 -4.9431382119E-05  3.7908550527E+01 -3.8101186617E+01  1.8509636179E-01
c5       -1.0003519800E-02  2.4610937425E-04  3.7863617264E+01 -3.8056025022E+01  1.4728669609E-01
c6        9.7035278000E-03 -5.3458532720E-05  3.7850034185E+01 -3.8042372918E+01  1.8114658066E-01
c7        5.7542316300E-02 -4.9472724878E-04  3.7832238604E+01 -3.8024486907E+01  3.1711788712E-01
h8        4.6066219680E-02  1.9045109352E-05  5.9638340514E-01 -5.9941398705E-01  1.4111844128E-01
h9        4.8873783150E-02  1.9353623612E-05  5.9538021513E-01 -5.9840569923E-01  1.4049507231E-01
h10       4.6074155290E-02  1.8440485681E-05  5.9737955969E-01 -6.0041520366E-01  1.3802281492E-01
h11       5.2450397520E-02  1.5218405935E-05  5.9497737644E-01 -5.9800081347E-01  1.3677978199E-01
h12       8.0831273150E-02  1.7365923017E-05  5.8544337891E-01 -5.8841836798E-01  1.3231073827E-01
h13       6.8434131190E-02  2.7367728941E-05  5.8953612844E-01 -5.9253191523E-01  1.3408939139E-01
c14       9.7096356200E-01  1.4036453132E-04  3.7365577260E+01 -3.7555454177E+01  1.0599091403E+00
h15       9.8765678390E-02  2.0818250500E-05  5.7878540381E-01 -5.8172655972E-01  1.3112563002E-01
n16      -1.3097392153E+00  1.9257996414E-06  5.5207315192E+01 -5.5487856685E+01  6.1391174063E-01
h17       4.0631040080E-02  2.5714538320E-05  5.9617296367E-01 -5.9920247621E-01  1.3874780105E-01
h18       4.6052045660E-02  2.4532624536E-05  5.9343789642E-01 -5.9645351043E-01  1.4430679057E-01
--------------------------------------------------------------------------------------------------
Total    -2.2201379000E-04 -2.8616685675E-04  3.6307287525E+02 -3.6491786637E+02
 
1st Largest |L(A)| = 4.9472724878E-04, atom c7      
2nd Largest |L(A)| = 2.4610937425E-04, atom c5      
 
Molecular charge q(Mol) from the wfn file:   0.0000000000E+00
Molecular energy E(Mol) from the wfn file:  -3.6491795860E+02
Molecular virial ratio (-V(Mol)/T(Mol)) from the wfn file:   2.0050816000E+00
Note.  K_Scaled(A) = (1+V(Mol)/T(Mol))*K(A) = (E(Mol)/T(Mol))*K(A)
       Only use K_Scaled(A) data with caution.
 
N_AIMInt(SumA)     =         64.000222
N_Analytic(Mol)    =         63.999992
 
G_AIMInt(SumA)     =        363.073161
G_Analytic(Mol)    =        363.072921
 
K_AIMInt(SumA)     =        363.072875
K_Analytic(Mol)    =        363.072921
 
L_AIMInt(SumA)     =         -0.000286
L_Analytic(Mol)    =          0.000000
 
VenT_AIMInt(SumA)  =      -1620.227396
VenT_Analytic(Mol) =      -1620.223915
 
Some Information About the Atomic Calculations:
----------------------------------------------
  Time(sec) = "Elapsed User Time", in Seconds, for Atom A by AIMInt and, if used, by TWOe
  NProc = Number of Processors Used for AIMInt Job
  BIM = Basin Integration Method
  OAQ = Angular Quadrature Outside of Beta Sphere
  ORQ = Multiple of Default for Radial Quadrature Outside of Beta Sphere
  IAQ = Multiple of Default for Angular Quadrature Inside of Beta Sphere
  IRQ = Multiple of Default for Radial Quadrature Inside of Beta Sphere
  MIR = Maximum Integration Radius
------------------------------------------------------------------------------------------------------
Atom A     Time(sec)   NProc      BIM          OAQ                     ORQ      IAQ      IRQ      MIR
------------------------------------------------------------------------------------------------------
c1             76        8     Proaim(5)    4500(GS4)                  1.00     1.00     1.00    13.00
c2             62        8     Proaim(5)    4500(GS4)                  1.00     1.00     1.00    13.00
c3             41        8     Proaim(5)    4500(GS4)                  1.00     1.00     1.00    13.00
c4             67        8     Proaim(5)    4500(GS4)                  1.00     1.00     1.00    13.00
c5             47        8     Proaim(5)    4500(GS4)                  1.00     1.00     1.00    13.00
c6             51        8     Proaim(5)    4500(GS4)                  1.00     1.00     1.00    13.00
c7            116        8     Proaim(5)    4500(GS4)                  1.00     1.00     1.00    13.00
h8             11        8     Proaim(5)    1800(GS4)                  1.00     1.00     1.00    13.00
h9             11        8     Proaim(5)    1800(GS4)                  1.00     1.00     1.00    13.00
h10            15        8     Proaim(5)    1800(GS4)                  1.00     1.00     1.00    13.00
h11            10        8     Proaim(5)    1800(GS4)                  1.00     1.00     1.00    13.00
h12            10        8     Proaim(5)    1800(GS4)                  1.00     1.00     1.00    13.00
h13            10        8     Proaim(5)    1800(GS4)                  1.00     1.00     1.00    13.00
c14            47        8     Proaim(5)    4500(GS4)                  1.00     1.00     1.00    13.00
h15            12        8     Proaim(5)    1800(GS4)                  1.00     1.00     1.00    13.00
n16            19        8     Proaim(5)    2700(GS4)                  1.00     1.00     1.00    13.00
h17            52        8     Proaim(5)    4500(GS4)                  1.00     1.00     1.00    13.00
h18            10        8     Proaim(5)    1800(GS4)                  1.00     1.00     1.00    13.00
------------------------------------------------------------------------------------------------------
Total         667
Note:  Total wall clock time is less than total of atomic times if more than one atom
       was calculated at a time
 
Electron Density Critical Point Analysis of Molecular Structure:               
---------------------------------------------------------------                
  NACP = Nuclear Attractor Critical Point                                      
  NNACP = Non-Nuclear Attractor Critical Point                                 
  BCP = Bond Critical Point                                                    
  RCP = Ring Critical Point                                                    
  CCP = Cage Critical Point                                                    
  Rho = Electron Density                                                       
  GradRho = Gradient of Electron Density                                       
  HessRho_EigVals = Eigenvalues of the Hessian of Rho, Ascending Order         
  HessRho_EigVecs = Eigenvectors of the Hessian of Rho                         
  DelSqRho = Laplacian of Rho = Trace of Hessian of Rho                        
  Bond Ellipticity = (HessRho_EigVal(1) / HessRho_EigVal(2)) - 1               
  V = Virial Field = Potential Energy Density = Trace of Stress Tensor         
  G = Lagrangian Form of Kinetic Energy Density                                
  K = Hamiltonian Form of Kinetic Energy Density                               
  L = K - G = Lagrangian Density = (-1/4)DelSqRho                              
  Vnuc = Electrostatic Potential from Nuclei                                   
  Ven = Electron-nuclear attractive contribution to Virial Field V             
  Vrep = V - Ven = Repulsive contribution to Virial Field V                    
  DelSqV = Laplacian of V                                                      
  DelSqVen = Laplacian of Ven                                                  
  DelSqVrep = Laplacian of Vrep                                                
  DelSqG = Laplacian of G                                                      
  DelSqK = Laplacian of K                                                      
  Stress_EigVals = Eigenvalues of Stress Tensor, Ascending Order               
  Stress_EigVecs = Eigenvectors of Stress Tensor                               
  -DivStress = Ehrenfest Force Density = Minus Divergence of Stress Tensor     
  ESP = Total Electrostatic Potential                                          
  ESPe = Electrostatic Potential from Electrons                                
  ESPn = Electrostatic Potential from Nuclei                                   
  BP = Bond Path                                                               
  BPL = Bond Path Length                                                       
  GBL = Geometric Bond Length                                                  
  GBL_I = Distance Between Nuclear Attractors                                  
  GBL_II = Distance Between Nuclei                                             
  GBL_III = Sum of Distances Between BCP and Nuclear Attractors                
  GBL_IV = Sum of Distances Between BCP and Nuclei                             

CP# 1      Coords =  3.12878226057954E-01  1.49995066224902E-02 -5.84687686871794E-01
           Type = (3,-3) NACP c1
           Rho =  1.2219016341E+02     Rho at Nucleus =  1.2219016308E+02
           GradRho =  7.2317678512E-09 -2.7233822975E-09  2.4421384359E-10
           HessRho_EigVals = -3.2300754295E+05 -3.2300584191E+05 -3.2300463895E+05
           HessRho_EigVec1 =  3.6075799933E-01  9.1981301955E-01 -1.5426495058E-01
           HessRho_EigVec2 =  5.2488734514E-01 -6.3510051442E-02  8.4879900346E-01
           HessRho_EigVec3 =  7.7093899942E-01 -3.8718275068E-01 -5.0570997296E-01
           DelSqRho = -9.6901802381E+05
           Bond Ellipticity = NA
           V = -2.4227186490E+05
           G =  8.6794739296E+00
           K =  2.4226318543E+05
           L =  2.4225450595E+05
           Vnuc =  4.2005441382E+06
           Ven = -5.1326517464E+08
           Vrep =  5.1302290278E+08
           DelSqV =  2.3767794271E+10
           DelSqVen =  4.0704030147E+12
           DelSqVrep = -4.0466352204E+12
           DelSqG =  6.4051845251E+08
           DelSqK = -2.4408312723E+10
           Stress_EigVals = -8.0757766880E+04 -8.0757386677E+04 -8.0756711344E+04
           Stress_EigVec1 =  7.2548326507E-01 -3.8431563592E-01 -5.7094266270E-01
           Stress_EigVec2 =  5.8246107233E-01 -9.9061021568E-02  8.0679985946E-01
           Stress_EigVec3 =  3.6662396447E-01  9.1787167185E-01 -1.5198178404E-01
           -DivStress = -1.0453396248E+04  3.9388387370E+03 -3.3418714428E+02
           ESP =  -1.4761442305E+01     ESP at Nucleus =  -1.4761442311E+01
           ESPe = -2.7309983090E+01     ESPe at Nucleus = -2.7309983454E+01
           ESPn =  1.2548540785E+01     ESPn at Nucleus =  1.2548541143E+01

CP# 2      Coords = -1.77227862191949E+00  1.01872006631495E+00  4.52084813406638E-01
           Type = (3,-3) NACP c2
           Rho =  1.2219575752E+02     Rho at Nucleus =  1.2219575726E+02
           GradRho = -3.3581510905E-09  2.0945022383E-09  4.0014520586E-09
           HessRho_EigVals = -3.2302041118E+05 -3.2301842892E+05 -3.2301738474E+05
           HessRho_EigVec1 =  3.7320013151E-01  9.1579534526E-01 -1.4846059224E-01
           HessRho_EigVec2 =  2.8658372487E-01  3.8399481859E-02  9.5728535371E-01
           HessRho_EigVec3 =  8.8237828083E-01 -3.9980540942E-01 -2.4812134958E-01
           DelSqRho = -9.6905622484E+05
           Bond Ellipticity = NA
           V = -2.4228144549E+05
           G =  8.6946403530E+00
           K =  2.4227275085E+05
           L =  2.4226405621E+05
           Vnuc =  4.6691172329E+06
           Ven = -5.7054631724E+08
           Vrep =  5.7030403580E+08
           DelSqV =  2.3768727081E+10
           DelSqVen =  4.5246371594E+12
           DelSqVrep = -4.5008684651E+12
           DelSqG =  6.4053972516E+08
           DelSqK = -2.4409266806E+10
           Stress_EigVals = -8.0760952858E+04 -8.0760622307E+04 -8.0759870325E+04
           Stress_EigVec1 =  8.9642603110E-01 -3.9556697543E-01 -1.9986780311E-01
           Stress_EigVec2 =  2.4154642984E-01  5.7955158123E-02  9.6865707135E-01
           Stress_EigVec3 =  3.7158537781E-01  9.1660676825E-01 -1.4750030306E-01
           -DivStress =  5.9642188980E+03 -3.8063216210E+03 -7.1453139961E+03
           ESP =  -1.4760946908E+01     ESP at Nucleus =  -1.4760946917E+01
           ESPe = -2.7135979441E+01     ESPe at Nucleus = -2.7135980091E+01
           ESPn =  1.2375032532E+01     ESPn at Nucleus =  1.2375033173E+01

CP# 3      Coords = -1.38839546450719E+00  1.28741423660377E+00  3.18088385634861E+00
           Type = (3,-3) NACP c3
           Rho =  1.2219703382E+02     Rho at Nucleus =  1.2219703357E+02
           GradRho = -4.2900607511E-09  1.3843788338E-09 -2.6727744462E-09
           HessRho_EigVals = -3.2302480721E+05 -3.2302280401E+05 -3.2302178722E+05
           HessRho_EigVec1 =  3.7413057048E-01  9.1713492835E-01 -1.3744031229E-01
           HessRho_EigVec2 = -4.2869671083E-02  1.6514888635E-01  9.8533650934E-01
           HessRho_EigVec3 =  9.2638464340E-01 -3.6275248937E-01  1.0110451978E-01
           DelSqRho = -9.6906939844E+05
           Bond Ellipticity = NA
           V = -2.4228473292E+05
           G =  8.6916548088E+00
           K =  2.4227604126E+05
           L =  2.4226734961E+05
           Vnuc =  4.7775850776E+06
           Ven = -5.8380672531E+08
           Vrep =  5.8356444058E+08
           DelSqV =  2.3769051608E+10
           DelSqVen =  4.6298116751E+12
           DelSqVrep = -4.6060425744E+12
           DelSqG =  6.4055049128E+08
           DelSqK = -2.4409602099E+10
           Stress_EigVals = -8.0762044428E+04 -8.0761723748E+04 -8.0760964743E+04
           Stress_EigVec1 =  9.2814016057E-01 -3.6919815340E-01  4.7419045437E-02
           Stress_EigVec2 =  7.2711124846E-03  1.4534963401E-01  9.8935363486E-01
           Stress_EigVec3 =  3.7215987595E-01  9.1791405231E-01 -1.3758931395E-01
           -DivStress =  8.0185000979E+03 -2.6353548236E+03  5.0343662386E+03
           ESP =  -1.4764089736E+01     ESP at Nucleus =  -1.4764089749E+01
           ESPe = -2.7310220318E+01     ESPe at Nucleus = -2.7310221244E+01
           ESPn =  1.2546130581E+01     ESPn at Nucleus =  1.2546131495E+01

CP# 4      Coords =  9.26488377028206E-01  4.45637780146504E-01  3.78470808249797E+00
           Type = (3,-3) NACP c4
           Rho =  1.2218984022E+02     Rho at Nucleus =  1.2218983991E+02
           GradRho =  6.4153322654E-09 -2.6456845603E-09 -1.3881411576E-09
           HessRho_EigVals = -3.2300721635E+05 -3.2300553575E+05 -3.2300434773E+05
           HessRho_EigVec1 =  3.6473846305E-01  9.1991880409E-01 -1.4392792452E-01
           HessRho_EigVec2 = -2.6335649480E-01  2.5018804397E-01  9.3169163316E-01
           HessRho_EigVec3 =  8.9308969887E-01 -3.0191942061E-01  3.3351979437E-01
           DelSqRho = -9.6901709982E+05
           Bond Ellipticity = NA
           V = -2.4227164007E+05
           G =  8.6825571030E+00
           K =  2.4226295751E+05
           L =  2.4225427496E+05
           Vnuc =  4.3279710069E+06
           Ven = -5.2883408582E+08
           Vrep =  5.2859181418E+08
           DelSqV =  2.3767773107E+10
           DelSqVen =  4.1938780160E+12
           DelSqVrep = -4.1701103084E+12
           DelSqG =  6.4051888471E+08
           DelSqK = -2.4408291992E+10
           Stress_EigVals = -8.0757687646E+04 -8.0757311606E+04 -8.0756640818E+04
           Stress_EigVec1 =  8.6744316969E-01 -2.8444937631E-01  4.0820448268E-01
           Stress_EigVec2 = -3.3431593081E-01  2.7439172616E-01  9.0163298466E-01
           Stress_EigVec3 =  3.6847687278E-01  9.1858463569E-01 -1.4292327067E-01
           -DivStress = -9.8362667653E+03  4.0671268619E+03  2.0898494132E+03
           ESP =  -1.4769647714E+01     ESP at Nucleus =  -1.4769647719E+01
           ESPe = -2.7717316025E+01     ESPe at Nucleus = -2.7717316362E+01
           ESPn =  1.2947668311E+01     ESPn at Nucleus =  1.2947668642E+01

CP# 5      Coords =  2.22206427964067E+00 -4.81480460823503E-01  1.44589738816746E+00
           Type = (3,-3) NACP c5
           Rho =  1.2199671052E+02     Rho at Nucleus =  1.2199671052E+02
           GradRho = -8.8849816393E-11  1.0307976694E-11  3.0075941737E-12
           HessRho_EigVals = -3.2245925702E+05 -3.2245887070E+05 -3.2245853399E+05
           HessRho_EigVec1 =  1.2374163542E-01  8.2058144307E-02  9.8891580461E-01
           HessRho_EigVec2 =  3.5613443564E-01  9.2650958215E-01 -1.2144240584E-01
           HessRho_EigVec3 =  9.2620530738E-01 -3.6721445388E-01 -8.5424080017E-02
           DelSqRho = -9.6737666171E+05
           Bond Ellipticity = NA
           V = -2.4186170832E+05
           G =  8.7714464595E+00
           K =  2.4185293687E+05
           L =  2.4184416543E+05
           Vnuc =  2.8462214887E+07
           Ven = -3.4722965905E+09
           Vrep =  3.4720547288E+09
           DelSqV =  2.3727542877E+10
           DelSqVen =  2.7533642826E+13
           DelSqVrep = -2.7509915283E+13
           DelSqG =  6.3935832875E+08
           DelSqK = -2.4366901206E+10
           Stress_EigVals = -8.0620672494E+04 -8.0620570844E+04 -8.0620464983E+04
           Stress_EigVec1 =  9.3139247437E-01 -3.5356354585E-01 -8.6607607797E-02
           Stress_EigVec2 =  3.4296094260E-01  9.3206427146E-01 -1.1676465953E-01
           Stress_EigVec3 =  1.2200758392E-01  7.9050698348E-02  9.8937613503E-01
           -DivStress =  1.5637617647E+03 -4.6205923093E+02 -2.1993356067E+02
           ESP =  -1.4756507992E+01     ESP at Nucleus =  -1.4756507991E+01
           ESPe = -2.7613599248E+01     ESPe at Nucleus = -2.7613598973E+01
           ESPn =  1.2857091257E+01     ESPn at Nucleus =  1.2857090982E+01

CP# 6      Coords =  2.76162573062502E+00  5.66676684046533E+00 -5.65857829050339E-01
           Type = (3,-3) NACP c6
           Rho =  1.2223735738E+02     Rho at Nucleus =  1.2223735737E+02
           GradRho =  4.2580161619E-11 -1.0923661975E-10 -5.7477578252E-11
           HessRho_EigVals = -3.2313690717E+05 -3.2313352798E+05 -3.2313302261E+05
           HessRho_EigVec1 =  3.9968890543E-01  9.0991909866E-01 -1.1088738778E-01
           HessRho_EigVec2 =  9.0158735382E-01 -4.1207421884E-01 -1.3166275706E-01
           HessRho_EigVec3 =  1.6549629093E-01  4.7350523269E-02  9.8507304584E-01
           DelSqRho = -9.6940345776E+05
           Bond Ellipticity = NA
           V = -2.4236816261E+05
           G =  8.6490835746E+00
           K =  2.4235951352E+05
           L =  2.4235086444E+05
           Vnuc =  2.0325612953E+07
           Ven = -2.4845492145E+09
           Vrep =  2.4843068464E+09
           DelSqV =  2.3777236935E+10
           DelSqVen =  1.9703732896E+13
           DelSqVrep = -1.9679955659E+13
           DelSqG =  6.4078169013E+08
           DelSqK = -2.4418018625E+10
           Stress_EigVals = -8.0789890374E+04 -8.0789690774E+04 -8.0788581460E+04
           Stress_EigVec1 =  1.3606254977E-01  5.9244944440E-02  9.8892720617E-01
           Stress_EigVec2 =  9.0643072929E-01 -4.1031343373E-01 -1.0013100966E-01
           Stress_EigVec3 =  3.9983786157E-01  9.1001808919E-01 -1.0952973019E-01
           -DivStress = -7.8707449792E+02  7.7964099972E+02  2.0305852828E+03
           ESP =  -1.4725830531E+01     ESP at Nucleus =  -1.4725830533E+01
           ESPe = -2.6059501573E+01     ESPe at Nucleus = -2.6059501871E+01
           ESPn =  1.1333671042E+01     ESPn at Nucleus =  1.1333671338E+01

CP# 7      Coords =  2.88897364347080E+00  5.92836479310593E+00  1.92629222755589E+00
           Type = (3,-3) NACP c7
           Rho =  1.2212730844E+02     Rho at Nucleus =  1.2212730648E+02
           GradRho = -2.7562396809E-11  2.6121327323E-12  2.4996005266E-11
           HessRho_EigVals = -3.2283752416E+05 -3.2283728816E+05 -3.2283511097E+05
           HessRho_EigVec1 =  3.3784901448E-01  9.3107024756E-01 -1.3771796371E-01
           HessRho_EigVec2 =  8.9154358798E-01 -2.6968075072E-01  3.6389878185E-01
           HessRho_EigVec3 = -3.0167544506E-01  2.4572441231E-01  9.2120108502E-01
           DelSqRho = -9.6850992330E+05
           Bond Ellipticity = NA
           V = -2.4214507507E+05
           G =  8.7971222194E+00
           K =  2.4213627795E+05
           L =  2.4212748082E+05
           Vnuc =  1.7214926971E+06
           Ven = -2.1024126960E+08
           Vrep =  2.0999912453E+08
           DelSqV =  2.3755357808E+10
           DelSqVen =  1.6672827566E+12
           DelSqVrep = -1.6435273988E+12
           DelSqG =  6.4017529843E+08
           DelSqK = -2.4395533107E+10
           Stress_EigVals = -8.0715574186E+04 -8.0714892389E+04 -8.0714608494E+04
           Stress_EigVec1 = -2.8502872302E-01  2.4216667321E-01  9.2742327415E-01
           Stress_EigVec2 =  8.7538130885E-01 -3.2838602988E-01  3.5478187595E-01
           Stress_EigVec3 =  3.9046919363E-01  9.1297202464E-01 -1.1838872860E-01
           -DivStress = -1.9103942160E+04  6.1524563081E+03 -1.8435362601E+04
           ESP =  -1.4714144628E+01     ESP at Nucleus =  -1.4714144650E+01
           ESPe = -2.7150984446E+01     ESPe at Nucleus = -2.7150983688E+01
           ESPn =  1.2436839818E+01     ESPn at Nucleus =  1.2436839038E+01

CP# 8      Coords =  1.75507817479811E+00  4.01574803155085E-01  5.61954327892824E+00
           Type = (3,-3) NACP h8
           Rho =  4.3916716664E-01     Rho at Nucleus =  4.3572620887E-01
           GradRho = -1.9168694410E-15  8.0122540547E-17 -5.8902535627E-15
           HessRho_EigVals = -9.0099160199E+00 -9.0045560835E+00 -8.2684791036E+00
           HessRho_EigVec1 = -8.3722625549E-01  3.9277787381E-01  3.8049670034E-01
           HessRho_EigVec2 =  3.6558402772E-01  9.1945840782E-01 -1.4472233752E-01
           HessRho_EigVec3 =  4.0669462230E-01 -1.7938175520E-02  9.1338803696E-01
           DelSqRho = -2.6282951207E+01
           Bond Ellipticity = NA
           V = -6.5841168259E+00
           G =  6.6895120880E-03
           K =  6.5774273138E+00
           L =  6.5707378018E+00
           Vnuc =  4.7800590074E+01
           Ven = -2.0992449707E+01
           Vrep =  1.4408332881E+01
           DelSqV =  1.7126012108E+03
           DelSqVen =  1.2563405766E+03
           DelSqVrep =  4.5626063422E+02
           DelSqG =  1.3157468398E+02
           DelSqK = -1.8441758948E+03
           Stress_EigVals = -2.2578125476E+00 -2.2572839157E+00 -2.0690203626E+00
           Stress_EigVec1 =  4.0793468434E-01  8.9813932772E-01 -1.6411898524E-01
           Stress_EigVec2 =  8.1702826707E-01 -4.3933224369E-01 -3.7343271209E-01
           Stress_EigVec3 =  4.0749736700E-01 -1.8246305421E-02  9.1302407867E-01
           -DivStress =  6.4419963593E+00 -2.7551304772E-01  1.4436070007E+01
           ESP =  -1.1049876848E+00     ESP at Nucleus =  -1.1064121691E+00
           ESPe = -1.3707003925E+01     ESPe at Nucleus = -1.3635222570E+01
           ESPn =  1.2602016240E+01     ESPn at Nucleus =  1.2528810400E+01

CP# 9      Coords =  5.98372912746881E-01 -4.17924762254440E-01 -2.53020181836841E+00
           Type = (3,-3) NACP h9
           Rho =  4.3888082884E-01     Rho at Nucleus =  4.3542188049E-01
           GradRho = -2.0187844452E-15  3.3133218391E-15  1.4543921623E-14
           HessRho_EigVals = -8.9992880740E+00 -8.9939576948E+00 -8.2555333824E+00
           HessRho_EigVec1 = -9.1320463353E-01  3.5254657383E-01 -2.0437272462E-01
           HessRho_EigVec2 =  3.8468283428E-01  9.1128284078E-01 -1.4691052074E-01
           HessRho_EigVec3 = -1.3444855633E-01  2.1277804721E-01  9.6780632790E-01
           DelSqRho = -2.6248779151E+01
           Bond Ellipticity = NA
           V = -6.5755177986E+00
           G =  6.6615053904E-03
           K =  6.5688562932E+00
           L =  6.5621947878E+00
           Vnuc =  4.7025087610E+01
           Ven = -2.0638409426E+01
           Vrep =  1.4062891628E+01
           DelSqV =  1.7099660032E+03
           DelSqVen =  1.2343511392E+03
           DelSqVrep =  4.7561486398E+02
           DelSqG =  1.3131938012E+02
           DelSqK = -1.8412853833E+03
           Stress_EigVals = -2.2551480731E+00 -2.2546054329E+00 -2.0657642926E+00
           Stress_EigVec1 =  4.0953218961E-01  9.0129965705E-01 -1.4121725774E-01
           Stress_EigVec2 = -9.0221117900E-01  3.7717153595E-01 -2.0918083317E-01
           Stress_EigVec3 = -1.3527148319E-01  2.1307407323E-01  9.6762651119E-01
           -DivStress =  2.1175413103E+00 -3.3752029421E+00 -1.5331628661E+01
           ESP =  -1.0890591070E+00     ESP at Nucleus =  -1.0903767501E+00
           ESPe = -1.3031086011E+01     ESPe at Nucleus = -1.2956430566E+01
           ESPn =  1.1942026904E+01     ESPn at Nucleus =  1.1866053816E+01

CP# 10     Coords = -2.75328305148962E+00  2.03884212418958E+00  4.45877371220065E+00
           Type = (3,-3) NACP h10
           Rho =  4.3996802519E-01     Rho at Nucleus =  4.3651560616E-01
           GradRho =  3.0920838806E-13 -1.6958006180E-13 -2.9211182084E-13
           HessRho_EigVals = -9.0224937100E+00 -9.0179520616E+00 -8.2795911436E+00
           HessRho_EigVec1 =  6.3528706926E-01 -1.5033402824E-01  7.5750248817E-01
           HessRho_EigVec2 =  3.7683278422E-01  9.1651667540E-01 -1.3414259743E-01
           HessRho_EigVec3 =  6.7409746504E-01 -3.7067082925E-01 -6.3890198307E-01
           DelSqRho = -2.6320036915E+01
           Bond Ellipticity = NA
           V = -6.5927459447E+00
           G =  6.3683579680E-03
           K =  6.5863775868E+00
           L =  6.5800092288E+00
           Vnuc =  4.7061085930E+01
           Ven = -2.0705373040E+01
           Vrep =  1.4112627095E+01
           DelSqV =  1.7146701590E+03
           DelSqVen =  1.2386495190E+03
           DelSqVrep =  4.7602064010E+02
           DelSqG =  1.3169354910E+02
           DelSqK = -1.8463637081E+03
           Stress_EigVals = -2.2606064871E+00 -2.2603019898E+00 -2.0718374678E+00
           Stress_EigVec1 =  3.4465105662E-01  9.2288726904E-01 -1.7174032088E-01
           Stress_EigVec2 =  6.5290342170E-01 -1.0421402427E-01  7.5023766840E-01
           Stress_EigVec3 =  6.7448704295E-01 -3.7070004827E-01 -6.3847372938E-01
           -DivStress = -1.0691385777E+01  5.8566342424E+00  1.0122235488E+01
           ESP =  -1.0920637346E+00     ESP at Nucleus =  -1.0933751798E+00
           ESPe = -1.2988480830E+01     ESPe at Nucleus = -1.2913955217E+01
           ESPn =  1.1896417095E+01     ESPn at Nucleus =  1.1820580038E+01

CP# 11     Coords = -3.45334532953853E+00  1.54489932920166E+00 -5.25170147334644E-01
           Type = (3,-3) NACP h11
           Rho =  4.3951351359E-01     Rho at Nucleus =  4.3602993079E-01
           GradRho = -7.1362186993E-16  4.3801767768E-17 -1.6826817717E-16
           HessRho_EigVals = -9.0131502791E+00 -9.0086660939E+00 -8.2657628585E+00
           HessRho_EigVec1 = -4.0714610726E-01  3.1626418047E-01  8.5685997427E-01
           HessRho_EigVec2 =  3.7604517723E-01  9.1297995252E-01 -1.5829602325E-01
           HessRho_EigVec3 =  8.3235934069E-01 -2.5776845122E-01  4.9064585347E-01
           DelSqRho = -2.6287579232E+01
           Bond Ellipticity = NA
           V = -6.5845303938E+00
           G =  6.3177929550E-03
           K =  6.5782126008E+00
           L =  6.5718948079E+00
           Vnuc =  4.6673659213E+01
           Ven = -2.0513703953E+01
           Vrep =  1.3929173559E+01
           DelSqV =  1.7120925488E+03
           DelSqVen =  1.2269375146E+03
           DelSqVrep =  4.8515503417E+02
           DelSqG =  1.3150638538E+02
           DelSqK = -1.8435989341E+03
           Stress_EigVals = -2.2582602593E+00 -2.2579247768E+00 -2.0683453576E+00
           Stress_EigVec1 =  3.5127037966E-01  9.3009747686E-01 -1.0736761110E-01
           Stress_EigVec2 = -4.2821497436E-01  2.6157611163E-01  8.6499125635E-01
           Stress_EigVec3 =  8.3261098726E-01 -2.5786938818E-01  4.9016560725E-01
           -DivStress = -1.3244981665E+01  4.0816958689E+00 -7.8070781151E+00
           ESP =  -1.0863189486E+00     ESP at Nucleus =  -1.0875977213E+00
           ESPe = -1.2776442232E+01     ESPe at Nucleus = -1.2701366215E+01
           ESPn =  1.1690123284E+01     ESPn at Nucleus =  1.1613768493E+01

CP# 12     Coords =  1.12281013510816E+00  6.26167276654506E+00 -1.57372960233058E+00
           Type = (3,-3) NACP h12
           Rho =  4.3821117310E-01     Rho at Nucleus =  4.3460541375E-01
           GradRho =  1.1809130063E-15  2.4476948246E-15  4.9217357620E-16
           HessRho_EigVals = -8.9934272824E+00 -8.9907230346E+00 -8.2288505080E+00
           HessRho_EigVec1 = -3.9944117765E-01  3.3940746093E-01  8.5161571208E-01
           HessRho_EigVec2 =  4.1870966993E-01  8.9393503179E-01 -1.5988236689E-01
           HessRho_EigVec3 =  8.1555438685E-01 -2.9271613280E-01  4.9918764778E-01
           DelSqRho = -2.6213000825E+01
           Bond Ellipticity = NA
           V = -6.5652282391E+00
           G =  5.9890163983E-03
           K =  6.5592392227E+00
           L =  6.5532502063E+00
           Vnuc =  4.6147380401E+01
           Ven = -2.0222297701E+01
           Vrep =  1.3657069462E+01
           DelSqV =  1.7056073977E+03
           DelSqVen =  1.2096613205E+03
           DelSqVrep =  4.9594607713E+02
           DelSqG =  1.3115268038E+02
           DelSqK = -1.8367600780E+03
           Stress_EigVals = -2.2532218598E+00 -2.2529482977E+00 -2.0590580816E+00
           Stress_EigVec1 =  3.8247980064E-01  9.2003631408E-01 -8.5102190769E-02
           Stress_EigVec2 = -4.3516029389E-01  2.6062200107E-01  8.6180722391E-01
           Stress_EigVec3 =  8.1507344499E-01 -2.9259076085E-01  5.0004592383E-01
           -DivStress = -1.3180416258E+01  4.6975268537E+00 -8.0923097750E+00
           ESP =  -1.0619190588E+00     ESP at Nucleus =  -1.0632470375E+00
           ESPe = -1.2879172435E+01     ESPe at Nucleus = -1.2812972672E+01
           ESPn =  1.1817253376E+01     ESPn at Nucleus =  1.1749725634E+01

CP# 13     Coords =  4.27933883622677E+00  4.86483012212154E+00 -1.62497733938522E+00
           Type = (3,-3) NACP h13
           Rho =  4.3840878894E-01     Rho at Nucleus =  4.3487986154E-01
           GradRho = -1.3882916624E-09  7.3716163165E-10  9.7887005099E-10
           HessRho_EigVals = -8.9974747271E+00 -8.9947058990E+00 -8.2452041155E+00
           HessRho_EigVec1 =  5.3264728988E-01 -1.0567464168E-01  8.3971407913E-01
           HessRho_EigVec2 =  3.9011877352E-01  9.1113791027E-01 -1.3279702941E-01
           HessRho_EigVec3 =  7.5106205278E-01 -3.9832220448E-01 -5.2654080022E-01
           DelSqRho = -2.6237384742E+01
           Bond Ellipticity = NA
           V = -6.5715188699E+00
           G =  6.0863422330E-03
           K =  6.5654325276E+00
           L =  6.5593461854E+00
           Vnuc =  4.6903525029E+01
           Ven = -2.0562917605E+01
           Vrep =  1.3991398735E+01
           DelSqV =  1.7082910207E+03
           DelSqVen =  1.2306258364E+03
           DelSqVrep =  4.7766518434E+02
           DelSqG =  1.3133261547E+02
           DelSqK = -1.8396236362E+03
           Stress_EigVals = -2.2542208036E+00 -2.2540342083E+00 -2.0632638580E+00
           Stress_EigVec1 =  4.3464705817E-01  8.9863271144E-01 -5.9507854516E-02
           Stress_EigVec2 =  4.9754454638E-01 -1.8452287835E-01  8.4758523567E-01
           Stress_EigVec3 =  7.5068725791E-01 -3.9800823771E-01 -5.2731213102E-01
           -DivStress =  1.1990137390E+01 -6.3666128135E+00 -8.4621250036E+00
           ESP =  -1.0668082239E+00     ESP at Nucleus =  -1.0682061077E+00
           ESPe = -1.3247088486E+01     ESPe at Nucleus = -1.3183700629E+01
           ESPn =  1.2180280263E+01     ESPn at Nucleus =  1.2115494521E+01

CP# 14     Coords =  5.06265710719417E+00  5.12767225245586E+00  3.32991545967162E+00
           Type = (3,-3) NACP c14
           Rho =  1.2256977955E+02     Rho at Nucleus =  1.2256977790E+02
           GradRho =  7.9764639338E-11 -4.4762193951E-11 -6.6857630543E-12
           HessRho_EigVals = -3.2409478032E+05 -3.2409477574E+05 -3.2409090976E+05
           HessRho_EigVec1 = -5.6700004131E-01 -4.6406515856E-02  8.2240950167E-01
           HessRho_EigVec2 =  2.1330551059E-01  9.5608348998E-01  2.0101024686E-01
           HessRho_EigVec3 =  7.9562033176E-01 -2.8939729695E-01  5.3220061275E-01
           DelSqRho = -9.7228046581E+05
           Bond Ellipticity = NA
           V = -2.4308767467E+05
           G =  8.7791062633E+00
           K =  2.4307889556E+05
           L =  2.4307011645E+05
           Vnuc =  1.8783148167E+06
           Ven = -2.3022463301E+08
           Vrep =  2.2998154533E+08
           DelSqV =  2.3847856176E+10
           DelSqVen =  1.8262488187E+12
           DelSqVrep = -1.8024009625E+12
           DelSqG =  6.4284923455E+08
           DelSqK = -2.4490705411E+10
           Stress_EigVals = -8.1030345717E+04 -8.1028665627E+04 -8.1028663322E+04
           Stress_EigVec1 =  7.9705743352E-01 -2.9186966367E-01  5.2868851615E-01
           Stress_EigVec2 =  1.9243306816E-01  9.5256765670E-01  2.3576338496E-01
           Stress_EigVec3 = -5.7242376083E-01 -8.6179805276E-02  8.1541650658E-01
           -DivStress =  2.0352309212E+04 -7.3983560729E+03  1.2640029720E+04
           ESP =  -1.4742302764E+01     ESP at Nucleus =  -1.4742302814E+01
           ESPe = -2.7027715412E+01     ESPe at Nucleus = -2.7027715593E+01
           ESPn =  1.2285412647E+01     ESPn at Nucleus =  1.2285412779E+01

CP# 15     Coords =  1.38050166304175E+00  6.71264399005290E+00  3.00816458403490E+00
           Type = (3,-3) NACP h15
           Rho =  4.3494124503E-01     Rho at Nucleus =  4.3133332868E-01
           GradRho =  4.4870995574E-09 -2.2908238271E-09 -3.1205981002E-09
           HessRho_EigVals = -8.9349061021E+00 -8.9304829168E+00 -8.1711340593E+00
           HessRho_EigVec1 =  5.0498544361E-01 -1.6885273710E-01  8.4645050352E-01
           HessRho_EigVec2 =  4.1705336626E-01  9.0633373127E-01 -6.8012184626E-02
           HessRho_EigVec3 =  7.5568259966E-01 -3.8736019509E-01 -5.2810594375E-01
           DelSqRho = -2.6036523078E+01
           Bond Ellipticity = NA
           V = -6.5214185757E+00
           G =  6.1439030557E-03
           K =  6.5152746726E+00
           L =  6.5091307696E+00
           Vnuc =  4.6900563773E+01
           Ven = -2.0398989600E+01
           Vrep =  1.3877571024E+01
           DelSqV =  1.6940293137E+03
           DelSqVen =  1.2211276249E+03
           DelSqVrep =  4.7290168879E+02
           DelSqG =  1.3037628356E+02
           DelSqK = -1.8244055972E+03
           Stress_EigVals = -2.2389797128E+00 -2.2377243784E+00 -2.0447144845E+00
           Stress_EigVec1 =  3.8582522281E-01  9.1481880454E-01 -1.1935431411E-01
           Stress_EigVec2 =  5.2937916784E-01 -1.1357533652E-01  8.4074867802E-01
           Stress_EigVec3 =  7.5557699415E-01 -3.8756573351E-01 -5.2810624700E-01
           -DivStress = -1.2207034124E+01  6.2294831374E+00  8.4808709856E+00
           ESP =  -1.0565836879E+00     ESP at Nucleus =  -1.0579273668E+00
           ESPe = -1.3753602437E+01     ESPe at Nucleus = -1.3683307213E+01
           ESPn =  1.2697018749E+01     ESPn at Nucleus =  1.2625379846E+01

CP# 16     Coords =  6.79903982558164E+00  4.48953175761198E+00  4.46652897475879E+00
           Type = (3,-3) NACP n16
           Rho =  1.9934623151E+02     Rho at Nucleus =  1.9934621843E+02
           GradRho = -1.3029577417E-10  1.2481393696E-10  1.3465939475E-10
           HessRho_EigVals = -7.4205352965E+05 -7.4205280561E+05 -7.4203854844E+05
           HessRho_EigVec1 = -4.2267365733E-01  3.3331102476E-01  8.4276375110E-01
           HessRho_EigVec2 = -4.2147379780E-01 -8.9552730493E-01  1.4279595197E-01
           HessRho_EigVec3 =  8.0231341580E-01 -2.9484675155E-01  5.1899766466E-01
           DelSqRho = -2.2261448837E+06
           Bond Ellipticity = NA
           V = -5.5658878712E+05
           G =  2.6283099559E+01
           K =  5.5656250402E+05
           L =  5.5653622093E+05
           Vnuc =  1.1787924261E+06
           Ven = -2.3498782788E+08
           Vrep =  2.3443123909E+08
           DelSqV =  7.9252336661E+10
           DelSqVen =  2.6241627205E+12
           DelSqVrep = -2.5449103839E+12
           DelSqG =  2.0722013105E+09
           DelSqK = -8.1324537971E+10
