AIMSum (Version 19.02.13, Professional)
Copyright (c) 1997-2019 by Todd A. Keith
AIMSum is a component of the AIMAll package ( http://aim.tkgristmill.com )

TP:  64-bit Linux

Much of the Quantum Theory of Atoms in Molecules (QTAIM) is described in the book:
  "Atoms in Molecules - A Quantum Theory"
  R.F.W. Bader, Oxford University Press, Oxford, 1990

For additional references see:  http://aim.tkgristmill.com/references.html

Wfn File:  /home/mhennefarth/Documents/DielsAlder/DielsAlder_QTAIM/reactionC/reactC_endoc10MVc/reactC_endoc10MVc.wfn
Sum File:  /home/mhennefarth/Documents/DielsAlder/DielsAlder_QTAIM/reactionC/reactC_endoc10MVc/reactC_endoc10MVc.sum

SumViz File:  /home/mhennefarth/Documents/DielsAlder/DielsAlder_QTAIM/reactionC/reactC_endoc10MVc/reactC_endoc10MVc.sumviz

Wfn Title:  SCF/DFT density                                                                
 
Total memory allocated for AIMSum =        0.993 Megabytes

Atomic units (a.u.) used throughout, except where stated otherwise

Model:  Restricted SCF
 
Restricted, closed-shell, single-determinant wavefunction.
  Number of electrons (from MO Occs)                   =          64.0000000000
  Number of Alpha electrons (from MO Occs)             =          32.0000000000
  Number of Beta electrons (from MO Occs)              =          32.0000000000
  Number of electron pairs (N*(N-1)/2)                 =        2016.0000000000
  Number of electron pairs (from Muller 2EDM)          =        2016.0000000000
 
Nuclear Charges and Cartesian Coordinates:
-------------------------------------------------------------------------------
Atom      Charge                X                  Y                  Z
-------------------------------------------------------------------------------
c1         6.0           4.8349622000E-01  -7.2718200000E-03  -5.6651156000E-01
c2         6.0          -1.6450347800E+00   1.0227449900E+00   3.5130300000E-01
c3         6.0          -1.4189755700E+00   1.2905713200E+00   3.0974895700E+00
c4         6.0           8.4402752000E-01   4.1887581000E-01   3.8318240900E+00
c5         6.0           2.2702178000E+00  -5.1594798000E-01   1.5711380200E+00
c6         6.0           2.6075760900E+00   5.7295178600E+00  -3.4644154000E-01
c7         6.0           3.0416072200E+00   5.9818317500E+00   2.1109290700E+00
h8         1.0           1.5641341400E+00   3.6495234000E-01   5.7420177100E+00
h9         1.0           8.8081414000E-01  -4.4891446000E-01  -2.5206478600E+00
h10        1.0          -2.8550522900E+00   2.0909586600E+00   4.3092290800E+00
h11        1.0          -3.2836941800E+00   1.5810740800E+00  -7.3422338000E-01
h12        1.0           8.3857198000E-01   6.3159479300E+00  -1.1852542200E+00
h13        1.0           4.0258462600E+00   4.9201953000E+00  -1.5765997700E+00
h14        1.0           4.8002282700E+00   5.3998749900E+00   2.9789472400E+00
c15        6.0           1.1952321900E+00   7.0444320300E+00   3.7836101000E+00
h16        1.0           4.0762933100E+00   4.6875432000E-01   1.3317725000E+00
h17        1.0           2.7230403300E+00  -2.5307741100E+00   1.7287018800E+00
n18        7.0          -2.5970550000E-01   7.9082591100E+00   5.1409409400E+00
 
Some Atomic Properties:
----------------------
  q(A) = Net Charge of Atom A
  L(A) = Lagrangian of Atom A = -(1/4) Times Atomic Integral of the Laplacian of the Electron Density
  K(A) = Electronic Kinetic Energy of Atom A (Hamiltonian Form)
  K_Scaled(A) = K(A) * E(Mol)/K(Mol) = Approximation to Virial-Based Total Energy of Atom A.
  |Mu_Intra(A)| = Magnitude of Intraatomic Dipole Moment of Atom A
--------------------------------------------------------------------------------------------------
Atom A          q(A)              L(A)              K(A)          K_Scaled(A)      |Mu_Intra(A)|
--------------------------------------------------------------------------------------------------
c1       -7.5670094400E-02  5.8288625653E-05  3.7907404654E+01 -3.8098526207E+01  1.8224488645E-01
c2       -5.1515695400E-02 -1.1641364401E-04  3.7905583070E+01 -3.8096695438E+01  1.6821252362E-01
c3       -4.3514661100E-02 -1.8792056055E-04  3.7905572229E+01 -3.8096684543E+01  1.8093061273E-01
c4       -6.7366188900E-02 -4.4676682733E-05  3.7908235126E+01 -3.8099360865E+01  1.8819563785E-01
c5       -1.0406581700E-02  1.6894554524E-05  3.7861379763E+01 -3.8052269267E+01  1.4303817821E-01
c6        5.4066106000E-03  8.1419712173E-05  3.7851758189E+01 -3.8042599184E+01  1.7599708801E-01
c7        5.4928182400E-02 -2.3819078427E-04  3.7831866086E+01 -3.8022606789E+01  3.0008529287E-01
h8        5.0929480580E-02  1.9116932116E-05  5.9438453086E-01 -5.9738129878E-01  1.3989943247E-01
h9        3.5031434220E-02  1.8610418228E-05  6.0055073539E-01 -6.0357859209E-01  1.4409344731E-01
h10       6.4217391820E-02  1.9494231204E-05  5.9051632690E-01 -5.9349359211E-01  1.3407713310E-01
h11       4.8174700850E-02  1.6695839898E-05  5.9673453768E-01 -5.9974315387E-01  1.3772587833E-01
h12       7.6092559470E-02  1.8457275926E-05  5.8684776593E-01 -5.8980653500E-01  1.3408441597E-01
h13       5.5081598610E-02  2.5215018268E-05  5.9544110408E-01 -5.9844319904E-01  1.3674102728E-01
h14       8.5104972040E-02  2.9431680379E-05  5.8437882883E-01 -5.8732515001E-01  1.3283174013E-01
c15       9.7744390340E-01  3.0992944131E-05  3.7362538781E+01 -3.7550913229E+01  1.0330493678E+00
h16       3.0461684450E-02 -5.0721446340E-05  5.9927034893E-01 -6.0229175017E-01  1.4718514224E-01
h17       4.1445155640E-02  2.3963984728E-05  5.9550714046E-01 -5.9850956836E-01  1.4537674713E-01
n18      -1.2760653825E+00 -1.9924753721E-05  5.5201601505E+01 -5.5479916940E+01  6.2808318799E-01
--------------------------------------------------------------------------------------------------
Total    -2.2092992000E-04 -2.9926665440E-04  3.6307957072E+02 -3.6491014530E+02
 
1st Largest |L(A)| = 2.3819078427E-04, atom c7      
2nd Largest |L(A)| = 1.8792056055E-04, atom c3      
 
Molecular charge q(Mol) from the wfn file:   0.0000000000E+00
Molecular energy E(Mol) from the wfn file:  -3.6491026153E+02
Molecular virial ratio (-V(Mol)/T(Mol)) from the wfn file:   2.0050418000E+00
Note.  K_Scaled(A) = (1+V(Mol)/T(Mol))*K(A) = (E(Mol)/T(Mol))*K(A)
       Only use K_Scaled(A) data with caution.
 
N_AIMInt(SumA)     =         64.000221
N_Analytic(Mol)    =         63.999992
 
G_AIMInt(SumA)     =        363.079870
G_Analytic(Mol)    =        363.079666
 
K_AIMInt(SumA)     =        363.079571
K_Analytic(Mol)    =        363.079666
 
L_AIMInt(SumA)     =         -0.000299
L_Analytic(Mol)    =          0.000000
 
VenT_AIMInt(SumA)  =      -1619.162876
VenT_Analytic(Mol) =      -1619.159702
 
Some Information About the Atomic Calculations:
----------------------------------------------
  Time(sec) = "Elapsed User Time", in Seconds, for Atom A by AIMInt and, if used, by TWOe
  NProc = Number of Processors Used for AIMInt Job
  BIM = Basin Integration Method
  OAQ = Angular Quadrature Outside of Beta Sphere
  ORQ = Multiple of Default for Radial Quadrature Outside of Beta Sphere
  IAQ = Multiple of Default for Angular Quadrature Inside of Beta Sphere
  IRQ = Multiple of Default for Radial Quadrature Inside of Beta Sphere
  MIR = Maximum Integration Radius
------------------------------------------------------------------------------------------------------
Atom A     Time(sec)   NProc      BIM          OAQ                     ORQ      IAQ      IRQ      MIR
------------------------------------------------------------------------------------------------------
c1             77        8     Proaim(5)    4500(GS4)                  1.00     1.00     1.00    13.00
c2             57        8     Proaim(5)    4500(GS4)                  1.00     1.00     1.00    13.00
c3             79        8     Proaim(5)    4500(GS4)                  1.00     1.00     1.00    13.00
c4            113        8     Proaim(5)    4500(GS4)                  1.00     1.00     1.00    13.00
c5             66        8     Proaim(5)    4500(GS4)                  1.00     1.00     1.00    13.00
c6             76        8     Proaim(5)    4500(GS4)                  1.00     1.00     1.00    13.00
c7            125        8     Proaim(5)    4500(GS4)                  1.00     1.00     1.00    13.00
h8             14        8     Proaim(5)    1800(GS4)                  1.00     1.00     1.00    13.00
h9             14        8     Proaim(5)    1800(GS4)                  1.00     1.00     1.00    13.00
h10            16        8     Proaim(5)    1800(GS4)                  1.00     1.00     1.00    13.00
h11            14        8     Proaim(5)    1800(GS4)                  1.00     1.00     1.00    13.00
h12            15        8     Proaim(5)    1800(GS4)                  1.00     1.00     1.00    13.00
h13            15        8     Proaim(5)    1800(GS4)                  1.00     1.00     1.00    13.00
h14            17        8     Proaim(5)    1800(GS4)                  1.00     1.00     1.00    13.00
c15            54        8     Proaim(5)    4500(GS4)                  1.00     1.00     1.00    13.00
h16            37        8     Proaim(5)    4500(GS4)                  1.00     1.00     1.00    13.00
h17            16        8     Proaim(5)    1800(GS4)                  1.00     1.00     1.00    13.00
n18            26        8     Proaim(5)    2700(GS4)                  1.00     1.00     1.00    13.00
------------------------------------------------------------------------------------------------------
Total         831
Note:  Total wall clock time is less than total of atomic times if more than one atom
       was calculated at a time
 
Electron Density Critical Point Analysis of Molecular Structure:               
---------------------------------------------------------------                
  NACP = Nuclear Attractor Critical Point                                      
  NNACP = Non-Nuclear Attractor Critical Point                                 
  BCP = Bond Critical Point                                                    
  RCP = Ring Critical Point                                                    
  CCP = Cage Critical Point                                                    
  Rho = Electron Density                                                       
  GradRho = Gradient of Electron Density                                       
  HessRho_EigVals = Eigenvalues of the Hessian of Rho, Ascending Order         
  HessRho_EigVecs = Eigenvectors of the Hessian of Rho                         
  DelSqRho = Laplacian of Rho = Trace of Hessian of Rho                        
  Bond Ellipticity = (HessRho_EigVal(1) / HessRho_EigVal(2)) - 1               
  V = Virial Field = Potential Energy Density = Trace of Stress Tensor         
  G = Lagrangian Form of Kinetic Energy Density                                
  K = Hamiltonian Form of Kinetic Energy Density                               
  L = K - G = Lagrangian Density = (-1/4)DelSqRho                              
  Vnuc = Electrostatic Potential from Nuclei                                   
  Ven = Electron-nuclear attractive contribution to Virial Field V             
  Vrep = V - Ven = Repulsive contribution to Virial Field V                    
  DelSqV = Laplacian of V                                                      
  DelSqVen = Laplacian of Ven                                                  
  DelSqVrep = Laplacian of Vrep                                                
  DelSqG = Laplacian of G                                                      
  DelSqK = Laplacian of K                                                      
  Stress_EigVals = Eigenvalues of Stress Tensor, Ascending Order               
  Stress_EigVecs = Eigenvectors of Stress Tensor                               
  -DivStress = Ehrenfest Force Density = Minus Divergence of Stress Tensor     
  ESP = Total Electrostatic Potential                                          
  ESPe = Electrostatic Potential from Electrons                                
  ESPn = Electrostatic Potential from Nuclei                                   
  BP = Bond Path                                                               
  BPL = Bond Path Length                                                       
  GBL = Geometric Bond Length                                                  
  GBL_I = Distance Between Nuclear Attractors                                  
  GBL_II = Distance Between Nuclei                                             
  GBL_III = Sum of Distances Between BCP and Nuclear Attractors                
  GBL_IV = Sum of Distances Between BCP and Nuclei                             

CP# 1      Coords =  4.83497577918599E-01 -7.27235834132735E-03 -5.66511574618834E-01
           Type = (3,-3) NACP c1
           Rho =  1.2218309416E+02     Rho at Nucleus =  1.2218309382E+02
           GradRho =  7.6818052752E-09 -3.0460545197E-09 -7.6070261201E-11
           HessRho_EigVals = -3.2298686831E+05 -3.2298533853E+05 -3.2298412247E+05
           HessRho_EigVec1 =  3.8521298682E-01  9.1425743766E-01 -1.2547626256E-01
           HessRho_EigVec2 =  4.4184046489E-01 -6.3351694381E-02  8.9485393579E-01
           HessRho_EigVec3 =  8.1017773258E-01 -4.0014984755E-01 -4.2835982670E-01
           DelSqRho = -9.6895632930E+05
           Bond Ellipticity = NA
           V = -2.4225645818E+05
           G =  8.6879279270E+00
           K =  2.4224777025E+05
           L =  2.4223908233E+05
           Vnuc =  4.1073207274E+06
           Ven = -5.0184515520E+08
           Vrep =  5.0160289874E+08
           DelSqV =  2.3766280614E+10
           DelSqVen =  3.9798140436E+12
           DelSqVrep = -3.9560477958E+12
           DelSqG =  6.4047383221E+08
           DelSqK = -2.4406754446E+10
           Stress_EigVals = -8.0752616688E+04 -8.0752238009E+04 -8.0751603485E+04
           Stress_EigVec1 =  7.6875366340E-01 -3.9675819905E-01 -5.0159818231E-01
           Stress_EigVec2 =  5.0774132629E-01 -9.8256122846E-02  8.5588812347E-01
           Stress_EigVec3 =  3.8886572308E-01  9.1264925673E-01 -1.2591577981E-01
           -DivStress = -1.0624000851E+04  4.2119299256E+03  1.1756076473E+02
           ESP =  -1.4765599403E+01     ESP at Nucleus =  -1.4765599412E+01
           ESPe = -2.7245622295E+01     ESPe at Nucleus = -2.7245623051E+01
           ESPn =  1.2480022892E+01     ESPn at Nucleus =  1.2480023640E+01

CP# 2      Coords = -1.64503558610033E+00  1.02274545163712E+00  3.51303705132047E-01
           Type = (3,-3) NACP c2
           Rho =  1.2220213527E+02     Rho at Nucleus =  1.2220213505E+02
           GradRho = -2.9069971985E-09  1.6344976483E-09  2.5467610243E-09
           HessRho_EigVals = -3.2303891480E+05 -3.2303677604E+05 -3.2303581291E+05
           HessRho_EigVec1 =  3.9221318101E-01  9.1097233073E-01 -1.2766453422E-01
           HessRho_EigVec2 =  2.5824058877E-01  2.4161320165E-02  9.6577845747E-01
           HessRho_EigVec3 =  8.8288199605E-01 -4.1175920544E-01 -2.2577364280E-01
           DelSqRho = -9.6911150376E+05
           Bond Ellipticity = NA
           V = -2.4229524456E+05
           G =  8.6843091164E+00
           K =  2.4228656025E+05
           L =  2.4227787594E+05
           Vnuc =  5.1447474029E+06
           Ven = -6.2869911805E+08
           Vrep =  6.2845682281E+08
           DelSqV =  2.3770082862E+10
           DelSqVen =  4.9858341356E+12
           DelSqVrep = -4.9620640445E+12
           DelSqG =  6.4057944786E+08
           DelSqK = -2.4410662310E+10
           Stress_EigVals = -8.0765550499E+04 -8.0765243523E+04 -8.0764450538E+04
           Stress_EigVec1 =  8.9667700702E-01 -4.0801413032E-01 -1.7174054425E-01
           Stress_EigVec2 =  2.0827010820E-01  4.6484488341E-02  9.7696609684E-01
           Stress_EigVec3 =  3.9063270103E-01  9.1179145741E-01 -1.2665871895E-01
           -DivStress =  6.3102624326E+03 -3.6136087733E+03 -5.5160246505E+03
           ESP =  -1.4765383629E+01     ESP at Nucleus =  -1.4765383639E+01
           ESPe = -2.7369362168E+01     ESPe at Nucleus = -2.7369362808E+01
           ESPn =  1.2603978539E+01     ESPn at Nucleus =  1.2603979169E+01

CP# 3      Coords = -1.41897645954583E+00  1.29057156396801E+00  3.09748864171570E+00
           Type = (3,-3) NACP c3
           Rho =  1.2220051914E+02     Rho at Nucleus =  1.2220051886E+02
           GradRho = -4.0052059447E-09  1.1364091890E-09 -4.2013681423E-09
           HessRho_EigVals = -3.2303601105E+05 -3.2303398414E+05 -3.2303290520E+05
           HessRho_EigVec1 =  3.9774234829E-01  9.0855001614E-01 -1.2781976591E-01
           HessRho_EigVec2 = -2.3056140177E-02  1.4916708735E-01  9.8854316772E-01
           HessRho_EigVec3 =  9.1720741317E-01 -3.9023845048E-01  8.0277724142E-02
           DelSqRho = -9.6910290040E+05
           Bond Ellipticity = NA
           V = -2.4229312070E+05
           G =  8.6977982514E+00
           K =  2.4228442290E+05
           L =  2.4227572510E+05
           Vnuc =  4.5849452031E+06
           Ven = -5.6028268404E+08
           Vrep =  5.6004039092E+08
           DelSqV =  2.3769876554E+10
           DelSqVen =  4.4432837509E+12
           DelSqVrep = -4.4195138416E+12
           DelSqG =  6.4057652563E+08
           DelSqK = -2.4410453079E+10
           Stress_EigVals = -8.0764857394E+04 -8.0764512816E+04 -8.0763750485E+04
           Stress_EigVec1 =  9.1827208730E-01 -3.9419938678E-01  3.7191627410E-02
           Stress_EigVec2 =  1.5784032763E-02  1.3029934357E-01  9.9134905325E-01
           Stress_EigVec3 =  3.9563523351E-01  9.0974113050E-01 -1.2587230623E-01
           -DivStress =  6.9628553549E+03 -1.9105108828E+03  7.2616269964E+03
           ESP =  -1.4768735730E+01     ESP at Nucleus =  -1.4768735738E+01
           ESPe = -2.7656760365E+01     ESPe at Nucleus = -2.7656760831E+01
           ESPn =  1.2888024635E+01     ESPn at Nucleus =  1.2888025093E+01

CP# 4      Coords =  8.44028894446122E-01  4.18875191849105E-01  3.83182379480697E+00
           Type = (3,-3) NACP c4
           Rho =  1.2218794668E+02     Rho at Nucleus =  1.2218794630E+02
           GradRho =  8.5797808858E-09 -3.8692098414E-09 -1.9042261101E-09
           HessRho_EigVals = -3.2300138590E+05 -3.2299980552E+05 -3.2299853839E+05
           HessRho_EigVec1 =  3.9408373578E-01  9.1074695570E-01 -1.2344226130E-01
           HessRho_EigVec2 = -3.3182111193E-01  2.6624245644E-01  9.0499154917E-01
           HessRho_EigVec3 =  8.5708386922E-01 -3.1568170214E-01  4.0712688938E-01
           DelSqRho = -9.6899972981E+05
           Bond Ellipticity = NA
           V = -2.4226730964E+05
           G =  8.6885937405E+00
           K =  2.4225862105E+05
           L =  2.4224993245E+05
           Vnuc =  3.9070448720E+06
           Ven = -4.7739379049E+08
           Vrep =  4.7715152318E+08
           DelSqV =  2.3767346709E+10
           DelSqVen =  3.7859252306E+12
           DelSqVrep = -3.7621578839E+12
           DelSqG =  6.4050586850E+08
           DelSqK = -2.4407852577E+10
           Stress_EigVals = -8.0756250538E+04 -8.0755850875E+04 -8.0755208228E+04
           Stress_EigVec1 =  8.2956315986E-01 -2.9688963657E-01  4.7294979386E-01
           Stress_EigVec2 = -3.9480438646E-01  2.8713888566E-01  8.7274323645E-01
           Stress_EigVec3 =  3.9491069907E-01  9.1071829016E-01 -1.2098651049E-01
           -DivStress = -1.0754178364E+04  4.8358900628E+03  2.3063069390E+03
           ESP =  -1.4766374004E+01     ESP at Nucleus =  -1.4766374013E+01
           ESPe = -2.7587704785E+01     ESPe at Nucleus = -2.7587705398E+01
           ESPn =  1.2821330780E+01     ESPn at Nucleus =  1.2821331385E+01

CP# 5      Coords =  2.27021770057328E+00 -5.15947905699627E-01  1.57113793916149E+00
           Type = (3,-3) NACP c5
           Rho =  1.2199696112E+02     Rho at Nucleus =  1.2199696111E+02
           GradRho = -3.6256775360E-11 -1.0921930027E-11  2.3823831796E-11
           HessRho_EigVals = -3.2246018893E+05 -3.2245987127E+05 -3.2245950506E+05
           HessRho_EigVec1 =  1.2137208269E-01  6.9198872656E-02  9.9019206903E-01
           HessRho_EigVec2 =  4.4258673137E-01  8.8914066219E-01 -1.1638671771E-01
           HessRho_EigVec3 =  8.8847386160E-01 -4.5237196959E-01 -7.7290351113E-02
           DelSqRho = -9.6737956526E+05
           Bond Ellipticity = NA
           V = -2.4186241922E+05
           G =  8.7639512171E+00
           K =  2.4185365527E+05
           L =  2.4184489131E+05
           Vnuc =  4.0506279043E+07
           Ven = -4.9416429494E+09
           Vrep =  4.9414010870E+09
           DelSqV =  2.3727613788E+10
           DelSqVen =  3.9184920216E+13
           DelSqVrep = -3.9161192602E+13
           DelSqG =  6.3936084003E+08
           DelSqK = -2.4366974628E+10
           Stress_EigVals = -8.0620908278E+04 -8.0620799754E+04 -8.0620711185E+04
           Stress_EigVec1 =  8.9373777343E-01 -4.4232501975E-01 -7.4708562096E-02
           Stress_EigVec2 =  4.3329521785E-01  8.9432685031E-01 -1.1151116084E-01
           Stress_EigVec3 =  1.1613804945E-01  6.7290873909E-02  9.9095100371E-01
           -DivStress =  7.7553342077E+02 -5.8009721895E+02  6.3146546272E+02
           ESP =  -1.4752058997E+01     ESP at Nucleus =  -1.4752058997E+01
           ESPe = -2.7232584071E+01     ESPe at Nucleus = -2.7232583879E+01
           ESPn =  1.2480525073E+01     ESPn at Nucleus =  1.2480524883E+01

CP# 6      Coords =  2.60757620584048E+00  5.72951771715682E+00 -3.46441940622557E-01
           Type = (3,-3) NACP c6
           Rho =  1.2223089357E+02     Rho at Nucleus =  1.2223089354E+02
           GradRho =  1.2462786358E-10  1.4150236538E-11 -2.1062906974E-10
           HessRho_EigVals = -3.2311876421E+05 -3.2311561759E+05 -3.2311503471E+05
           HessRho_EigVec1 =  3.7863235712E-01  9.1198951073E-01 -1.5783748116E-01
           HessRho_EigVec2 =  8.9188298485E-01 -4.0509101638E-01 -2.0111193348E-01
           HessRho_EigVec3 =  2.4735051948E-01  6.4625078400E-02  9.6676849336E-01
           DelSqRho = -9.6934941651E+05
           Bond Ellipticity = NA
           V = -2.4235467860E+05
           G =  8.6622373275E+00
           K =  2.4234601636E+05
           L =  2.4233735413E+05
           Vnuc =  1.3611031796E+07
           Ven = -1.6636885788E+09
           Vrep =  1.6634462242E+09
           DelSqV =  2.3775913268E+10
           DelSqVen =  1.3193848029E+13
           DelSqVrep = -1.3170074213E+13
           DelSqG =  6.4074405241E+08
           DelSqK = -2.4416657320E+10
           Stress_EigVals = -8.0785390562E+04 -8.0785169617E+04 -8.0784118423E+04
           Stress_EigVec1 =  2.1916039484E-01  7.5436942147E-02  9.7276820934E-01
           Stress_EigVec2 =  8.9904377048E-01 -4.0295911553E-01 -1.7130163448E-01
           Stress_EigVec3 =  3.7906334576E-01  9.1210373257E-01 -1.5613379176E-01
           -DivStress = -9.0622888113E+02  1.1188214332E+03  3.1384092502E+03
           ESP =  -1.4732093193E+01     ESP at Nucleus =  -1.4732093196E+01
           ESPe = -2.6125480084E+01     ESPe at Nucleus = -2.6125480599E+01
           ESPn =  1.1393386891E+01     ESPn at Nucleus =  1.1393387403E+01

CP# 7      Coords =  3.04160557535630E+00  5.98183287441715E+00  2.11093164710390E+00
           Type = (3,-3) NACP c7
           Rho =  1.2212536002E+02     Rho at Nucleus =  1.2212535831E+02
           GradRho = -4.0849990057E-11  1.0234835202E-10 -5.0142112684E-11
           HessRho_EigVals = -3.2283154782E+05 -3.2283115769E+05 -3.2282911774E+05
           HessRho_EigVec1 =  3.8049811425E-01  9.1064288736E-01 -1.6109226161E-01
           HessRho_EigVec2 =  7.8868287916E-01 -4.1050171737E-01 -4.5767636617E-01
           HessRho_EigVec3 =  4.8290837761E-01 -4.7094285567E-02  8.7440358365E-01
           DelSqRho = -9.6849182326E+05
           Bond Ellipticity = NA
           V = -2.4214053718E+05
           G =  8.7906826292E+00
           K =  2.4213174650E+05
           L =  2.4212295581E+05
           Vnuc =  1.8419742306E+06
           Ven = -2.2495176606E+08
           Vrep =  2.2470962552E+08
           DelSqV =  2.3754912630E+10
           DelSqVen =  1.7839369912E+12
           DelSqVrep = -1.7601820786E+12
           DelSqG =  6.4016151208E+08
           DelSqK = -2.4395074142E+10
           Stress_EigVals = -8.0714047259E+04 -8.0713409637E+04 -8.0713080284E+04
           Stress_EigVec1 =  4.7045510119E-01 -3.7993287434E-02  8.8160564193E-01
           Stress_EigVec2 =  7.9793834410E-01 -4.0827549111E-01 -4.4340221286E-01
           Stress_EigVec3 =  3.7678428414E-01  9.1206777899E-01 -1.6175898662E-01
           -DivStress =  1.2857627375E+04 -8.7906872213E+03 -2.0151582064E+04
           ESP =  -1.4713890827E+01     ESP at Nucleus =  -1.4713890858E+01
           ESPe = -2.7065309371E+01     ESPe at Nucleus = -2.7065308837E+01
           ESPn =  1.2351418544E+01     ESPn at Nucleus =  1.2351417978E+01

CP# 8      Coords =  1.55436548371523E+00  3.65562066141968E-01  5.71518809985255E+00
           Type = (3,-3) NACP h8
           Rho =  4.3842181397E-01     Rho at Nucleus =  4.3495389233E-01
           GradRho = -2.2429974544E-15  3.4694469520E-16 -9.4039359633E-15
           HessRho_EigVals = -8.9882201854E+00 -8.9828039894E+00 -8.2438689529E+00
           HessRho_EigVec1 =  8.4887631620E-01 -4.1989160215E-01 -3.2109195293E-01
           HessRho_EigVec2 =  4.0125111846E-01  9.0730401133E-01 -1.2568600142E-01
           HessRho_EigVec3 =  3.4410251340E-01 -2.2146635356E-02  9.3867086181E-01
           DelSqRho = -2.6214893128E+01
           Bond Ellipticity = NA
           V = -6.5670115231E+00
           G =  6.6441206013E-03
           K =  6.5603674025E+00
           L =  6.5537232819E+00
           Vnuc =  4.7349566495E+01
           Ven = -2.0759082833E+01
           Vrep =  1.4192071310E+01
           DelSqV =  1.7075546086E+03
           DelSqVen =  1.2412638253E+03
           DelSqVrep =  4.6629078333E+02
           DelSqG =  1.3111791783E+02
           DelSqK = -1.8386725265E+03
           Stress_EigVals = -2.2523675688E+00 -2.2518069814E+00 -2.0628369729E+00
           Stress_EigVec1 =  3.8814424546E-01  9.1365367509E-01 -1.2075183936E-01
           Stress_EigVec2 =  8.5468028640E-01 -4.0587352358E-01 -3.2371019585E-01
           Stress_EigVec3 =  3.4476898463E-01 -2.2442033068E-02  9.3841925726E-01
           -DivStress =  5.4219913629E+00 -3.3869145347E-01  1.4890980867E+01
           ESP =  -1.0949243859E+00     ESP at Nucleus =  -1.0962536765E+00
           ESPe = -1.3429472003E+01     ESPe at Nucleus = -1.3355601369E+01
           ESPn =  1.2334547617E+01     ESPn at Nucleus =  1.2259347692E+01

CP# 9      Coords =  8.75549864309797E-01 -4.42865376344767E-01 -2.49361996292715E+00
           Type = (3,-3) NACP h9
           Rho =  4.3993943868E-01     Rho at Nucleus =  4.3654503372E-01
           GradRho = -1.2377252001E-15  2.0157486791E-15  8.2643310598E-15
           HessRho_EigVals = -9.0221309489E+00 -9.0164451156E+00 -8.2871575565E+00
           HessRho_EigVec1 = -8.9477700626E-01  3.6543033315E-01 -2.5658289244E-01
           HessRho_EigVec2 =  4.0526463113E-01  9.0587199833E-01 -1.2311174354E-01
           HessRho_EigVec3 = -1.8744249205E-01  2.1414152858E-01  9.5864942388E-01
           DelSqRho = -2.6325733621E+01
           Bond Ellipticity = NA
           V = -6.5950743922E+00
           G =  6.8204934592E-03
           K =  6.5882538987E+00
           L =  6.5814334052E+00
           Vnuc =  4.7317592990E+01
           Ven = -2.0816875299E+01
           Vrep =  1.4221800907E+01
           DelSqV =  1.7159944851E+03
           DelSqVen =  1.2456703486E+03
           DelSqVrep =  4.7032413642E+02
           DelSqG =  1.3177151770E+02
           DelSqK = -1.8477660028E+03
           Stress_EigVals = -2.2609786923E+00 -2.2603758484E+00 -2.0737198514E+00
           Stress_EigVec1 =  4.0301205979E-01  9.0678750554E-01 -1.2376469389E-01
           Stress_EigVec2 = -8.9561874068E-01  3.6294802340E-01 -2.5716882325E-01
           Stress_EigVec3 = -1.8827732473E-01  2.1448811645E-01  9.5840831429E-01
           -DivStress =  2.9342619384E+00 -3.3718469693E+00 -1.5065494329E+01
           ESP =  -1.0964959092E+00     ESP at Nucleus =  -1.0978616704E+00
           ESPe = -1.2943532402E+01     ESPe at Nucleus = -1.2869676103E+01
           ESPn =  1.1847036493E+01     ESPn at Nucleus =  1.1771814432E+01

CP# 10     Coords = -2.83497523334011E+00  2.07959410515485E+00  4.29193921061420E+00
           Type = (3,-3) NACP h10
           Rho =  4.3862241491E-01     Rho at Nucleus =  4.3508670130E-01
           GradRho =  5.0433355409E-13 -2.8634256424E-13 -4.3230436592E-13
           HessRho_EigVals = -8.9973930028E+00 -8.9933040150E+00 -8.2427215912E+00
           HessRho_EigVec1 =  5.8753323917E-01 -1.6472774544E-01  7.9225593261E-01
           HessRho_EigVec2 =  4.1002088361E-01  9.0467363270E-01 -1.1596763901E-01
           HessRho_EigVec3 =  6.9762996487E-01 -3.9297632012E-01 -5.9906764555E-01
           DelSqRho = -2.6233418609E+01
           Bond Ellipticity = NA
           V = -6.5707563712E+00
           G =  6.2008594757E-03
           K =  6.5645555117E+00
           L =  6.5583546522E+00
           Vnuc =  4.7180556642E+01
           Ven = -2.0694449691E+01
           Vrep =  1.4123693320E+01
           DelSqV =  1.7078541319E+03
           DelSqVen =  1.2377072926E+03
           DelSqVrep =  4.7014683932E+02
           DelSqG =  1.3123241844E+02
           DelSqK = -1.8390865503E+03
           Stress_EigVals = -2.2542817778E+00 -2.2539289187E+00 -2.0625456747E+00
           Stress_EigVec1 =  3.9276549424E-01  9.0905576885E-01 -1.3911461340E-01
           Stress_EigVec2 =  5.9890269591E-01 -1.3804428517E-01  7.8883416265E-01
           Stress_EigVec3 =  6.9789026885E-01 -3.9314295677E-01 -5.9865498259E-01
           -DivStress = -1.1150269171E+01  6.3106014444E+00  9.6020748555E+00
           ESP =  -1.0988452503E+00     ESP at Nucleus =  -1.1001884393E+00
           ESPe = -1.3593561284E+01     ESPe at Nucleus = -1.3520550113E+01
           ESPn =  1.2494716033E+01     ESPn at Nucleus =  1.2420361673E+01

CP# 11     Coords = -3.26088186196125E+00  1.57336939767377E+00 -7.19038058867347E-01
           Type = (3,-3) NACP h11
           Rho =  4.4010338510E-01     Rho at Nucleus =  4.3664218044E-01
           GradRho = -8.1011586328E-16  2.0990154059E-16 -2.4286128664E-16
           HessRho_EigVals = -9.0278254105E+00 -9.0234899255E+00 -8.2831141817E+00
           HessRho_EigVec1 = -4.5260664647E-01  3.1211259950E-01  8.3530410559E-01
           HessRho_EigVec2 =  3.9329181613E-01  9.1058110430E-01 -1.2713614697E-01
           HessRho_EigVec3 =  8.0029292821E-01 -2.7097560358E-01  5.3488639104E-01
           DelSqRho = -2.6334429518E+01
           Bond Ellipticity = NA
           V = -6.5962554019E+00
           G =  6.3240112533E-03
           K =  6.5899313907E+00
           L =  6.5836073794E+00
           Vnuc =  4.7120115566E+01
           Ven = -2.0737722367E+01
           Vrep =  1.4141466965E+01
           DelSqV =  1.7155542252E+03
           DelSqVen =  1.2408813622E+03
           DelSqVrep =  4.7467286301E+02
           DelSqG =  1.3179615216E+02
           DelSqK = -1.8473503774E+03
           Stress_EigVals = -2.2618985989E+00 -2.2616428788E+00 -2.0727139242E+00
           Stress_EigVec1 =  3.7106743411E-01  9.2453774494E-01 -8.6826940117E-02
           Stress_EigVec2 = -4.7044007364E-01  2.6777810030E-01  8.4082163752E-01
           Stress_EigVec3 =  8.0062169372E-01 -2.7115465548E-01  5.3430333740E-01
           -DivStress = -1.2717609688E+01  4.2953161133E+00 -8.4660770067E+00
           ESP =  -1.0943983464E+00     ESP at Nucleus =  -1.0957170940E+00
           ESPe = -1.3085856783E+01     ESPe at Nucleus = -1.3011488007E+01
           ESPn =  1.1991458437E+01     ESPn at Nucleus =  1.1915770913E+01

CP# 12     Coords =  8.63772070679136E-01  6.30771402040934E+00 -1.17342740246755E+00
           Type = (3,-3) NACP h12
           Rho =  4.3811910090E-01     Rho at Nucleus =  4.3453835272E-01
           GradRho =  2.7635771276E-15  2.2057008997E-15  1.3062467774E-15
           HessRho_EigVals = -8.9899727719E+00 -8.9874320809E+00 -8.2296890686E+00
           HessRho_EigVec1 = -2.9720396064E-01  3.6036832778E-01  8.8419707877E-01
           HessRho_EigVec2 = -3.9896033848E-01 -8.8819694612E-01  2.2789654062E-01
           HessRho_EigVec3 =  8.6746784039E-01 -2.8502781134E-01  4.0774832024E-01
           DelSqRho = -2.6207093921E+01
           Bond Ellipticity = NA
           V = -6.5638989427E+00
           G =  6.0627311753E-03
           K =  6.5578362115E+00
           L =  6.5517734803E+00
           Vnuc =  4.6817857208E+01
           Ven = -2.0511797506E+01
           Vrep =  1.3947898563E+01
           DelSqV =  1.7055570200E+03
           DelSqVen =  1.2269599810E+03
           DelSqVrep =  4.7859703897E+02
           DelSqG =  1.3112137872E+02
           DelSqK = -1.8366783987E+03
           Stress_EigVals = -2.2524626682E+00 -2.2520852376E+00 -2.0593510368E+00
           Stress_EigVec1 =  3.4799960800E-01  9.3340924647E-01 -8.7426834762E-02
           Stress_EigVec2 = -3.5630214887E-01  2.1794175349E-01  9.0859791481E-01
           Stress_EigVec3 =  8.6714765268E-01 -2.8504134909E-01  4.0841936507E-01
           -DivStress = -1.3980270084E+01  4.5691858908E+00 -6.5626087616E+00
           ESP =  -1.0724071753E+00     ESP at Nucleus =  -1.0737909768E+00
           ESPe = -1.3442620577E+01     ESPe at Nucleus = -1.3380220730E+01
           ESPn =  1.2370213402E+01     ESPn at Nucleus =  1.2306429753E+01

CP# 13     Coords =  4.00613003870701E+00  4.93151311721488E+00 -1.55937231678039E+00
           Type = (3,-3) NACP h13
           Rho =  4.4029578771E-01     Rho at Nucleus =  4.3681662366E-01
           GradRho = -3.8867433577E-13  2.1974306055E-13  3.3913843955E-13
           HessRho_EigVals = -9.0385927475E+00 -9.0352311214E+00 -8.2917622070E+00
           HessRho_EigVec1 =  6.2413107584E-01 -8.7518647740E-02  7.7640252863E-01
           HessRho_EigVec2 =  3.6082560049E-01  9.1368005344E-01 -1.8706588674E-01
           HessRho_EigVec3 =  6.9301175040E-01 -3.9689954176E-01 -6.0183508335E-01
           DelSqRho = -2.6365586076E+01
           Bond Ellipticity = NA
           V = -6.6038223252E+00
           G =  6.2129031101E-03
           K =  6.5976094221E+00
           L =  6.5913965190E+00
           Vnuc =  4.6898656412E+01
           Ven = -2.0649280868E+01
           Vrep =  1.4045458542E+01
           DelSqV =  1.7175093152E+03
           DelSqVen =  1.2365105625E+03
           DelSqVrep =  4.8099875269E+02
           DelSqG =  1.3205002445E+02
           DelSqK = -1.8495593396E+03
           Stress_EigVals = -2.2646105837E+00 -2.2643410324E+00 -2.0748707091E+00
           Stress_EigVec1 =  4.1304513277E-01  9.0283246244E-01 -1.1952933973E-01
           Stress_EigVec2 =  5.9156532919E-01 -1.6618953891E-01  7.8894327962E-01
           Stress_EigVec3 =  6.9241907801E-01 -3.9657859488E-01 -6.0272816302E-01
           -DivStress =  1.1005238505E+01 -6.3165119840E+00 -9.6163674929E+00
           ESP =  -1.0716043398E+00     ESP at Nucleus =  -1.0730011344E+00
           ESPe = -1.2911825796E+01     ESPe at Nucleus = -1.2846561087E+01
           ESPn =  1.1840221456E+01     ESPn at Nucleus =  1.1773559953E+01

CP# 14     Coords =  4.77531767348618E+00  5.40816326998801E+00  2.96686795663347E+00
           Type = (3,-3) NACP h14
           Rho =  4.3637705619E-01     Rho at Nucleus =  4.3283756602E-01
           GradRho = -1.5473733406E-15  1.7560822588E-15 -9.2634233617E-16
           HessRho_EigVals = -8.9657197540E+00 -8.9608109387E+00 -8.2110553576E+00
           HessRho_EigVec1 = -3.3731886132E-01  2.8995821130E-01  8.9562281207E-01
           HessRho_EigVec2 = -3.7851106740E-01 -9.1286682051E-01  1.5298215536E-01
           HessRho_EigVec3 =  8.6194278096E-01 -2.8739938014E-01  4.1767958850E-01
           DelSqRho = -2.6137586050E+01
           Bond Ellipticity = NA
           V = -6.5468552044E+00
           G =  6.2293459048E-03
           K =  6.5406258585E+00
           L =  6.5343965126E+00
           Vnuc =  4.7087014821E+01
           Ven = -2.0547692912E+01
           Vrep =  1.4000837708E+01
           DelSqV =  1.7016847625E+03
           DelSqVen =  1.2307409017E+03
           DelSqVrep =  4.7094386075E+02
           DelSqG =  1.3095231714E+02
           DelSqK = -1.8326370796E+03
           Stress_EigVals = -2.2465919053E+00 -2.2455104399E+00 -2.0547528592E+00
           Stress_EigVec1 =  3.8227732895E-01  9.0943199400E-01 -1.6369939543E-01
           Stress_EigVec2 = -3.3298721961E-01  3.0082996327E-01  8.9365588723E-01
           Stress_EigVec3 =  8.6196493858E-01 -2.8711457903E-01  4.1782970593E-01
           -DivStress =  1.3786082185E+01 -4.5861456227E+00  6.6838192573E+00
           ESP =  -1.0575196873E+00     ESP at Nucleus =  -1.0588775061E+00
           ESPe = -1.3541059866E+01     ESPe at Nucleus = -1.3470215211E+01
           ESPn =  1.2483540179E+01     ESPn at Nucleus =  1.2411337705E+01

CP# 15     Coords =  1.19523460485584E+00  7.04443062446607E+00  3.78360795543630E+00
           Type = (3,-3) NACP c15
           Rho =  1.2255352767E+02     Rho at Nucleus =  1.2255352566E+02
           GradRho = -2.9976021665E-12  8.2654993960E-11 -6.3482552548E-11
           HessRho_EigVals = -3.2404849026E+05 -3.2404848430E+05 -3.2404483347E+05
           HessRho_EigVec1 =  5.0412672204E-01 -3.8629659912E-01  7.7241904795E-01
           HessRho_EigVec2 =  5.5107179906E-01  8.3252952006E-01  5.6696300681E-02
           HessRho_EigVec3 =  6.6496324741E-01 -3.9707623417E-01 -6.3257753980E-01
           DelSqRho = -9.7214180803E+05
           Bond Ellipticity = NA
           V = -2.4305309017E+05
           G =  8.8190818656E+00
           K =  2.4304427109E+05
           L =  2.4303545201E+05
           Vnuc =  1.7034713940E+06
           Ven = -2.0876642863E+08
           Vrep =  2.0852337554E+08
           DelSqV =  2.3844457761E+10
           DelSqVen =  1.6560157527E+12
           DelSqVrep = -1.6321712952E+12
           DelSqG =  6.4275097084E+08
           DelSqK = -2.4487208732E+10
           Stress_EigVals = -8.1018781885E+04 -8.1017155593E+04 -8.1017152694E+04
           Stress_EigVec1 =  6.6893295709E-01 -3.9583443446E-01 -6.2916118715E-01
           Stress_EigVec2 =  6.4173161368E-01  7.3467331923E-01  2.2008100784E-01
           Stress_EigVec3 =  3.7511229642E-01 -5.5097206327E-01  7.4546666630E-01
           -DivStress = -1.8952884581E+04  1.1030918956E+04  1.6830925027E+04
           ESP =  -1.4743563186E+01     ESP at Nucleus =  -1.4743563229E+01
           ESPe = -2.6982181309E+01     ESPe at Nucleus = -2.6982181575E+01
           ESPn =  1.2238618123E+01     ESPn at Nucleus =  1.2238618346E+01

CP# 16     Coords =  4.05327646812304E+00  4.56032160187790E-01  1.33479830201932E+00
           Type = (3,-3) NACP h16
           Rho =  4.3184158141E-01     Rho at Nucleus =  4.2887706644E-01
           GradRho = -8.0484710875E-09 -4.4469195032E-09  1.0587388362E-09
           HessRho_EigVals = -8.8978525276E+00 -8.8968705274E+00 -8.2388567771E+00
           HessRho_EigVec1 =  1.2779757981E-01  6.1513750952E-03  9.9178119521E-01
           HessRho_EigVec2 = -4.7707433469E-01  8.7707482033E-01  5.6034263834E-02
           HessRho_EigVec3 =  8.6952162582E-01  4.8031439717E-01 -1.1502270253E-01
           DelSqRho = -2.6033579832E+01
           Bond Ellipticity = NA
           V = -6.5226806775E+00
           G =  7.1428597257E-03
           K =  6.5155378177E+00
           L =  6.5083949580E+00
           Vnuc =  5.0841577360E+01
           Ven = -2.1955507168E+01
           Vrep =  1.5432826491E+01
           DelSqV =  1.7030680497E+03
           DelSqVen =  1.3235882894E+03
           DelSqVrep =  3.7947976032E+02
           DelSqG =  1.3126733167E+02
           DelSqK = -1.8343353814E+03
