AIMSum (Version 19.02.13, Professional)
Copyright (c) 1997-2019 by Todd A. Keith
AIMSum is a component of the AIMAll package ( http://aim.tkgristmill.com )

TP:  64-bit Linux

Much of the Quantum Theory of Atoms in Molecules (QTAIM) is described in the book:
  "Atoms in Molecules - A Quantum Theory"
  R.F.W. Bader, Oxford University Press, Oxford, 1990

For additional references see:  http://aim.tkgristmill.com/references.html

Wfn File:  /home/mhennefarth/Documents/DielsAlder/DielsAlder_QTAIM/reactionC/reactC_exonf/reactC_exonf.wfn
Sum File:  /home/mhennefarth/Documents/DielsAlder/DielsAlder_QTAIM/reactionC/reactC_exonf/reactC_exonf.sum

SumViz File:  /home/mhennefarth/Documents/DielsAlder/DielsAlder_QTAIM/reactionC/reactC_exonf/reactC_exonf.sumviz

Wfn Title:  SCF/DFT density                                                                
 
Total memory allocated for AIMSum =        1.019 Megabytes

Atomic units (a.u.) used throughout, except where stated otherwise

Model:  Restricted SCF
 
Restricted, closed-shell, single-determinant wavefunction.
  Number of electrons (from MO Occs)                   =          64.0000000000
  Number of Alpha electrons (from MO Occs)             =          32.0000000000
  Number of Beta electrons (from MO Occs)              =          32.0000000000
  Number of electron pairs (N*(N-1)/2)                 =        2016.0000000000
  Number of electron pairs (from Muller 2EDM)          =        2016.0000000000
 
Nuclear Charges and Cartesian Coordinates:
-------------------------------------------------------------------------------
Atom      Charge                X                  Y                  Z
-------------------------------------------------------------------------------
c1         6.0           3.4338999000E-01  -3.8982100000E-03  -5.9014944000E-01
c2         6.0          -1.7546105300E+00   1.0009565900E+00   4.2092502000E-01
c3         6.0          -1.3973861800E+00   1.2910981000E+00   3.1512097800E+00
c4         6.0           9.1445725000E-01   4.6001583000E-01   3.7811870200E+00
c5         6.0           2.2333141700E+00  -4.8052151000E-01   1.4619982500E+00
c6         6.0           2.7039545000E+00   5.6823721200E+00  -5.3519443000E-01
c7         6.0           2.9052830600E+00   5.9662992100E+00   1.9490532100E+00
h8         1.0           1.7400816500E+00   4.2909716000E-01   5.6487218300E+00
h9         1.0           6.5373242000E-01  -4.5771557000E-01  -2.5569100900E+00
h10        1.0          -2.7936771800E+00   2.0590048900E+00   4.4307104900E+00
h11        1.0          -3.4514392300E+00   1.5229904700E+00  -5.9112641000E-01
h12        1.0           1.0327381400E+00   6.3213569900E+00  -1.5209841700E+00
h13        1.0           4.1894616300E+00   4.8100891600E+00  -1.6379628700E+00
c14        6.0           5.0859193000E+00   5.1028954600E+00   3.3031138600E+00
h15        1.0           1.4312608500E+00   6.8226090800E+00   3.0774688000E+00
n16        7.0           6.8237322800E+00   4.3995572100E+00   4.3968272800E+00
h17        1.0           4.0372087100E+00   4.8038939000E-01   1.1346258500E+00
h18        1.0           2.6862523600E+00  -2.4960679200E+00   1.6189524700E+00
 
Some Atomic Properties:
----------------------
  q(A) = Net Charge of Atom A
  L(A) = Lagrangian of Atom A = -(1/4) Times Atomic Integral of the Laplacian of the Electron Density
  K(A) = Electronic Kinetic Energy of Atom A (Hamiltonian Form)
  K_Scaled(A) = K(A) * E(Mol)/K(Mol) = Approximation to Virial-Based Total Energy of Atom A.
  |Mu_Intra(A)| = Magnitude of Intraatomic Dipole Moment of Atom A
--------------------------------------------------------------------------------------------------
Atom A          q(A)              L(A)              K(A)          K_Scaled(A)      |Mu_Intra(A)|
--------------------------------------------------------------------------------------------------
c1       -6.9214609000E-02 -4.8843816434E-05  3.7906309461E+01 -3.8098187409E+01  1.8583399295E-01
c2       -5.7601762900E-02  2.5425122405E-05  3.7905798431E+01 -3.8097673792E+01  1.6834312701E-01
c3       -5.8361251100E-02 -1.1494793719E-04  3.7905901715E+01 -3.8097777599E+01  1.6893082858E-01
c4       -6.4396970100E-02  2.4075235315E-06  3.7907431847E+01 -3.8099315477E+01  1.8894080927E-01
c5       -1.0727578100E-02 -6.3550531254E-06  3.7864418904E+01 -3.8056084806E+01  1.5191680486E-01
c6        7.0928960000E-03 -4.1941120186E-06  3.7851052469E+01 -3.8042650711E+01  1.7802705490E-01
c7        5.8702925900E-02  2.8870966667E-04  3.7832451959E+01 -3.8023956048E+01  3.1244363204E-01
h8        5.4324807330E-02  1.9073009148E-05  5.9318216239E-01 -5.9618479118E-01  1.3898078849E-01
h9        4.5123011040E-02  1.9129381904E-05  5.9681356202E-01 -5.9983457259E-01  1.4136644716E-01
h10       4.2043034530E-02  1.8415644502E-05  5.9884626387E-01 -6.0187756377E-01  1.3915842550E-01
h11       4.1225793560E-02  1.5848499118E-05  5.9929485231E-01 -6.0232842293E-01  1.3941123025E-01
h12       7.0832838490E-02  1.7001980917E-05  5.8954636511E-01 -5.9253058985E-01  1.3438345177E-01
h13       6.9347680480E-02  2.8099797033E-05  5.8920720397E-01 -5.9218971191E-01  1.3407861023E-01
c14       9.7044502740E-01 -4.5056780007E-05  3.7366954254E+01 -3.7556102039E+01  1.0500055408E+00
h15       9.4936742420E-02  2.1099432243E-05  5.8049988221E-01 -5.8343831457E-01  1.3176663725E-01
n16      -1.2928321480E+00  3.5836055080E-07  5.5204596701E+01 -5.5484036849E+01  6.2153539407E-01
h17       4.7199537550E-02  5.3621835636E-06  5.9348572993E-01 -5.9648989534E-01  1.3644771631E-01
h18       5.2029730550E-02  2.3980411893E-05  5.9093970501E-01 -5.9393098271E-01  1.4251021943E-01
--------------------------------------------------------------------------------------------------
Total     1.6970605000E-04  2.6551331470E-04  3.6307673147E+02 -3.6491458957E+02
 
1st Largest |L(A)| = 2.8870966667E-04, atom c7      
2nd Largest |L(A)| = 1.1494793719E-04, atom c3      
 
Molecular charge q(Mol) from the wfn file:   0.0000000000E+00
Molecular energy E(Mol) from the wfn file:  -3.6491457139E+02
Molecular virial ratio (-V(Mol)/T(Mol)) from the wfn file:   2.0050619000E+00
Note.  K_Scaled(A) = (1+V(Mol)/T(Mol))*K(A) = (E(Mol)/T(Mol))*K(A)
       Only use K_Scaled(A) data with caution.
 
N_AIMInt(SumA)     =         63.999830
N_Analytic(Mol)    =         63.999992
 
G_AIMInt(SumA)     =        363.076466
G_Analytic(Mol)    =        363.076671
 
K_AIMInt(SumA)     =        363.076731
K_Analytic(Mol)    =        363.076671
 
L_AIMInt(SumA)     =          0.000266
L_Analytic(Mol)    =          0.000000
 
VenT_AIMInt(SumA)  =      -1620.531296
VenT_Analytic(Mol) =      -1620.533078
 
Some Information About the Atomic Calculations:
----------------------------------------------
  Time(sec) = "Elapsed User Time", in Seconds, for Atom A by AIMInt and, if used, by TWOe
  NProc = Number of Processors Used for AIMInt Job
  BIM = Basin Integration Method
  OAQ = Angular Quadrature Outside of Beta Sphere
  ORQ = Multiple of Default for Radial Quadrature Outside of Beta Sphere
  IAQ = Multiple of Default for Angular Quadrature Inside of Beta Sphere
  IRQ = Multiple of Default for Radial Quadrature Inside of Beta Sphere
  MIR = Maximum Integration Radius
------------------------------------------------------------------------------------------------------
Atom A     Time(sec)   NProc      BIM          OAQ                     ORQ      IAQ      IRQ      MIR
------------------------------------------------------------------------------------------------------
c1             51        8     Proaim(5)    4500(GS4)                  1.00     1.00     1.00    13.00
c2             40        8     Proaim(5)    4500(GS4)                  1.00     1.00     1.00    13.00
c3             38        8     Proaim(5)    4500(GS4)                  1.00     1.00     1.00    13.00
c4             63        8     Proaim(5)    4500(GS4)                  1.00     1.00     1.00    13.00
c5             46        8     Proaim(5)    4500(GS4)                  1.00     1.00     1.00    13.00
c6             48        8     Proaim(5)    4500(GS4)                  1.00     1.00     1.00    13.00
c7             84        8     Proaim(5)    4500(GS4)                  1.00     1.00     1.00    13.00
h8             11        8     Proaim(5)    1800(GS4)                  1.00     1.00     1.00    13.00
h9              9        8     Proaim(5)    1800(GS4)                  1.00     1.00     1.00    13.00
h10             9        8     Proaim(5)    1800(GS4)                  1.00     1.00     1.00    13.00
h11             9        8     Proaim(5)    1800(GS4)                  1.00     1.00     1.00    13.00
h12            10        8     Proaim(5)    1800(GS4)                  1.00     1.00     1.00    13.00
h13            10        8     Proaim(5)    1800(GS4)                  1.00     1.00     1.00    13.00
c14            47        8     Proaim(5)    4500(GS4)                  1.00     1.00     1.00    13.00
h15            11        8     Proaim(5)    1800(GS4)                  1.00     1.00     1.00    13.00
n16            18        8     Proaim(5)    2700(GS4)                  1.00     1.00     1.00    13.00
h17            50        8     Proaim(5)    4500(GS4)                  1.00     1.00     1.00    13.00
h18            10        8     Proaim(5)    1800(GS4)                  1.00     1.00     1.00    13.00
------------------------------------------------------------------------------------------------------
Total         564
Note:  Total wall clock time is less than total of atomic times if more than one atom
       was calculated at a time
 
Electron Density Critical Point Analysis of Molecular Structure:               
---------------------------------------------------------------                
  NACP = Nuclear Attractor Critical Point                                      
  NNACP = Non-Nuclear Attractor Critical Point                                 
  BCP = Bond Critical Point                                                    
  RCP = Ring Critical Point                                                    
  CCP = Cage Critical Point                                                    
  Rho = Electron Density                                                       
  GradRho = Gradient of Electron Density                                       
  HessRho_EigVals = Eigenvalues of the Hessian of Rho, Ascending Order         
  HessRho_EigVecs = Eigenvectors of the Hessian of Rho                         
  DelSqRho = Laplacian of Rho = Trace of Hessian of Rho                        
  Bond Ellipticity = (HessRho_EigVal(1) / HessRho_EigVal(2)) - 1               
  V = Virial Field = Potential Energy Density = Trace of Stress Tensor         
  G = Lagrangian Form of Kinetic Energy Density                                
  K = Hamiltonian Form of Kinetic Energy Density                               
  L = K - G = Lagrangian Density = (-1/4)DelSqRho                              
  Vnuc = Electrostatic Potential from Nuclei                                   
  Ven = Electron-nuclear attractive contribution to Virial Field V             
  Vrep = V - Ven = Repulsive contribution to Virial Field V                    
  DelSqV = Laplacian of V                                                      
  DelSqVen = Laplacian of Ven                                                  
  DelSqVrep = Laplacian of Vrep                                                
  DelSqG = Laplacian of G                                                      
  DelSqK = Laplacian of K                                                      
  Stress_EigVals = Eigenvalues of Stress Tensor, Ascending Order               
  Stress_EigVecs = Eigenvectors of Stress Tensor                               
  -DivStress = Ehrenfest Force Density = Minus Divergence of Stress Tensor     
  ESP = Total Electrostatic Potential                                          
  ESPe = Electrostatic Potential from Electrons                                
  ESPn = Electrostatic Potential from Nuclei                                   
  BP = Bond Path                                                               
  BPL = Bond Path Length                                                       
  GBL = Geometric Bond Length                                                  
  GBL_I = Distance Between Nuclear Attractors                                  
  GBL_II = Distance Between Nuclei                                             
  GBL_III = Sum of Distances Between BCP and Nuclear Attractors                
  GBL_IV = Sum of Distances Between BCP and Nuclei                             

CP# 1      Coords =  3.43391251162058E-01 -3.89869858356926E-03 -5.90149445769189E-01
           Type = (3,-3) NACP c1
           Rho =  1.2218983734E+02     Rho at Nucleus =  1.2218983705E+02
           GradRho =  6.1094178605E-09 -2.3697803719E-09 -3.1168845283E-11
           HessRho_EigVals = -3.2300640920E+05 -3.2300467053E+05 -3.2300351344E+05
           HessRho_EigVec1 =  3.5931840146E-01  9.1978527290E-01 -1.5775087361E-01
           HessRho_EigVec2 =  5.0244792586E-01 -4.8227067803E-02  8.6326139247E-01
           HessRho_EigVec3 =  7.8640725338E-01 -3.8944730283E-01 -4.7947307552E-01
           DelSqRho = -9.6901459318E+05
           Bond Ellipticity = NA
           V = -2.4227100472E+05
           G =  8.6782118391E+00
           K =  2.4226232651E+05
           L =  2.4225364829E+05
           Vnuc =  4.4362166852E+06
           Ven = -5.4206059518E+08
           Vrep =  5.4181832418E+08
           DelSqV =  2.3767709664E+10
           DelSqVen =  4.2987590779E+12
           DelSqVrep = -4.2749913682E+12
           DelSqG =  6.4051561416E+08
           DelSqK = -2.4408225278E+10
           Stress_EigVals = -8.0757473971E+04 -8.0757108547E+04 -8.0756422201E+04
           Stress_EigVec1 =  7.3978652898E-01 -3.8748827630E-01 -5.5006247579E-01
           Stress_EigVec2 =  5.6510123919E-01 -8.5916532737E-02  8.2053576331E-01
           Stress_EigVec3 =  3.6520744927E-01  9.1786229094E-01 -1.5541021157E-01
           -DivStress = -9.8675091108E+03  3.8230782334E+03  4.8334595384E+01
           ESP =  -1.4763284595E+01     ESP at Nucleus =  -1.4763284603E+01
           ESPe = -2.7311755687E+01     ESPe at Nucleus = -2.7311756136E+01
           ESPn =  1.2548471093E+01     ESPn at Nucleus =  1.2548471533E+01

CP# 2      Coords = -1.75461139971570E+00  1.00095710346664E+00  4.20925839178828E-01
           Type = (3,-3) NACP c2
           Rho =  1.2219330519E+02     Rho at Nucleus =  1.2219330492E+02
           GradRho = -3.8858170015E-09  2.2937802768E-09  3.6736822473E-09
           HessRho_EigVals = -3.2301341557E+05 -3.2301149536E+05 -3.2301046809E+05
           HessRho_EigVec1 =  3.7191860893E-01  9.1571503114E-01 -1.5212669086E-01
           HessRho_EigVec2 =  3.1407741377E-01  3.0080248968E-02  9.4892073261E-01
           HessRho_EigVec3 =  8.7351698695E-01 -4.0070083649E-01 -2.7641800438E-01
           DelSqRho = -9.6903537901E+05
           Bond Ellipticity = NA
           V = -2.4227623653E+05
           G =  8.6958864444E+00
           K =  2.4226754064E+05
           L =  2.4225884475E+05
           Vnuc =  4.6138856477E+06
           Ven = -5.6378593707E+08
           Vrep =  5.6354366083E+08
           DelSqV =  2.3768215837E+10
           DelSqVen =  4.4710183076E+12
           DelSqVrep = -4.4472500917E+12
           DelSqG =  6.4052498363E+08
           DelSqK = -2.4408740821E+10
           Stress_EigVals = -8.0759206675E+04 -8.0758884162E+04 -8.0758145689E+04
           Stress_EigVec1 =  8.9052367119E-01 -3.9648695980E-01 -2.2308223095E-01
           Stress_EigVec2 =  2.6438731433E-01  5.1985952855E-02  9.6301443848E-01
           Stress_EigVec3 =  3.7022552461E-01  9.1656726508E-01 -1.5112084406E-01
           -DivStress =  6.8074117260E+03 -4.0186767623E+03 -6.4079078682E+03
           ESP =  -1.4765110007E+01     ESP at Nucleus =  -1.4765110017E+01
           ESPe = -2.7140472637E+01     ESPe at Nucleus = -2.7140473504E+01
           ESPn =  1.2375362630E+01     ESPn at Nucleus =  1.2375363487E+01

CP# 3      Coords = -1.39738726541826E+00  1.29109844382666E+00  3.15120908828405E+00
           Type = (3,-3) NACP c3
           Rho =  1.2219249435E+02     Rho at Nucleus =  1.2219249406E+02
           GradRho = -5.0811808094E-09  1.6320171881E-09 -3.3196818072E-09
           HessRho_EigVals = -3.2301193163E+05 -3.2301005429E+05 -3.2300900220E+05
           HessRho_EigVec1 =  3.7246079555E-01  9.1749159813E-01 -1.3957837631E-01
           HessRho_EigVec2 = -5.9703801090E-02  1.7377725538E-01  9.8297351015E-01
           HessRho_EigVec3 =  9.2612548389E-01 -3.5778573598E-01  1.1950295066E-01
           DelSqRho = -9.6903098812E+05
           Bond Ellipticity = NA
           V = -2.4227514378E+05
           G =  8.6983753864E+00
           K =  2.4226644541E+05
           L =  2.4225774703E+05
           Vnuc =  4.5037599788E+06
           Ven = -5.5032566574E+08
           Vrep =  5.5008339060E+08
           DelSqV =  2.3768110014E+10
           DelSqVen =  4.3642831340E+12
           DelSqVrep = -4.3405149994E+12
           DelSqG =  6.4052344530E+08
           DelSqK = -2.4408633460E+10
           Stress_EigVals = -8.0758843580E+04 -8.0758514027E+04 -8.0757786174E+04
           Stress_EigVec1 =  9.2875305122E-01 -3.6493244955E-01  6.5131229951E-02
           Stress_EigVec2 = -8.6538136985E-03  1.5430645131E-01  9.8798513683E-01
           Stress_EigVec3 =  3.7059800506E-01  9.1815784392E-01 -1.4015453005E-01
           -DivStress =  8.4946844033E+03 -2.6917402879E+03  5.4102004782E+03
           ESP =  -1.4766713823E+01     ESP at Nucleus =  -1.4766713834E+01
           ESPe = -2.7312458513E+01     ESPe at Nucleus = -2.7312459501E+01
           ESPn =  1.2545744689E+01     ESPn at Nucleus =  1.2545745667E+01

CP# 4      Coords =  9.14458442548302E-01  4.60015321736114E-01  3.78118671089968E+00
           Type = (3,-3) NACP c4
           Rho =  1.2219434125E+02     Rho at Nucleus =  1.2219434096E+02
           GradRho =  5.6254663150E-09 -2.3860982079E-09 -1.4207290899E-09
           HessRho_EigVals = -3.2302011125E+05 -3.2301830680E+05 -3.2301714272E+05
           HessRho_EigVec1 =  3.6361561510E-01  9.2006235747E-01 -1.4583875626E-01
           HessRho_EigVec2 = -2.9110174974E-01  2.6094077949E-01  9.2041820978E-01
           HessRho_EigVec3 =  8.8489742669E-01 -2.9222451637E-01  3.6271390417E-01
           DelSqRho = -9.6905556077E+05
           Bond Ellipticity = NA
           V = -2.4228124233E+05
           G =  8.6760681235E+00
           K =  2.4227256626E+05
           L =  2.4226389019E+05
           Vnuc =  4.5022055284E+06
           Ven = -5.5014403871E+08
           Vrep =  5.4990175747E+08
           DelSqV =  2.3768716215E+10
           DelSqVen =  4.3628874301E+12
           DelSqVrep = -4.3391187139E+12
           DelSqG =  6.4054619444E+08
           DelSqK = -2.4409262409E+10
           Stress_EigVals = -8.0760895836E+04 -8.0760523435E+04 -8.0759823057E+04
           Stress_EigVec1 =  8.5807803712E-01 -2.7438281135E-01  4.3406929751E-01
           Stress_EigVec2 = -3.5895023369E-01  2.8399748797E-01  8.8910075726E-01
           Stress_EigVec3 =  3.6722855545E-01  9.1872710837E-01 -1.4520223277E-01
           -DivStress = -9.3321936344E+03  3.9765949074E+03  2.4153930622E+03
           ESP =  -1.4767445761E+01     ESP at Nucleus =  -1.4767445768E+01
           ESPe = -2.7721714667E+01     ESPe at Nucleus = -2.7721714889E+01
           ESPn =  1.2954268906E+01     ESPn at Nucleus =  1.2954269122E+01

CP# 5      Coords =  2.23331389022344E+00 -4.80521429127338E-01  1.46199823483929E+00
           Type = (3,-3) NACP c5
           Rho =  1.2199610978E+02     Rho at Nucleus =  1.2199610977E+02
           GradRho = -1.0923262295E-10  1.3588907777E-11  4.4142467459E-12
           HessRho_EigVals = -3.2245763477E+05 -3.2245719188E+05 -3.2245687065E+05
           HessRho_EigVec1 =  1.3423243889E-01  8.0494739672E-02  9.8767517395E-01
           HessRho_EigVec2 =  3.4391876159E-01  9.3095960779E-01 -1.2261359667E-01
           HessRho_EigVec3 =  9.2935544211E-01 -3.5613874480E-01 -9.7281327480E-02
           DelSqRho = -9.6737169730E+05
           Bond Ellipticity = NA
           V = -2.4186047548E+05
           G =  8.7755781748E+00
           K =  2.4185169990E+05
           L =  2.4184292432E+05
           Vnuc =  2.0574378229E+07
           Ven = -2.5099941052E+09
           Vrep =  2.5097522447E+09
           DelSqV =  2.3727421628E+10
           DelSqVen =  1.9903092359E+13
           DelSqVrep = -1.9879356549E+13
           DelSqG =  6.3935491685E+08
           DelSqK = -2.4366776544E+10
           Stress_EigVals = -8.0620264294E+04 -8.0620165508E+04 -8.0620045679E+04
           Stress_EigVec1 =  9.3504436530E-01 -3.4115139581E-01 -9.6476733293E-02
           Stress_EigVec2 =  3.2954036758E-01  9.3669285501E-01 -1.1836233148E-01
           Stress_EigVec3 =  1.3074854134E-01  7.8881052961E-02  9.8827253246E-01
           -DivStress =  2.1839891457E+03 -6.3150291593E+02  1.1842084144E+02
           ESP =  -1.4755151994E+01     ESP at Nucleus =  -1.4755151992E+01
           ESPe = -2.7622819250E+01     ESPe at Nucleus = -2.7622818875E+01
           ESPn =  1.2867667256E+01     ESPn at Nucleus =  1.2867666883E+01

CP# 6      Coords =  2.70395450591937E+00  5.68237205519719E+00 -5.35194753913139E-01
           Type = (3,-3) NACP c6
           Rho =  1.2223372699E+02     Rho at Nucleus =  1.2223372698E+02
           GradRho =  2.5024426975E-11  7.6546324834E-11 -8.0649265044E-11
           HessRho_EigVals = -3.2312660036E+05 -3.2312333862E+05 -3.2312280431E+05
           HessRho_EigVec1 =  4.2257214790E-01  8.9681866168E-01 -1.3095444966E-01
           HessRho_EigVec2 =  8.9627565020E-01 -4.3496108456E-01 -8.6595691505E-02
           HessRho_EigVec3 =  1.3462072162E-01  8.0778357161E-02  9.8759916886E-01
           DelSqRho = -9.6937274328E+05
           Bond Ellipticity = NA
           V = -2.4236049910E+05
           G =  8.6566417361E+00
           K =  2.4235184246E+05
           L =  2.4234318582E+05
           Vnuc =  1.8160649055E+07
           Ven = -2.2198438186E+09
           Vrep =  2.2196014581E+09
           DelSqV =  2.3776484405E+10
           DelSqVen =  1.7604458578E+13
           DelSqVrep = -1.7580682094E+13
           DelSqG =  6.4076006795E+08
           DelSqK = -2.4417244473E+10
           Stress_EigVals = -8.0787331968E+04 -8.0787123409E+04 -8.0786043728E+04
           Stress_EigVec1 =  1.2488514305E-01  8.4378951408E-02  9.8857670092E-01
           Stress_EigVec2 =  8.9748225614E-01 -4.3440071814E-01 -7.6299515037E-02
           Stress_EigVec3 =  4.2300035575E-01  8.9675872376E-01 -1.2997880751E-01
           -DivStress = -4.5702000986E+01  5.0782032975E+02  2.5381073682E+03
           ESP =  -1.4728940280E+01     ESP at Nucleus =  -1.4728940283E+01
           ESPe = -2.6080489226E+01     ESPe at Nucleus = -2.6080489627E+01
           ESPn =  1.1351548946E+01     ESPn at Nucleus =  1.1351549344E+01

CP# 7      Coords =  2.90528546013182E+00  5.96629840439400E+00  1.94905548787831E+00
           Type = (3,-3) NACP c7
           Rho =  1.2212819420E+02     Rho at Nucleus =  1.2212819233E+02
           GradRho =  3.3418268153E-12  8.7937879201E-11 -3.0253577421E-11
           HessRho_EigVals = -3.2283973952E+05 -3.2283941749E+05 -3.2283729062E+05
           HessRho_EigVec1 =  3.8718196062E-01  9.1015289925E-01 -1.4734934460E-01
           HessRho_EigVec2 =  8.8358279247E-01 -3.2062527622E-01  3.4129295496E-01
           HessRho_EigVec3 = -2.6338484814E-01  2.6233782082E-01  9.2833576336E-01
           DelSqRho = -9.6851644762E+05
           Bond Ellipticity = NA
           V = -2.4214669991E+05
           G =  8.7940025886E+00
           K =  2.4213790591E+05
           L =  2.4212911190E+05
           Vnuc =  1.7617973527E+06
           Ven = -2.1516512924E+08
           Vrep =  2.1492298254E+08
           DelSqV =  2.3755516981E+10
           DelSqVen =  1.7063297167E+12
           DelSqVrep = -1.6825741998E+12
           DelSqG =  6.4017928895E+08
           DelSqK = -2.4395696270E+10
           Stress_EigVals = -8.0716113174E+04 -8.0715447253E+04 -8.0715139482E+04
           Stress_EigVec1 = -2.4667520984E-01  2.5817219868E-01  9.3407625849E-01
           Stress_EigVec2 =  8.7347300353E-01 -3.5825807068E-01  3.2969086565E-01
           Stress_EigVec3 =  4.1975737391E-01  8.9721695850E-01 -1.3713306105E-01
           -DivStress = -1.8765296188E+04  6.2987373776E+03 -1.7812545277E+04
           ESP =  -1.4714077074E+01     ESP at Nucleus =  -1.4714077103E+01
           ESPe = -2.7121906941E+01     ESPe at Nucleus = -2.7121906218E+01
           ESPn =  1.2407829867E+01     ESPn at Nucleus =  1.2407829115E+01

CP# 8      Coords =  1.72859233971953E+00  4.29428497474464E-01  5.62253080606382E+00
           Type = (3,-3) NACP h8
           Rho =  4.3838045508E-01     Rho at Nucleus =  4.3490103676E-01
           GradRho = -1.5543122345E-15  1.3053794157E-16 -7.0440615146E-15
           HessRho_EigVals = -8.9919184109E+00 -8.9867924102E+00 -8.2455436336E+00
           HessRho_EigVec1 = -8.4147285909E-01  3.9122266487E-01  3.7265031049E-01
           HessRho_EigVec2 =  3.6285152590E-01  9.2022115099E-01 -1.4673719168E-01
           HessRho_EigVec3 =  4.0032761280E-01 -1.1741369571E-02  9.1629686383E-01
           DelSqRho = -2.6224254455E+01
           Bond Ellipticity = NA
           V = -6.5692470976E+00
           G =  6.5917419579E-03
           K =  6.5626553556E+00
           L =  6.5560636137E+00
           Vnuc =  4.7572002608E+01
           Ven = -2.0854636152E+01
           Vrep =  1.4285389055E+01
           DelSqV =  1.7081281633E+03
           DelSqVen =  1.2475403013E+03
           DelSqVrep =  4.6058786195E+02
           DelSqG =  1.3122328146E+02
           DelSqK = -1.8393514447E+03
           Stress_EigVals = -2.2532351719E+00 -2.2527539645E+00 -2.0632579611E+00
           Stress_EigVec1 =  4.1394471086E-01  8.9438254006E-01 -1.6949822530E-01
           Stress_EigVec2 =  8.1714934254E-01 -4.4713979852E-01 -3.6377596479E-01
           Stress_EigVec3 =  4.0114427372E-01 -1.2077773197E-02  9.1593525921E-01
           -DivStress =  6.3787171211E+00 -1.8466221406E-01  1.4542783503E+01
           ESP =  -1.1000536115E+00     ESP at Nucleus =  -1.1014355521E+00
           ESPe = -1.3709666331E+01     ESPe at Nucleus = -1.3637327689E+01
           ESPn =  1.2609612719E+01     ESPn at Nucleus =  1.2535892137E+01

CP# 9      Coords =  6.49565875563606E-01 -4.51430896417258E-01 -2.52951200754649E+00
           Type = (3,-3) NACP h9
           Rho =  4.3920661938E-01     Rho at Nucleus =  4.3576547742E-01
           GradRho = -2.1736085154E-15  2.6263713426E-15  1.3013895517E-14
           HessRho_EigVals = -9.0064003629E+00 -9.0010561266E+00 -8.2650168286E+00
           HessRho_EigVec1 = -9.1164900138E-01  3.4846903415E-01 -2.1786562494E-01
           HessRho_EigVec2 =  3.8409433834E-01  9.1101293774E-01 -1.5008986150E-01
           HessRho_EigVec3 = -1.4617673393E-01  2.2051022541E-01  9.6436901804E-01
           DelSqRho = -2.6272473318E+01
           Bond Ellipticity = NA
           V = -6.5815044602E+00
           G =  6.6930653333E-03
           K =  6.5748113948E+00
           L =  6.5681183295E+00
           Vnuc =  4.7129659825E+01
           Ven = -2.0699658564E+01
           Vrep =  1.4118154104E+01
           DelSqV =  1.7117905952E+03
           DelSqVen =  1.2382127302E+03
           DelSqVrep =  4.7357786500E+02
           DelSqG =  1.3145818589E+02
           DelSqK = -1.8432487811E+03
           Stress_EigVals = -2.2569432057E+00 -2.2564117146E+00 -2.0681495399E+00
           Stress_EigVec1 =  4.0989970038E-01  9.0072910446E-01 -1.4376827194E-01
           Stress_EigVec2 = -9.0019444989E-01  3.7406357759E-01 -2.2299415307E-01
           Stress_EigVec3 = -1.4707884965E-01  2.2082463700E-01  9.6415988906E-01
           -DivStress =  2.3174588145E+00 -3.4958584303E+00 -1.5240373056E+01
           ESP =  -1.0920350656E+00     ESP at Nucleus =  -1.0933667687E+00
           ESPe = -1.3031192192E+01     ESPe at Nucleus = -1.2956786026E+01
           ESPn =  1.1939157126E+01     ESPn at Nucleus =  1.1863419257E+01

CP# 10     Coords = -2.77443951020769E+00  2.04844982528021E+00  4.41277820532937E+00
           Type = (3,-3) NACP h10
           Rho =  4.4026466666E-01     Rho at Nucleus =  4.3683295388E-01
           GradRho =  2.9867774920E-13 -1.6364687383E-13 -2.7730595598E-13
           HessRho_EigVals = -9.0296461005E+00 -9.0249621464E+00 -8.2895048275E+00
           HessRho_EigVec1 =  6.2959561244E-01 -1.4626389837E-01  7.6303095404E-01
           HessRho_EigVec2 =  3.7749930844E-01  9.1598318884E-01 -1.3590095618E-01
           HessRho_EigVec3 =  6.7904612283E-01 -3.7360630321E-01 -6.3191351725E-01
           DelSqRho = -2.6344113074E+01
           Bond Ellipticity = NA
           V = -6.5988711691E+00
           G =  6.4214502578E-03
           K =  6.5924497189E+00
           L =  6.5860282686E+00
           Vnuc =  4.7182805630E+01
           Ven = -2.0772922193E+01
           Vrep =  1.4174051023E+01
           DelSqV =  1.7165813219E+03
           DelSqVen =  1.2429891667E+03
           DelSqVrep =  4.7359215519E+02
           DelSqG =  1.3184561758E+02
           DelSqK = -1.8484269394E+03
           Stress_EigVals = -2.2624550511E+00 -2.2620914233E+00 -2.0743246946E+00
           Stress_EigVec1 =  3.4556453383E-01  9.2215602786E-01 -1.7382005993E-01
           Stress_EigVec2 =  6.4731379231E-01 -1.0014291048E-01  7.5561647134E-01
           Stress_EigVec3 =  6.7938943710E-01 -3.7363037584E-01 -6.3153015368E-01
           -DivStress = -1.0728944776E+01  5.8868426548E+00  1.0001007973E+01
           ESP =  -1.0953108324E+00     ESP at Nucleus =  -1.0966319351E+00
           ESPe = -1.2990292610E+01     ESPe at Nucleus = -1.2916061146E+01
           ESPn =  1.1894981778E+01     ESPn at Nucleus =  1.1819429211E+01

CP# 11     Coords = -3.42797349762378E+00  1.51588601950963E+00 -5.76938568272206E-01
           Type = (3,-3) NACP h11
           Rho =  4.4050864589E-01     Rho at Nucleus =  4.3707763258E-01
           GradRho =  1.4628055711E-15 -3.7816971776E-16 -4.6577325330E-16
           HessRho_EigVals = -9.0351590474E+00 -9.0305399540E+00 -8.2947956441E+00
           HessRho_EigVec1 = -4.1750987376E-01  3.1879197751E-01  8.5091549545E-01
           HessRho_EigVec2 =  3.7407773610E-01  9.1370541133E-01 -1.5877112039E-01
           HessRho_EigVec3 =  8.2810105221E-01 -2.5202003172E-01  5.0073401216E-01
           DelSqRho = -2.6360494646E+01
           Bond Ellipticity = NA
           V = -6.6029563646E+00
           G =  6.4163515899E-03
           K =  6.5965400130E+00
           L =  6.5901236614E+00
           Vnuc =  4.6991080160E+01
           Ven = -2.0699977090E+01
           Vrep =  1.4097020726E+01
           DelSqV =  1.7176847104E+03
           DelSqVen =  1.2387081169E+03
           DelSqVrep =  4.7897659346E+02
           DelSqG =  1.3193603569E+02
           DelSqK = -1.8496207461E+03
           Stress_EigVals = -2.2638295537E+00 -2.2634783772E+00 -2.0756484337E+00
           Stress_EigVec1 =  3.5138983549E-01  9.2932614753E-01 -1.1348169471E-01
           Stress_EigVec2 = -4.3627539367E-01  2.6978407346E-01  8.5841734290E-01
           Stress_EigVec3 =  8.2836523611E-01 -2.5212985787E-01  5.0024151205E-01
           -DivStress = -1.3095007574E+01  3.9648076747E+00 -7.9176977948E+00
           ESP =  -1.0937026719E+00     ESP at Nucleus =  -1.0950230057E+00
           ESPe = -1.2782548379E+01     ESPe at Nucleus = -1.2708236171E+01
           ESPn =  1.1688845707E+01     ESPn at Nucleus =  1.1613213165E+01

CP# 12     Coords =  1.05644729450289E+00  6.31244256030340E+00 -1.50704947056984E+00
           Type = (3,-3) NACP h12
           Rho =  4.3931931502E-01     Rho at Nucleus =  4.3575681159E-01
           GradRho =  1.0565550171E-15 -4.9613091413E-16 -1.3877787808E-16
           HessRho_EigVals = -9.0171076966E+00 -9.0142313480E+00 -8.2580752824E+00
           HessRho_EigVec1 = -3.6156306888E-01  3.7015642568E-01  8.5571979511E-01
           HessRho_EigVec2 =  4.4358303428E-01  8.7557452940E-01 -1.9131998112E-01
           HessRho_EigVec3 =  8.2006477727E-01 -3.1040854369E-01  4.8077052434E-01
           DelSqRho = -2.6289414327E+01
           Bond Ellipticity = NA
           V = -6.5845083475E+00
           G =  6.0773828581E-03
           K =  6.5784309646E+00
           L =  6.5723535818E+00
           Vnuc =  4.6405084187E+01
           Ven = -2.0386649798E+01
           Vrep =  1.3802141451E+01
           DelSqV =  1.7112904161E+03
           DelSqVen =  1.2199624851E+03
           DelSqVrep =  4.9132793098E+02
           DelSqG =  1.3158377820E+02
           DelSqK = -1.8428741943E+03
           Stress_EigVals = -2.2592091272E+00 -2.2589060241E+00 -2.0663931961E+00
           Stress_EigVec1 =  4.0533124328E-01  9.0813911062E-01 -1.0483290980E-01
           Stress_EigVec2 = -4.0487420656E-01  2.8114725242E-01  8.7007649050E-01
           Stress_EigVec3 =  8.1962397481E-01 -3.1022504446E-01  4.8163986723E-01
           -DivStress = -1.3194419149E+01  4.9622769587E+00 -7.7556092216E+00
           ESP =  -1.0680599987E+00     ESP at Nucleus =  -1.0694378439E+00
           ESPe = -1.2882598508E+01     ESPe at Nucleus = -1.2816729085E+01
           ESPn =  1.1814538509E+01     ESPn at Nucleus =  1.1747291241E+01

CP# 13     Coords =  4.16857188158429E+00  4.82240492079810E+00 -1.62237401177951E+00
           Type = (3,-3) NACP h13
           Rho =  4.3831182735E-01     Rho at Nucleus =  4.3477685248E-01
           GradRho = -1.6138538162E-10  9.5137463879E-11  1.2036857448E-10
           HessRho_EigVals = -8.9952075596E+00 -8.9923531514E+00 -8.2420896703E+00
           HessRho_EigVec1 =  5.5705782829E-01 -9.5192808109E-02  8.2499994256E-01
           HessRho_EigVec2 =  4.0398447687E-01  8.9901046162E-01 -1.6904653903E-01
           HessRho_EigVec3 =  7.2559156444E-01 -4.2745586812E-01 -5.3925723214E-01
           DelSqRho = -2.6229650381E+01
           Bond Ellipticity = NA
           V = -6.5696227408E+00
           G =  6.1050727365E-03
           K =  6.5635176681E+00
           L =  6.5574125953E+00
           Vnuc =  4.6937761251E+01
           Ven = -2.0573375906E+01
           Vrep =  1.4003753165E+01
           DelSqV =  1.7076987715E+03
           DelSqVen =  1.2311610678E+03
           DelSqVrep =  4.7653770364E+02
           DelSqG =  1.3128579206E+02
           DelSqK = -1.8389845635E+03
           Stress_EigVals = -2.2536974511E+00 -2.2534449629E+00 -2.0624803268E+00
           Stress_EigVec1 =  4.6030308331E-01  8.8406078606E-01 -8.0978997518E-02
           Stress_EigVec2 =  5.1196348767E-01 -1.8982464931E-01  8.3777084564E-01
           Stress_EigVec3 =  7.2526854253E-01 -4.2708679335E-01 -5.3998371471E-01
           -DivStress =  1.1600068794E+01 -6.8379881275E+00 -8.6574311958E+00
           ESP =  -1.0680567624E+00     ESP at Nucleus =  -1.0694345228E+00
           ESPe = -1.3317706175E+01     ESPe at Nucleus = -1.3254771115E+01
           ESPn =  1.2249649413E+01     ESPn at Nucleus =  1.2185336592E+01

CP# 14     Coords =  5.08591660219199E+00  5.10289654223913E+00  3.30311225011248E+00
           Type = (3,-3) NACP c14
           Rho =  1.2256270445E+02     Rho at Nucleus =  1.2256270266E+02
           GradRho = -6.6180838587E-11 -4.5241366209E-11  7.2915007365E-12
           HessRho_EigVals = -3.2407444355E+05 -3.2407444009E+05 -3.2407066280E+05
           HessRho_EigVec1 = -4.8431854659E-01  1.7013561808E-01  8.5818961593E-01
           HessRho_EigVec2 =  3.6035386481E-01  9.3263277751E-01  1.8471449346E-02
           HessRho_EigVec3 =  7.9723311368E-01 -3.1819801034E-01  5.1300037882E-01
           DelSqRho = -9.7221954643E+05
           Bond Ellipticity = NA
           V = -2.4307248264E+05
           G =  8.7980142639E+00
           K =  2.4306368462E+05
           L =  2.4305488661E+05
           Vnuc =  1.8057062588E+06
           Ven = -2.2131224252E+08
           Vrep =  2.2106917004E+08
           DelSqV =  2.3846362833E+10
           DelSqVen =  1.7555429171E+12
           DelSqVrep = -1.7316965553E+12
           DelSqG =  6.4280574603E+08
           DelSqK = -2.4489168579E+10
           Stress_EigVals = -8.1025266789E+04 -8.1023609004E+04 -8.1023606843E+04
           Stress_EigVec1 =  7.9868522605E-01 -3.2004761801E-01  5.0957966198E-01
           Stress_EigVec2 =  2.6585523272E-01  9.4737595735E-01  1.7832495808E-01
           Stress_EigVec3 = -5.3983599818E-01 -6.9510898319E-03  8.4174151461E-01
           -DivStress =  2.1175104413E+04 -8.4951285783E+03  1.2635748581E+04
           ESP =  -1.4740897457E+01     ESP at Nucleus =  -1.4740897502E+01
           ESPe = -2.7035287391E+01     ESPe at Nucleus = -2.7035287626E+01
           ESPn =  1.2294389935E+01     ESPn at Nucleus =  1.2294390125E+01

CP# 15     Coords =  1.45250081486233E+00  6.81046348549924E+00  3.06161965967434E+00
           Type = (3,-3) NACP h15
           Rho =  4.3555192161E-01     Rho at Nucleus =  4.3195929458E-01
           GradRho =  5.9940108172E-10 -3.4292772615E-10 -4.4754176493E-10
           HessRho_EigVals = -8.9474515098E+00 -8.9430333133E+00 -8.1853884881E+00
           HessRho_EigVec1 =  5.2794226942E-01 -1.6650798130E-01  8.3279772594E-01
           HessRho_EigVec2 =  4.3832850300E-01  8.9331660189E-01 -9.9265161289E-02
           HessRho_EigVec3 =  7.2742359297E-01 -4.1744525504E-01 -5.4460478829E-01
           DelSqRho = -2.6075873311E+01
           Bond Ellipticity = NA
           V = -6.5312843945E+00
           G =  6.1580333655E-03
           K =  6.5251263612E+00
           L =  6.5189683278E+00
           Vnuc =  4.6916622563E+01
           Ven = -2.0434625113E+01
           Vrep =  1.3903340718E+01
           DelSqV =  1.6968440238E+03
           DelSqVen =  1.2233919081E+03
           DelSqVrep =  4.7345211568E+02
           DelSqG =  1.3058561184E+02
           DelSqK = -1.8274296356E+03
           Stress_EigVals = -2.2420965243E+00 -2.2408933159E+00 -2.0482945544E+00
           Stress_EigVec1 =  4.1598845808E-01  8.9941795847E-01 -1.3416757699E-01
           Stress_EigVec2 =  5.4590993368E-01 -1.2899570029E-01  8.2785412581E-01
           Stress_EigVec3 =  7.2727982720E-01 -4.1762117437E-01 -5.4466192053E-01
           -DivStress = -1.1725886020E+01  6.7065057109E+00  8.7490918992E+00
           ESP =  -1.0582558632E+00     ESP at Nucleus =  -1.0596229383E+00
           ESPe = -1.3672070418E+01     ESPe at Nucleus = -1.3601423682E+01
           ESPn =  1.2613814555E+01     ESPn at Nucleus =  1.2541800743E+01

CP# 16     Coords =  6.82372746361704E+00  4.39955916274139E+00  4.39682421389205E+00
           Type = (3,-3) NACP n16
           Rho =  1.9936785465E+02     Rho at Nucleus =  1.9936784113E+02
           GradRho =  1.4403678250E-10  3.4354741274E-12  1.0999201550E-10
           HessRho_EigVals = -7.4214019775E+05 -7.4213956666E+05 -7.4212495990E+05
           HessRho_EigVec1 =  3.9365502260E-01 -3.4065049677E-01 -8.5381084687E-01
           HessRho_EigVec2 =  4.4647579331E-01  8.8274716131E-01 -1.4634485024E-01
           HessRho_EigVec3 =  8.0355154730E-01 -3.2359648986E-01  4.9959005452E-01
           DelSqRho = -2.2264047243E+06
           Bond Ellipticity = NA
           V = -5.5665366260E+05
           G =  2.6240763350E+01
           K =  5.5662742184E+05
           L =  5.5660118108E+05
           Vnuc =  1.1600609458E+06
           Ven = -2.3127886203E+08
           Vrep =  2.3072220837E+08
           DelSqV =  7.9261580168E+10
           DelSqVen =  2.5827651740E+12
           DelSqVrep = -2.5035035951E+12
           DelSqG =  2.0724609480E+09
           DelSqK = -8.1334041116E+10
