AIMSum (Version 19.02.13, Professional)
Copyright (c) 1997-2019 by Todd A. Keith
AIMSum is a component of the AIMAll package ( http://aim.tkgristmill.com )

TP:  64-bit Linux

Much of the Quantum Theory of Atoms in Molecules (QTAIM) is described in the book:
  "Atoms in Molecules - A Quantum Theory"
  R.F.W. Bader, Oxford University Press, Oxford, 1990

For additional references see:  http://aim.tkgristmill.com/references.html

Wfn File:  /home/mhennefarth/Documents/DielsAlder/DielsAlder_QTAIM/reactionC/reactC_exo10MVc/reactC_exo10MVc.wfn
Sum File:  /home/mhennefarth/Documents/DielsAlder/DielsAlder_QTAIM/reactionC/reactC_exo10MVc/reactC_exo10MVc.sum

SumViz File:  /home/mhennefarth/Documents/DielsAlder/DielsAlder_QTAIM/reactionC/reactC_exo10MVc/reactC_exo10MVc.sumviz

Wfn Title:  SCF/DFT density                                                                
 
Total memory allocated for AIMSum =        0.993 Megabytes

Atomic units (a.u.) used throughout, except where stated otherwise

Model:  Restricted SCF
 
Restricted, closed-shell, single-determinant wavefunction.
  Number of electrons (from MO Occs)                   =          64.0000000000
  Number of Alpha electrons (from MO Occs)             =          32.0000000000
  Number of Beta electrons (from MO Occs)              =          32.0000000000
  Number of electron pairs (N*(N-1)/2)                 =        2016.0000000000
  Number of electron pairs (from Muller 2EDM)          =        2016.0000000000
 
Nuclear Charges and Cartesian Coordinates:
-------------------------------------------------------------------------------
Atom      Charge                X                  Y                  Z
-------------------------------------------------------------------------------
c1         6.0           3.3654383000E-01  -5.3759460000E-02  -5.7382705000E-01
c2         6.0          -1.7606378800E+00   9.4716213000E-01   4.4085300000E-01
c3         6.0          -1.3906079200E+00   1.2584118000E+00   3.1684334900E+00
c4         6.0           9.2837826000E-01   4.4438425000E-01   3.7915851800E+00
c5         6.0           2.2448957100E+00  -4.9348918000E-01   1.4697413700E+00
c6         6.0           2.7194236900E+00   5.7654363100E+00  -5.6195748000E-01
c7         6.0           2.9053577200E+00   6.0285487700E+00   1.9255561200E+00
h8         1.0           1.7730113500E+00   4.5117515000E-01   5.6507168700E+00
h9         1.0           6.4692358000E-01  -5.0120809000E-01  -2.5420091600E+00
h10        1.0          -2.7781190500E+00   2.0423156900E+00   4.4475725200E+00
h11        1.0          -3.4596764500E+00   1.4677387700E+00  -5.6795340000E-01
h12        1.0           1.1012112800E+00   6.5059373800E+00  -1.5662327200E+00
h13        1.0           4.1719214400E+00   4.8237915900E+00  -1.6515419700E+00
c14        6.0           5.0157977300E+00   5.0348891500E+00   3.3016958600E+00
h15        1.0           1.4720045900E+00   6.9712395300E+00   3.0378341600E+00
n16        7.0           6.6866348900E+00   4.2068870000E+00   4.4121079000E+00
h17        1.0           4.0240159300E+00   5.0748511000E-01   1.1256678700E+00
h18        1.0           2.7465944700E+00  -2.4964174500E+00   1.6342238600E+00
 
Some Atomic Properties:
----------------------
  q(A) = Net Charge of Atom A
  L(A) = Lagrangian of Atom A = -(1/4) Times Atomic Integral of the Laplacian of the Electron Density
  K(A) = Electronic Kinetic Energy of Atom A (Hamiltonian Form)
  K_Scaled(A) = K(A) * E(Mol)/K(Mol) = Approximation to Virial-Based Total Energy of Atom A.
  |Mu_Intra(A)| = Magnitude of Intraatomic Dipole Moment of Atom A
--------------------------------------------------------------------------------------------------
Atom A          q(A)              L(A)              K(A)          K_Scaled(A)      |Mu_Intra(A)|
--------------------------------------------------------------------------------------------------
c1       -6.9851622800E-02 -2.3520834561E-05  3.7906381494E+01 -3.8098237062E+01  1.8690849835E-01
c2       -5.8687105600E-02  7.7605365564E-06  3.7905631114E+01 -3.8097482884E+01  1.6972872197E-01
c3       -5.9750178200E-02 -1.7076553025E-04  3.7905886243E+01 -3.8097739305E+01  1.7046972994E-01
c4       -6.4489930500E-02 -7.7942872287E-05  3.7907880678E+01 -3.8099743834E+01  1.9212206501E-01
c5       -1.0743520000E-02  5.0468249488E-05  3.7864331790E+01 -3.8055974532E+01  1.5101627337E-01
c6        8.0169468000E-03  1.0161320662E-04  3.7850372861E+01 -3.8041944953E+01  1.7361779404E-01
c7        5.8621871900E-02 -2.7173263291E-05  3.7831969823E+01 -3.8023448771E+01  3.1145738308E-01
h8        5.4502560660E-02  1.9652334882E-05  5.9316504956E-01 -5.9616723583E-01  1.3910893824E-01
h9        4.3895448830E-02  1.9474919329E-05  5.9728877769E-01 -6.0031183538E-01  1.4166908671E-01
h10       4.1141609480E-02  1.8579369620E-05  5.9922723490E-01 -6.0226010370E-01  1.3944485983E-01
h11       4.0183267890E-02  1.5553781012E-05  5.9975361966E-01 -6.0278915265E-01  1.3967116796E-01
h12       7.3098166380E-02  1.6882105478E-05  5.8851903049E-01 -5.9149770186E-01  1.3327370096E-01
h13       7.0204180460E-02  2.7259521411E-05  5.8891753026E-01 -5.9189821856E-01  1.3369375517E-01
c14       9.7204272070E-01 -1.4633538182E-04  3.7367241326E+01 -3.7556368145E+01  1.0503508348E+00
h15       9.6929169740E-02  2.0800630618E-05  5.7962372871E-01 -5.8255737829E-01  1.3105371973E-01
n16      -1.2932954209E+00  1.7463071174E-06  5.5205840908E+01 -5.5485254231E+01  6.2000793018E-01
h17       5.3979271740E-02  2.6929285384E-05  5.9079770825E-01 -5.9378791269E-01  1.3448262128E-01
h18       4.3946054210E-02  2.5101249895E-05  5.9422152642E-01 -5.9722905983E-01  1.4465683985E-01
--------------------------------------------------------------------------------------------------
Total    -2.5650921000E-04 -9.3916384798E-05  3.6307705044E+02 -3.6491469232E+02
 
1st Largest |L(A)| = 1.7076553025E-04, atom c3      
2nd Largest |L(A)| = 1.4633538182E-04, atom c14     
 
Molecular charge q(Mol) from the wfn file:   0.0000000000E+00
Molecular energy E(Mol) from the wfn file:  -3.6491474389E+02
Molecular virial ratio (-V(Mol)/T(Mol)) from the wfn file:   2.0050613000E+00
Note.  K_Scaled(A) = (1+V(Mol)/T(Mol))*K(A) = (E(Mol)/T(Mol))*K(A)
       Only use K_Scaled(A) data with caution.
 
N_AIMInt(SumA)     =         64.000257
N_Analytic(Mol)    =         63.999992
 
G_AIMInt(SumA)     =        363.077144
G_Analytic(Mol)    =        363.077058
 
K_AIMInt(SumA)     =        363.077050
K_Analytic(Mol)    =        363.077058
 
L_AIMInt(SumA)     =         -0.000094
L_Analytic(Mol)    =          0.000000
 
VenT_AIMInt(SumA)  =      -1620.511359
VenT_Analytic(Mol) =      -1620.507282
 
Some Information About the Atomic Calculations:
----------------------------------------------
  Time(sec) = "Elapsed User Time", in Seconds, for Atom A by AIMInt and, if used, by TWOe
  NProc = Number of Processors Used for AIMInt Job
  BIM = Basin Integration Method
  OAQ = Angular Quadrature Outside of Beta Sphere
  ORQ = Multiple of Default for Radial Quadrature Outside of Beta Sphere
  IAQ = Multiple of Default for Angular Quadrature Inside of Beta Sphere
  IRQ = Multiple of Default for Radial Quadrature Inside of Beta Sphere
  MIR = Maximum Integration Radius
------------------------------------------------------------------------------------------------------
Atom A     Time(sec)   NProc      BIM          OAQ                     ORQ      IAQ      IRQ      MIR
------------------------------------------------------------------------------------------------------
c1             51        8     Proaim(5)    4500(GS4)                  1.00     1.00     1.00    13.00
c2             36        8     Proaim(5)    4500(GS4)                  1.00     1.00     1.00    13.00
c3             39        8     Proaim(5)    4500(GS4)                  1.00     1.00     1.00    13.00
c4             76        8     Proaim(5)    4500(GS4)                  1.00     1.00     1.00    13.00
c5             43        8     Proaim(5)    4500(GS4)                  1.00     1.00     1.00    13.00
c6             47        8     Proaim(5)    4500(GS4)                  1.00     1.00     1.00    13.00
c7             85        8     Proaim(5)    4500(GS4)                  1.00     1.00     1.00    13.00
h8             11        8     Proaim(5)    1800(GS4)                  1.00     1.00     1.00    13.00
h9              9        8     Proaim(5)    1800(GS4)                  1.00     1.00     1.00    13.00
h10             9        8     Proaim(5)    1800(GS4)                  1.00     1.00     1.00    13.00
h11             9        8     Proaim(5)    1800(GS4)                  1.00     1.00     1.00    13.00
h12             9        8     Proaim(5)    1800(GS4)                  1.00     1.00     1.00    13.00
h13            10        8     Proaim(5)    1800(GS4)                  1.00     1.00     1.00    13.00
c14            60        8     Proaim(5)    4500(GS4)                  1.00     1.00     1.00    13.00
h15            10        8     Proaim(5)    1800(GS4)                  1.00     1.00     1.00    13.00
n16            20        8     Proaim(5)    2700(GS4)                  1.00     1.00     1.00    13.00
h17            29        8     Proaim(5)    4500(GS4)                  1.00     1.00     1.00    13.00
h18            10        8     Proaim(5)    1800(GS4)                  1.00     1.00     1.00    13.00
------------------------------------------------------------------------------------------------------
Total         563
Note:  Total wall clock time is less than total of atomic times if more than one atom
       was calculated at a time
 
Electron Density Critical Point Analysis of Molecular Structure:               
---------------------------------------------------------------                
  NACP = Nuclear Attractor Critical Point                                      
  NNACP = Non-Nuclear Attractor Critical Point                                 
  BCP = Bond Critical Point                                                    
  RCP = Ring Critical Point                                                    
  CCP = Cage Critical Point                                                    
  Rho = Electron Density                                                       
  GradRho = Gradient of Electron Density                                       
  HessRho_EigVals = Eigenvalues of the Hessian of Rho, Ascending Order         
  HessRho_EigVecs = Eigenvectors of the Hessian of Rho                         
  DelSqRho = Laplacian of Rho = Trace of Hessian of Rho                        
  Bond Ellipticity = (HessRho_EigVal(1) / HessRho_EigVal(2)) - 1               
  V = Virial Field = Potential Energy Density = Trace of Stress Tensor         
  G = Lagrangian Form of Kinetic Energy Density                                
  K = Hamiltonian Form of Kinetic Energy Density                               
  L = K - G = Lagrangian Density = (-1/4)DelSqRho                              
  Vnuc = Electrostatic Potential from Nuclei                                   
  Ven = Electron-nuclear attractive contribution to Virial Field V             
  Vrep = V - Ven = Repulsive contribution to Virial Field V                    
  DelSqV = Laplacian of V                                                      
  DelSqVen = Laplacian of Ven                                                  
  DelSqVrep = Laplacian of Vrep                                                
  DelSqG = Laplacian of G                                                      
  DelSqK = Laplacian of K                                                      
  Stress_EigVals = Eigenvalues of Stress Tensor, Ascending Order               
  Stress_EigVecs = Eigenvectors of Stress Tensor                               
  -DivStress = Ehrenfest Force Density = Minus Divergence of Stress Tensor     
  ESP = Total Electrostatic Potential                                          
  ESPe = Electrostatic Potential from Electrons                                
  ESPn = Electrostatic Potential from Nuclei                                   
  BP = Bond Path                                                               
  BPL = Bond Path Length                                                       
  GBL = Geometric Bond Length                                                  
  GBL_I = Distance Between Nuclear Attractors                                  
  GBL_II = Distance Between Nuclei                                             
  GBL_III = Sum of Distances Between BCP and Nuclear Attractors                
  GBL_IV = Sum of Distances Between BCP and Nuclei                             

CP# 1      Coords =  3.36545085605138E-01 -5.37599836275447E-02 -5.73827066268613E-01
           Type = (3,-3) NACP c1
           Rho =  1.2218862799E+02     Rho at Nucleus =  1.2218862769E+02
           GradRho =  6.1674576557E-09 -2.5694695260E-09 -8.6925133758E-11
           HessRho_EigVals = -3.2300244881E+05 -3.2300073709E+05 -3.2299957586E+05
           HessRho_EigVec1 =  3.6153386848E-01  9.1855986137E-01 -1.5981565323E-01
           HessRho_EigVec2 =  5.0101392212E-01 -4.6840161052E-02  8.6417072917E-01
           HessRho_EigVec3 =  7.8630675425E-01 -3.9249685399E-01 -4.7714558348E-01
           DelSqRho = -9.6900276176E+05
           Bond Ellipticity = NA
           V = -2.4226805481E+05
           G =  8.6821833158E+00
           K =  2.4225937262E+05
           L =  2.4225069044E+05
           Vnuc =  4.4101147753E+06
           Ven = -5.3886587368E+08
           Vrep =  5.3862360563E+08
           DelSqV =  2.3767418719E+10
           DelSqVen =  4.2734131610E+12
           DelSqVrep = -4.2496457750E+12
           DelSqG =  6.4050631060E+08
           DelSqK = -2.4407925029E+10
           Stress_EigVals = -8.0756489000E+04 -8.0756122631E+04 -8.0755443174E+04
           Stress_EigVec1 =  7.4048912791E-01 -3.8837768216E-01 -5.4848758186E-01
           Stress_EigVec2 =  5.6478786642E-01 -8.2733991903E-02  8.2107840827E-01
           Stress_EigVec3 =  3.6426709623E-01  9.1777876560E-01 -1.5808738096E-01
           -DivStress = -9.8238435203E+03  4.0973027433E+03  1.3033066616E+02
           ESP =  -1.4766165028E+01     ESP at Nucleus =  -1.4766165037E+01
           ESPe = -2.7293279627E+01     ESPe at Nucleus = -2.7293280115E+01
           ESPn =  1.2527114599E+01     ESPn at Nucleus =  1.2527115077E+01

CP# 2      Coords = -1.76063877827336E+00  9.47162608224976E-01  4.40853830442687E-01
           Type = (3,-3) NACP c2
           Rho =  1.2219295143E+02     Rho at Nucleus =  1.2219295115E+02
           GradRho = -4.1237566695E-09  2.1953319163E-09  3.7943319597E-09
           HessRho_EigVals = -3.2301231642E+05 -3.2301041273E+05 -3.2300937705E+05
           HessRho_EigVec1 =  3.6594071033E-01  9.1786739839E-01 -1.5364516101E-01
           HessRho_EigVec2 =  3.1742669517E-01  3.2092061113E-02  9.4773962289E-01
           HessRho_EigVec3 =  8.7483009191E-01 -3.9558758650E-01 -2.7961182324E-01
           DelSqRho = -9.6903210620E+05
           Bond Ellipticity = NA
           V = -2.4227541974E+05
           G =  8.6965933318E+00
           K =  2.4226672314E+05
           L =  2.4225802655E+05
           Vnuc =  4.5680308004E+06
           Ven = -5.5818116573E+08
           Vrep =  5.5793889031E+08
           DelSqV =  2.3768135367E+10
           DelSqVen =  4.4265685647E+12
           DelSqVrep = -4.4028004294E+12
           DelSqG =  6.4052251014E+08
           DelSqK = -2.4408657877E+10
           Stress_EigVals = -8.0758934705E+04 -8.0758609595E+04 -8.0757875436E+04
           Stress_EigVec1 =  8.9134781876E-01 -3.9273624565E-01 -2.2640076711E-01
           Stress_EigVec2 =  2.6832088375E-01  5.4536490227E-02  9.6178463004E-01
           Stress_EigVec3 =  3.6538058150E-01  9.1803268601E-01 -1.5399031812E-01
           -DivStress =  7.0308560939E+03 -3.7426537180E+03 -6.4961069571E+03
           ESP =  -1.4767836185E+01     ESP at Nucleus =  -1.4767836195E+01
           ESPe = -2.7123713605E+01     ESPe at Nucleus = -2.7123714506E+01
           ESPn =  1.2355877420E+01     ESPn at Nucleus =  1.2355878311E+01

CP# 3      Coords = -1.39060904259356E+00  1.25841209637102E+00  3.16843280373206E+00
           Type = (3,-3) NACP c3
           Rho =  1.2219208566E+02     Rho at Nucleus =  1.2219208537E+02
           GradRho = -5.4341580125E-09  1.4256102965E-09 -3.3709097319E-09
           HessRho_EigVals = -3.2301076048E+05 -3.2300890413E+05 -3.2300784022E+05
           HessRho_EigVec1 =  3.6447605747E-01  9.1832465225E-01 -1.5439247588E-01
           HessRho_EigVec2 = -5.4319449640E-02  1.8648124304E-01  9.8095572957E-01
           HessRho_EigVec3 =  9.2962713005E-01 -3.4914836255E-01  1.1785083796E-01
           DelSqRho = -9.6902750483E+05
           Bond Ellipticity = NA
           V = -2.4227427552E+05
           G =  8.6996538050E+00
           K =  2.4226557586E+05
           L =  2.4225687621E+05
           Vnuc =  4.4487115018E+06
           Ven = -5.4359733691E+08
           Vrep =  5.4335506264E+08
           DelSqV =  2.3768024736E+10
           DelSqVen =  4.3109238374E+12
           DelSqVrep = -4.2871557636E+12
           DelSqG =  6.4052098336E+08
           DelSqK = -2.4408545720E+10
           Stress_EigVals = -8.0758554498E+04 -8.0758221802E+04 -8.0757499215E+04
           Stress_EigVec1 =  9.3132546946E-01 -3.5856808840E-01  6.3732220409E-02
           Stress_EigVec2 = -3.4074774218E-03  1.6641113251E-01  9.8605056872E-01
           Stress_EigVec3 =  3.6417201846E-01  9.1855117493E-01 -1.5376111344E-01
           -DivStress =  8.7854855318E+03 -2.3202132967E+03  5.3675560589E+03
           ESP =  -1.4769482077E+01     ESP at Nucleus =  -1.4769482088E+01
           ESPe = -2.7310076997E+01     ESPe at Nucleus = -2.7310078032E+01
           ESPn =  1.2540594920E+01     ESPn at Nucleus =  1.2540595944E+01

CP# 4      Coords =  9.28379437329859E-01  4.44383708369222E-01  3.79158486663444E+00
           Type = (3,-3) NACP c4
           Rho =  1.2219438952E+02     Rho at Nucleus =  1.2219438923E+02
           GradRho =  5.5307118885E-09 -2.5548327898E-09 -1.4214833755E-09
           HessRho_EigVals = -3.2302012025E+05 -3.2301832734E+05 -3.2301715611E+05
           HessRho_EigVec1 =  3.6280624666E-01  9.1720829036E-01 -1.6462253637E-01
           HessRho_EigVec2 = -2.8535180846E-01  2.7752267631E-01  9.1736334652E-01
           HessRho_EigVec3 =  8.8709975357E-01 -2.8584981411E-01  3.6241400495E-01
           DelSqRho = -9.6905560371E+05
           Bond Ellipticity = NA
           V = -2.4228125780E+05
           G =  8.6784344118E+00
           K =  2.4227257936E+05
           L =  2.4226390093E+05
           Vnuc =  4.5001525863E+06
           Ven = -5.4989339802E+08
           Vrep =  5.4965111676E+08
           DelSqV =  2.3768717223E+10
           DelSqVen =  4.3608982159E+12
           DelSqVrep = -4.3371294987E+12
           DelSqG =  6.4054600535E+08
           DelSqK = -2.4409263228E+10
           Stress_EigVals = -8.0760901516E+04 -8.0760526793E+04 -8.0759829488E+04
           Stress_EigVec1 =  8.6163847252E-01 -2.6537795668E-01  4.3261262438E-01
           Stress_EigVec2 = -3.5392751465E-01  2.9674010470E-01  8.8695018160E-01
           Stress_EigVec3 =  3.6375054232E-01  9.1734391063E-01 -1.6175812990E-01
           -DivStress = -9.2130934004E+03  4.2377736322E+03  2.4488060179E+03
           ESP =  -1.4770543921E+01     ESP at Nucleus =  -1.4770543928E+01
           ESPe = -2.7740418957E+01     ESPe at Nucleus = -2.7740419181E+01
           ESPn =  1.2969875036E+01     ESPn at Nucleus =  1.2969875254E+01

CP# 5      Coords =  2.24489540100918E+00 -4.93489179056430E-01  1.46974136190177E+00
           Type = (3,-3) NACP c5
           Rho =  1.2199597167E+02     Rho at Nucleus =  1.2199597165E+02
           GradRho = -6.4912075715E-11 -6.7785776992E-12  1.2205347844E-11
           HessRho_EigVals = -3.2245717806E+05 -3.2245674600E+05 -3.2245640687E+05
           HessRho_EigVec1 =  1.3697546626E-01  8.1350102465E-02  9.8722838415E-01
           HessRho_EigVec2 =  2.3471153278E-01  9.6557600247E-01 -1.1213152919E-01
           HessRho_EigVec3 =  9.6236594808E-01 -2.4707315574E-01 -1.1316641591E-01
           DelSqRho = -9.6737033093E+05
           Bond Ellipticity = NA
           V = -2.4186013324E+05
           G =  8.7752557511E+00
           K =  2.4185135799E+05
           L =  2.4184258273E+05
           Vnuc =  1.9411309196E+07
           Ven = -2.3681015266E+09
           Vrep =  2.3678596665E+09
           DelSqV =  2.3727387848E+10
           DelSqVen =  1.8777899008E+13
           DelSqVrep = -1.8754171620E+13
           DelSqG =  6.3935382980E+08
           DelSqK = -2.4366741678E+10
           Stress_EigVals = -8.0620152098E+04 -8.0620049176E+04 -8.0619931970E+04
           Stress_EigVec1 =  9.6062456412E-01 -2.5545921589E-01 -1.0927504667E-01
           Stress_EigVec2 =  2.4332602053E-01  9.6333890995E-01 -1.1300704540E-01
           Stress_EigVec3 =  1.3413759555E-01  8.1967881480E-02  9.8756689488E-01
           -DivStress =  2.4121565936E+03 -7.2527184769E+00  6.3249117336E+01
           ESP =  -1.4757927418E+01     ESP at Nucleus =  -1.4757927416E+01
           ESPe = -2.7635288620E+01     ESPe at Nucleus = -2.7635288299E+01
           ESPn =  1.2877361202E+01     ESPn at Nucleus =  1.2877360883E+01

CP# 6      Coords =  2.71942367071101E+00  5.76543621318857E+00 -5.61957796652473E-01
           Type = (3,-3) NACP c6
           Rho =  1.2223417519E+02     Rho at Nucleus =  1.2223417518E+02
           GradRho = -5.5863758064E-11 -6.2945204604E-11 -7.5573325375E-11
           HessRho_EigVals = -3.2312752081E+05 -3.2312422162E+05 -3.2312368864E+05
           HessRho_EigVec1 =  4.7277787219E-01  8.7242596051E-01 -1.2391136754E-01
           HessRho_EigVec2 =  8.7263615493E-01 -4.8307711931E-01 -7.1712188033E-02
           HessRho_EigVec3 =  1.2242232101E-01  7.4225603657E-02  9.8969860820E-01
           DelSqRho = -9.6937543107E+05
           Bond Ellipticity = NA
           V = -2.4236116536E+05
           G =  8.6537952949E+00
           K =  2.4235251156E+05
           L =  2.4234385777E+05
           Vnuc =  1.8089597755E+07
           Ven = -2.2111670612E+09
           Vrep =  2.2109247000E+09
           DelSqV =  2.3776549301E+10
           DelSqVen =  1.7535592301E+13
           DelSqVrep = -1.7511815751E+13
           DelSqG =  6.4076127997E+08
           DelSqK = -2.4417310581E+10
           Stress_EigVals = -8.0787556658E+04 -8.0787348403E+04 -8.0786260295E+04
           Stress_EigVec1 =  1.1444745942E-01  7.6767102056E-02  9.9045877808E-01
           Stress_EigVec2 =  8.7337495806E-01 -4.8289239556E-01 -6.3491077718E-02
           Stress_EigVec3 =  4.7341098600E-01  8.7230828630E-01 -1.2231227238E-01
           -DivStress =  1.5164278634E+02  7.5835792925E+02  2.4812529152E+03
           ESP =  -1.4725782048E+01     ESP at Nucleus =  -1.4725782051E+01
           ESPe = -2.5994416534E+01     ESPe at Nucleus = -2.5994416905E+01
           ESPn =  1.1268634486E+01     ESPn at Nucleus =  1.1268634854E+01

CP# 7      Coords =  2.90536003079027E+00  6.02854778969339E+00  1.92555842888454E+00
           Type = (3,-3) NACP c7
           Rho =  1.2212838694E+02     Rho at Nucleus =  1.2212838506E+02
           GradRho = -2.8401281327E-11 -1.3751133565E-10 -3.1345093188E-11
           HessRho_EigVals = -3.2283981679E+05 -3.2283947204E+05 -3.2283733984E+05
           HessRho_EigVec1 =  4.7512848746E-01  8.7168789677E-01 -1.2005470011E-01
           HessRho_EigVec2 =  8.3999585935E-01 -4.0870090331E-01  3.5689007818E-01
           HessRho_EigVec3 = -2.6203029725E-01  2.7041409403E-01  9.2639966595E-01
           DelSqRho = -9.6851662867E+05
           Bond Ellipticity = NA
           V = -2.4214674104E+05
           G =  8.7919374175E+00
           K =  2.4213794911E+05
           L =  2.4212915717E+05
           Vnuc =  1.7592707928E+06
           Ven = -2.1485690411E+08
           Vrep =  2.1461475737E+08
           DelSqV =  2.3755520200E+10
           DelSqVen =  1.7038830295E+12
           DelSqVrep = -1.6801275093E+12
           DelSqG =  6.4017851727E+08
           DelSqK = -2.4395698718E+10
           Stress_EigVals = -8.0716129598E+04 -8.0715462192E+04 -8.0715149253E+04
           Stress_EigVec1 = -2.4488838535E-01  2.6675242871E-01  9.3213347783E-01
           Stress_EigVec2 =  8.4199315072E-01 -4.1815520184E-01  3.4087206005E-01
           Stress_EigVec3 =  4.8070491246E-01  8.6832561229E-01 -1.2220236571E-01
           -DivStress = -1.8066662142E+04  7.6647653213E+03 -1.8055044705E+04
           ESP =  -1.4711022469E+01     ESP at Nucleus =  -1.4711022496E+01
           ESPe = -2.7061700549E+01     ESPe at Nucleus = -2.7061699652E+01
           ESPn =  1.2350678081E+01     ESPn at Nucleus =  1.2350677155E+01

CP# 8      Coords =  1.76120447310081E+00  4.50887899168828E-01  5.62466281237611E+00
           Type = (3,-3) NACP h8
           Rho =  4.3842478913E-01     Rho at Nucleus =  4.3494376296E-01
           GradRho = -8.9685203708E-16 -1.0061396161E-16 -4.1537953632E-15
           HessRho_EigVals = -8.9938059291E+00 -8.9887588628E+00 -8.2471105717E+00
           HessRho_EigVec1 = -8.4880872083E-01  3.6885336134E-01  3.7877559751E-01
           HessRho_EigVec2 =  3.3304054772E-01  9.2944756736E-01 -1.5878039269E-01
           HessRho_EigVec3 =  4.1061873924E-01  8.6265495555E-03  9.1176632622E-01
           DelSqRho = -2.6229675364E+01
           Bond Ellipticity = NA
           V = -6.5705954616E+00
           G =  6.5883103395E-03
           K =  6.5640071512E+00
           L =  6.5574188409E+00
           Vnuc =  4.7616436677E+01
           Ven = -2.0876226209E+01
           Vrep =  1.4305630748E+01
           DelSqV =  1.7084940424E+03
           DelSqVen =  1.2489636760E+03
           DelSqVrep =  4.5953036639E+02
           DelSqG =  1.3126431232E+02
           DelSqK = -1.8397583547E+03
           Stress_EigVals = -2.2537160541E+00 -2.2532276193E+00 -2.0636517882E+00
           Stress_EigVec1 =  4.0206979721E-01  8.9573916869E-01 -1.8971352048E-01
           Stress_EigVec2 =  8.1795490979E-01 -4.4450167394E-01 -3.6519587540E-01
           Stress_EigVec3 =  4.1144822726E-01  8.3428739621E-03  9.1139494882E-01
           -DivStress =  6.5562552425E+00  1.5858421064E-01  1.4470007184E+01
           ESP =  -1.1031185036E+00     ESP at Nucleus =  -1.1045012980E+00
           ESPe = -1.3761758687E+01     ESPe at Nucleus = -1.3689805200E+01
           ESPn =  1.2658640184E+01     ESPn at Nucleus =  1.2585303902E+01

CP# 9      Coords =  6.42730422758653E-01 -4.95091546331032E-01 -2.51460107085682E+00
           Type = (3,-3) NACP h9
           Rho =  4.3930466384E-01     Rho at Nucleus =  4.3586829099E-01
           GradRho = -2.0851376181E-15  2.4333833559E-15  1.1768147221E-14
           HessRho_EigVals = -9.0081989889E+00 -9.0028353359E+00 -8.2674408884E+00
           HessRho_EigVec1 = -9.1815276358E-01  3.3336462487E-01 -2.1415772134E-01
           HessRho_EigVec2 =  3.6802988309E-01  9.1776054320E-01 -1.4922999194E-01
           HessRho_EigVec3 = -1.4679750639E-01  2.1583237066E-01  9.6533252297E-01
           DelSqRho = -2.6278475213E+01
           Bond Ellipticity = NA
           V = -6.5830314741E+00
           G =  6.7063354243E-03
           K =  6.5763251387E+00
           L =  6.5696188033E+00
           Vnuc =  4.7144652102E+01
           Ven = -2.0710865544E+01
           Vrep =  1.4127834070E+01
           DelSqV =  1.7122498427E+03
           DelSqVen =  1.2388895717E+03
           DelSqVrep =  4.7336027098E+02
           DelSqG =  1.3148891664E+02
           DelSqK = -1.8437387593E+03
           Stress_EigVals = -2.2574079567E+00 -2.2568659381E+00 -2.0687575794E+00
           Stress_EigVec1 =  3.9113250635E-01  9.0905338246E-01 -1.4365691876E-01
           Stress_EigVec2 = -9.0839933855E-01  3.5627149557E-01 -2.1881787669E-01
           Stress_EigVec3 = -1.4773626565E-01  2.1608463453E-01  9.6513285434E-01
           -DivStress =  2.3327812417E+00 -3.4031718380E+00 -1.5249390699E+01
           ESP =  -1.0944394697E+00     ESP at Nucleus =  -1.0957665945E+00
           ESPe = -1.3019920088E+01     ESPe at Nucleus = -1.2945712518E+01
           ESPn =  1.1925480618E+01     ESPn at Nucleus =  1.1849945923E+01

CP# 10     Coords = -2.75905006778929E+00  2.03146219687718E+00  4.42966709410852E+00
           Type = (3,-3) NACP h10
           Rho =  4.4039756203E-01     Rho at Nucleus =  4.3696904144E-01
           GradRho =  2.8072330701E-13 -1.5986691138E-13 -2.6294244559E-13
           HessRho_EigVals = -9.0326788964E+00 -9.0280000624E+00 -8.2928197592E+00
           HessRho_EigVec1 =  6.3269334761E-01 -1.4181354161E-01  7.6130680236E-01
           HessRho_EigVec2 =  3.8128614772E-01  9.1271824874E-01 -1.4685459464E-01
           HessRho_EigVec3 =  6.7403264124E-01 -3.8318966299E-01 -6.3154230319E-01
           DelSqRho = -2.6353498718E+01
           Bond Ellipticity = NA
           V = -6.6012408730E+00
           G =  6.4330967785E-03
           K =  6.5948077763E+00
           L =  6.5883746795E+00
           Vnuc =  4.7210142003E+01
           Ven = -2.0791231441E+01
           Vrep =  1.4189990568E+01
           DelSqV =  1.7172577342E+03
           DelSqVen =  1.2441524167E+03
           DelSqVrep =  4.7310531745E+02
           DelSqG =  1.3189984565E+02
           DelSqK = -1.8491575798E+03
           Stress_EigVals = -2.2632296364E+00 -2.2628551620E+00 -2.0751560746E+00
           Stress_EigVec1 =  3.5552533322E-01  9.1767395658E-01 -1.7741546396E-01
           Stress_EigVec2 =  6.4718966016E-01 -1.0474990102E-01  7.5509800822E-01
           Stress_EigVec3 =  6.7434952452E-01 -3.8327792481E-01 -6.3115033956E-01
           -DivStress = -1.0638738234E+01  6.0553354495E+00  9.9896538433E+00
           ESP =  -1.0977271316E+00     ESP at Nucleus =  -1.0990445860E+00
           ESPe = -1.2997272736E+01     ESPe at Nucleus = -1.2923199213E+01
           ESPn =  1.1899545605E+01     ESPn at Nucleus =  1.1824154627E+01

CP# 11     Coords = -3.43622566009113E+00  1.46058014983416E+00 -5.53804139636907E-01
           Type = (3,-3) NACP h11
           Rho =  4.4064943728E-01     Rho at Nucleus =  4.3722163835E-01
           GradRho =  5.7896396011E-17  5.6682089578E-16 -3.4296025221E-16
           HessRho_EigVals = -9.0379539579E+00 -9.0333144051E+00 -8.2979213454E+00
           HessRho_EigVec1 = -4.1297551138E-01  3.2629650677E-01  8.5028337433E-01
           HessRho_EigVec2 =  3.7803878156E-01  9.1080209019E-01 -1.6591031356E-01
           HessRho_EigVec3 =  8.2857583035E-01 -2.5292319423E-01  4.9949169281E-01
           DelSqRho = -2.6369189708E+01
           Bond Ellipticity = NA
           V = -6.6051561616E+00
           G =  6.4293672531E-03
           K =  6.5987267943E+00
           L =  6.5922974271E+00
           Vnuc =  4.7002054478E+01
           Ven = -2.0711428857E+01
           Vrep =  1.4106272695E+01
           DelSqV =  1.7183051207E+03
           DelSqVen =  1.2394060912E+03
           DelSqVrep =  4.7889902952E+02
           DelSqG =  1.3198100272E+02
           DelSqK = -1.8502861235E+03
           Stress_EigVals = -2.2645392172E+00 -2.2641831335E+00 -2.0764338109E+00
           Stress_EigVec1 =  3.6064388090E-01  9.2351705947E-01 -1.3058419519E-01
           Stress_EigVec2 = -4.2778780010E-01  2.8819295074E-01  8.5670439548E-01
           Stress_EigVec3 =  8.2881456868E-01 -2.5310287238E-01  4.9900435543E-01
           -DivStress = -1.3091019579E+01  3.9962098558E+00 -7.8987300119E+00
           ESP =  -1.0961710730E+00     ESP at Nucleus =  -1.0974887683E+00
           ESPe = -1.2773494449E+01     ESPe at Nucleus = -1.2699349906E+01
           ESPn =  1.1677323376E+01     ESPn at Nucleus =  1.1601861138E+01

CP# 12     Coords =  1.12414947085981E+00  6.49544489395611E+00 -1.55200790980427E+00
           Type = (3,-3) NACP h12
           Rho =  4.3883070595E-01     Rho at Nucleus =  4.3526141967E-01
           GradRho =  6.3317406873E-16 -3.4737837606E-15 -2.7798943703E-16
           HessRho_EigVals = -9.0043173746E+00 -9.0013401067E+00 -8.2449672706E+00
           HessRho_EigVec1 = -3.6342307047E-01  3.6393623829E-01  8.5759785815E-01
           HessRho_EigVec2 =  4.8928276865E-01  8.5792609719E-01 -1.5673284296E-01
           HessRho_EigVec3 =  7.9279634469E-01 -3.6264752339E-01  4.8985786676E-01
           DelSqRho = -2.6250624752E+01
           Bond Ellipticity = NA
           V = -6.5747468265E+00
           G =  6.0453192523E-03
           K =  6.5687015072E+00
           L =  6.5626561880E+00
           Vnuc =  4.6196600895E+01
           Ven = -2.0272486983E+01
           Vrep =  1.3697740157E+01
           DelSqV =  1.7085452295E+03
           DelSqVen =  1.2126896349E+03
           DelSqVrep =  4.9585559457E+02
           DelSqG =  1.3134136544E+02
           DelSqK = -1.8398865949E+03
           Stress_EigVals = -2.2559432708E+00 -2.2556959912E+00 -2.0631075645E+00
           Stress_EigVec1 =  4.6628495991E-01  8.7849741988E-01 -1.0402220639E-01
           Stress_EigVec2 = -3.9337889276E-01  3.1123106376E-01  8.6509437155E-01
           Stress_EigVec3 =  7.9235811531E-01 -3.6246035398E-01  4.9070470641E-01
           -DivStress = -1.2746195977E+01  5.8312605566E+00 -7.9050482471E+00
           ESP =  -1.0643772390E+00     ESP at Nucleus =  -1.0657437512E+00
           ESPe = -1.2728872086E+01     ESPe at Nucleus = -1.2662240388E+01
           ESPn =  1.1664494847E+01     ESPn at Nucleus =  1.1596496637E+01

CP# 13     Coords =  4.15143839563028E+00  4.83701329765828E+00 -1.63610355171805E+00
           Type = (3,-3) NACP h13
           Rho =  4.3826235008E-01     Rho at Nucleus =  4.3472141613E-01
           GradRho = -1.5460462771E-11  9.9838332046E-12  1.1648108693E-11
           HessRho_EigVals = -8.9930807118E+00 -8.9903386509E+00 -8.2391821228E+00
           HessRho_EigVec1 = -5.5023179360E-01  1.0988986070E-01 -8.2774947407E-01
           HessRho_EigVec2 =  4.3905940495E-01  8.8127778420E-01 -1.7486081896E-01
           HessRho_EigVec3 =  7.1026179135E-01 -4.5964517358E-01 -5.3315523271E-01
           DelSqRho = -2.6222601485E+01
           Bond Ellipticity = NA
           V = -6.5678353527E+00
           G =  6.0924906673E-03
           K =  6.5617428620E+00
           L =  6.5556503714E+00
           Vnuc =  4.6884302069E+01
           Ven = -2.0547624406E+01
           Vrep =  1.3979789054E+01
           DelSqV =  1.7071201055E+03
           DelSqVen =  1.2294283691E+03
           DelSqVrep =  4.7769173638E+02
           DelSqG =  1.3123010089E+02
           DelSqK = -1.8383502064E+03
           Stress_EigVals = -2.2531680194E+00 -2.2529158193E+00 -2.0617515140E+00
           Stress_EigVec1 =  5.2974350240E-01  8.4779636542E-01 -2.4761753632E-02
           Stress_EigVec2 =  4.6400957825E-01 -2.6524977672E-01  8.4518498995E-01
           Stress_EigVec3 =  7.0997671297E-01 -4.5922094762E-01 -5.3389997969E-01
           -DivStress =  1.1370833598E+01 -7.3392465735E+00 -8.5713017471E+00
           ESP =  -1.0656097087E+00     ESP at Nucleus =  -1.0669941841E+00
           ESPe = -1.3296003758E+01     ESPe at Nucleus = -1.3233765083E+01
           ESPn =  1.2230394049E+01     ESPn at Nucleus =  1.2166770899E+01

CP# 14     Coords =  5.01579512959122E+00  5.03489042712406E+00  3.30169422070839E+00
           Type = (3,-3) NACP c14
           Rho =  1.2256369489E+02     Rho at Nucleus =  1.2256369310E+02
           GradRho =  1.0615863744E-10 -4.2139625123E-11 -1.6856960272E-11
           HessRho_EigVals = -3.2407722966E+05 -3.2407722113E+05 -3.2407344196E+05
           HessRho_EigVec1 =  3.4190702026E-01 -4.4825905082E-01 -8.2593184516E-01
           HessRho_EigVec2 =  5.4313272601E-01  8.1149797108E-01 -2.1558730220E-01
           HessRho_EigVec3 =  7.6688097605E-01 -3.7487980246E-01  5.2092101347E-01
           DelSqRho = -9.7222789275E+05
           Bond Ellipticity = NA
           V = -2.4307456812E+05
           G =  8.7974680139E+00
           K =  2.4306577066E+05
           L =  2.4305697319E+05
           Vnuc =  1.8025011636E+06
           Ven = -2.2092120266E+08
           Vrep =  2.2067812809E+08
           DelSqV =  2.3846567579E+10
           DelSqVen =  1.7524419041E+12
           DelSqVrep = -1.7285953365E+12
           DelSqG =  6.4281160615E+08
           DelSqK = -2.4489379185E+10
           Stress_EigVals = -8.1025962757E+04 -8.1024304318E+04 -8.1024301048E+04
           Stress_EigVec1 =  7.6905002593E-01 -3.7522615303E-01  5.1746245439E-01
           Stress_EigVec2 =  4.4667473583E-01  8.9456779894E-01 -1.5170150575E-02
           Stress_EigVec3 = -4.5721301162E-01  2.4280400981E-01  8.5557143175E-01
           -DivStress =  2.0410560156E+04 -1.0024950277E+04  1.2866546462E+04
           ESP =  -1.4738644228E+01     ESP at Nucleus =  -1.4738644274E+01
           ESPe = -2.7090973629E+01     ESPe at Nucleus = -2.7090973994E+01
           ESPn =  1.2352329401E+01     ESPn at Nucleus =  1.2352329720E+01

CP# 15     Coords =  1.49263772890827E+00  6.95772604093294E+00  3.02222318497285E+00
           Type = (3,-3) NACP h15
           Rho =  4.3523833995E-01     Rho at Nucleus =  4.3163990238E-01
           GradRho =  4.7006212074E-11 -3.0783516361E-11 -3.5587702923E-11
           HessRho_EigVals = -8.9393782845E+00 -8.9349834474E+00 -8.1767898042E+00
           HessRho_EigVec1 = -5.1973108944E-01  1.7540643739E-01 -8.3612928210E-01
           HessRho_EigVec2 =  4.8051568076E-01  8.6923606634E-01 -1.1633289097E-01
           HessRho_EigVec3 =  7.0638819017E-01 -4.6223505135E-01 -5.3605455141E-01
           DelSqRho = -2.6051151536E+01
           Bond Ellipticity = NA
           V = -6.5250549025E+00
           G =  6.1335092440E-03
           K =  6.5189213933E+00
           L =  6.5127878840E+00
           Vnuc =  4.6759159753E+01
           Ven = -2.0351379068E+01
           Vrep =  1.3826324166E+01
           DelSqV =  1.6950778799E+03
           DelSqVen =  1.2181299566E+03
           DelSqVrep =  4.7694792335E+02
           DelSqG =  1.3043170655E+02
           DelSqK = -1.8255095865E+03
           Stress_EigVals = -2.2400450536E+00 -2.2388745117E+00 -2.0461353372E+00
           Stress_EigVec1 =  4.7631782891E-01  8.7056255364E-01 -1.2345916759E-01
           Stress_EigVec2 =  5.2379958276E-01 -1.6816375592E-01  8.3507780973E-01
           Stress_EigVec3 =  7.0622611320E-01 -4.6243030978E-01 -5.3609969748E-01
           -DivStress = -1.1379948419E+01  7.4541786415E+00  8.6093765073E+00
           ESP =  -1.0548037143E+00     ESP at Nucleus =  -1.0561653309E+00
           ESPe = -1.3555399493E+01     ESPe at Nucleus = -1.3484058795E+01
           ESPn =  1.2500595778E+01     ESPn at Nucleus =  1.2427893464E+01

CP# 16     Coords =  6.68663026178564E+00  4.20688928836243E+00  4.41210479235205E+00
           Type = (3,-3) NACP n16
           Rho =  1.9936647472E+02     Rho at Nucleus =  1.9936646124E+02
           GradRho = -8.6727069970E-11  2.6105340112E-10 -1.5090784178E-10
           HessRho_EigVals = -7.4213470603E+05 -7.4213404262E+05 -7.4211948394E+05
           HessRho_EigVec1 =  3.9572117742E-01 -3.3568860849E-01 -8.5482039509E-01
           HessRho_EigVec2 =  4.9448151918E-01  8.6223877264E-01 -1.0969196025E-01
           HessRho_EigVec3 =  7.7388162980E-01 -3.7928545593E-01  5.0719795542E-01
           DelSqRho = -2.2263882326E+06
           Bond Ellipticity = NA
           V = -5.5664955504E+05
           G =  2.6248445247E+01
           K =  5.5662330659E+05
           L =  5.5659705815E+05
           Vnuc =  1.1616143619E+06
           Ven = -2.3158696031E+08
           Vrep =  2.3103031075E+08
           DelSqV =  7.9260994106E+10
           DelSqVen =  2.5862045473E+12
           DelSqVrep = -2.5069435540E+12
           DelSqG =  2.0724445189E+09
           DelSqK = -8.1333438625E+10
