AIMSum (Version 19.02.13, Professional)
Copyright (c) 1997-2019 by Todd A. Keith
AIMSum is a component of the AIMAll package ( http://aim.tkgristmill.com )

TP:  64-bit Linux

Much of the Quantum Theory of Atoms in Molecules (QTAIM) is described in the book:
  "Atoms in Molecules - A Quantum Theory"
  R.F.W. Bader, Oxford University Press, Oxford, 1990

For additional references see:  http://aim.tkgristmill.com/references.html

Wfn File:  /home/mhennefarth/Documents/DielsAlder/DielsAlder_QTAIM/reactionC/reactC_endol10MVc/reactC_endol10MVc.wfn
Sum File:  /home/mhennefarth/Documents/DielsAlder/DielsAlder_QTAIM/reactionC/reactC_endol10MVc/reactC_endol10MVc.sum

SumViz File:  /home/mhennefarth/Documents/DielsAlder/DielsAlder_QTAIM/reactionC/reactC_endol10MVc/reactC_endol10MVc.sumviz

Wfn Title:  SCF/DFT density                                                                
 
Total memory allocated for AIMSum =        0.993 Megabytes

Atomic units (a.u.) used throughout, except where stated otherwise

Model:  Restricted SCF
 
Restricted, closed-shell, single-determinant wavefunction.
  Number of electrons (from MO Occs)                   =          64.0000000000
  Number of Alpha electrons (from MO Occs)             =          32.0000000000
  Number of Beta electrons (from MO Occs)              =          32.0000000000
  Number of electron pairs (N*(N-1)/2)                 =        2016.0000000000
  Number of electron pairs (from Muller 2EDM)          =        2016.0000000000
 
Nuclear Charges and Cartesian Coordinates:
-------------------------------------------------------------------------------
Atom      Charge                X                  Y                  Z
-------------------------------------------------------------------------------
c1         6.0          -3.2798324000E-01   5.9139738000E-01  -2.6985908000E-01
c2         6.0          -1.6121469300E+00   1.5156052600E+00   1.7088497700E+00
c3         6.0          -3.3492066000E-01   7.6431047000E-01   4.0518927500E+00
c4         6.0           1.7155717500E+00  -6.0888342000E-01   3.4781892700E+00
c5         6.0           1.9150838700E+00  -8.6629940000E-01   6.6521395000E-01
c6         6.0           4.0550268100E+00   5.3341776300E+00   1.0096494000E-01
c7         6.0           3.6836326800E+00   5.5972433800E+00   2.5672322400E+00
h8         1.0           3.0464565800E+00  -1.4228378100E+00   4.7956004500E+00
h9         1.0          -7.8986392000E-01   8.3343370000E-01  -2.2445186700E+00
h10        1.0          -9.6100673000E-01   1.2872836100E+00   5.9250661100E+00
h11        1.0          -3.2975288300E+00   2.6670570100E+00   1.6352245100E+00
h12        1.0           2.5954554100E+00   5.7980143300E+00  -1.2535897900E+00
h13        1.0           5.8478912300E+00   4.6550983800E+00  -6.0983676000E-01
h14        1.0           5.1242802300E+00   5.1522810800E+00   3.9490397500E+00
c15        6.0           1.3330033400E+00   6.5154117900E+00   3.5515020200E+00
h16        1.0           3.6952080400E+00  -9.1762850000E-02  -5.3843120000E-02
h17        1.0           1.8585003800E+00  -2.8472721300E+00   6.3740140000E-02
n18        7.0          -5.4585480000E-01   7.2456651400E+00   4.3538592800E+00
 
Some Atomic Properties:
----------------------
  q(A) = Net Charge of Atom A
  L(A) = Lagrangian of Atom A = -(1/4) Times Atomic Integral of the Laplacian of the Electron Density
  K(A) = Electronic Kinetic Energy of Atom A (Hamiltonian Form)
  K_Scaled(A) = K(A) * E(Mol)/K(Mol) = Approximation to Virial-Based Total Energy of Atom A.
  |Mu_Intra(A)| = Magnitude of Intraatomic Dipole Moment of Atom A
--------------------------------------------------------------------------------------------------
Atom A          q(A)              L(A)              K(A)          K_Scaled(A)      |Mu_Intra(A)|
--------------------------------------------------------------------------------------------------
c1       -7.5319082000E-02 -6.8479158271E-05  3.7907796609E+01 -3.8099484964E+01  1.8424793039E-01
c2       -5.0339823800E-02 -2.6541305249E-05  3.7906617229E+01 -3.8098299620E+01  1.7683458097E-01
c3       -5.2251206800E-02  3.7989783268E-04  3.7908148139E+01 -3.8099838271E+01  1.7428267242E-01
c4       -7.1367151400E-02  6.9821646172E-05  3.7906931233E+01 -3.8098615212E+01  1.8827967949E-01
c5       -9.1673623000E-03  5.4428933347E-05  3.7860403126E+01 -3.8051851826E+01  1.4462284122E-01
c6        1.1581016000E-03 -8.7765756223E-05  3.7853104536E+01 -3.8044516330E+01  1.7277007505E-01
c7        5.9740511400E-02  8.4017923399E-05  3.7830491057E+01 -3.8021788501E+01  3.1251017167E-01
h8        4.4422826580E-02  2.0713729988E-05  5.9728552159E-01 -6.0030581528E-01  1.4126491272E-01
h9        3.8353684830E-02  2.0472092540E-05  5.9929657810E-01 -6.0232704111E-01  1.4316118316E-01
h10       5.3812366310E-02  2.1997360434E-05  5.9420771891E-01 -5.9721244909E-01  1.3701068404E-01
h11       5.2514291970E-02  1.4765827668E-05  5.9506820927E-01 -5.9807729068E-01  1.3753549959E-01
h12       7.2754905550E-02  2.1962443870E-05  5.8766242280E-01 -5.9063405538E-01  1.3471961828E-01
h13       6.7559706000E-02  2.8274236782E-05  5.9057688381E-01 -5.9356325393E-01  1.3322579295E-01
h14       9.9180582130E-02  2.2263248054E-05  5.7853508680E-01 -5.8146056518E-01  1.3017054560E-01
c15       9.8173611080E-01  1.6254625573E-04  3.7362640614E+01 -3.7551572279E+01  1.0436297764E+00
h16       3.9670469190E-02  1.9944817986E-05  5.9593788968E-01 -5.9895136881E-01  1.4406148269E-01
h17       3.6510627930E-02  2.3297818756E-05  5.9752859833E-01 -6.0055012119E-01  1.4625435586E-01
n18      -1.2884998026E+00  1.7247171452E-05  5.5206092900E+01 -5.5485253550E+01  6.1930989141E-01
--------------------------------------------------------------------------------------------------
Total     4.6975539000E-04  7.7886511912E-04  3.6307832435E+02 -3.6491430251E+02
 
1st Largest |L(A)| = 3.7989783268E-04, atom c3      
2nd Largest |L(A)| = 1.6254625573E-04, atom c15     
 
Molecular charge q(Mol) from the wfn file:   0.0000000000E+00
Molecular energy E(Mol) from the wfn file:  -3.6491399785E+02
Molecular virial ratio (-V(Mol)/T(Mol)) from the wfn file:   2.0050567000E+00
Note.  K_Scaled(A) = (1+V(Mol)/T(Mol))*K(A) = (E(Mol)/T(Mol))*K(A)
       Only use K_Scaled(A) data with caution.
 
N_AIMInt(SumA)     =         63.999530
N_Analytic(Mol)    =         63.999992
 
G_AIMInt(SumA)     =        363.077545
G_Analytic(Mol)    =        363.077992
 
K_AIMInt(SumA)     =        363.078324
K_Analytic(Mol)    =        363.077992
 
L_AIMInt(SumA)     =          0.000779
L_Analytic(Mol)    =          0.000000
 
VenT_AIMInt(SumA)  =      -1624.125962
VenT_Analytic(Mol) =      -1624.130012
 
Some Information About the Atomic Calculations:
----------------------------------------------
  Time(sec) = "Elapsed User Time", in Seconds, for Atom A by AIMInt and, if used, by TWOe
  NProc = Number of Processors Used for AIMInt Job
  BIM = Basin Integration Method
  OAQ = Angular Quadrature Outside of Beta Sphere
  ORQ = Multiple of Default for Radial Quadrature Outside of Beta Sphere
  IAQ = Multiple of Default for Angular Quadrature Inside of Beta Sphere
  IRQ = Multiple of Default for Radial Quadrature Inside of Beta Sphere
  MIR = Maximum Integration Radius
------------------------------------------------------------------------------------------------------
Atom A     Time(sec)   NProc      BIM          OAQ                     ORQ      IAQ      IRQ      MIR
------------------------------------------------------------------------------------------------------
c1             45        8     Proaim(5)    4500(GS4)                  1.00     1.00     1.00    13.00
c2             49        8     Proaim(5)    4500(GS4)                  1.00     1.00     1.00    13.00
c3            145        8    Promega(1)    4500(GS4)                  1.00     1.00     1.00    13.00
c4             41        8     Proaim(5)    4500(GS4)                  1.00     1.00     1.00    13.00
c5             40        8     Proaim(5)    4500(GS4)                  1.00     1.00     1.00    13.00
c6             50        8     Proaim(5)    4500(GS4)                  1.00     1.00     1.00    13.00
c7            469        8    Promega(5)    4500(GS4)                  1.00     1.00     1.00    13.00
h8              9        8     Proaim(5)    1800(GS4)                  1.00     1.00     1.00    13.00
h9              9        8     Proaim(5)    1800(GS4)                  1.00     1.00     1.00    13.00
h10            10        8     Proaim(5)    1800(GS4)                  1.00     1.00     1.00    13.00
h11            11        8     Proaim(5)    1800(GS4)                  1.00     1.00     1.00    13.00
h12            11        8     Proaim(5)    1800(GS4)                  1.00     1.00     1.00    13.00
h13             9        8     Proaim(5)    1800(GS4)                  1.00     1.00     1.00    13.00
h14            10        8     Proaim(5)    1800(GS4)                  1.00     1.00     1.00    13.00
c15           129        8    Promega(1)    4500(GS4)                  1.00     1.00     1.00    13.00
h16            22        8     Proaim(5)    4500(GS4)                  1.00     1.00     1.00    13.00
h17            10        8     Proaim(5)    1800(GS4)                  1.00     1.00     1.00    13.00
n18            23        8     Proaim(5)    2700(GS4)                  1.00     1.00     1.00    13.00
------------------------------------------------------------------------------------------------------
Total        1092
Note:  Total wall clock time is less than total of atomic times if more than one atom
       was calculated at a time
 
Electron Density Critical Point Analysis of Molecular Structure:               
---------------------------------------------------------------                
  NACP = Nuclear Attractor Critical Point                                      
  NNACP = Non-Nuclear Attractor Critical Point                                 
  BCP = Bond Critical Point                                                    
  RCP = Ring Critical Point                                                    
  CCP = Cage Critical Point                                                    
  Rho = Electron Density                                                       
  GradRho = Gradient of Electron Density                                       
  HessRho_EigVals = Eigenvalues of the Hessian of Rho, Ascending Order         
  HessRho_EigVecs = Eigenvectors of the Hessian of Rho                         
  DelSqRho = Laplacian of Rho = Trace of Hessian of Rho                        
  Bond Ellipticity = (HessRho_EigVal(1) / HessRho_EigVal(2)) - 1               
  V = Virial Field = Potential Energy Density = Trace of Stress Tensor         
  G = Lagrangian Form of Kinetic Energy Density                                
  K = Hamiltonian Form of Kinetic Energy Density                               
  L = K - G = Lagrangian Density = (-1/4)DelSqRho                              
  Vnuc = Electrostatic Potential from Nuclei                                   
  Ven = Electron-nuclear attractive contribution to Virial Field V             
  Vrep = V - Ven = Repulsive contribution to Virial Field V                    
  DelSqV = Laplacian of V                                                      
  DelSqVen = Laplacian of Ven                                                  
  DelSqVrep = Laplacian of Vrep                                                
  DelSqG = Laplacian of G                                                      
  DelSqK = Laplacian of K                                                      
  Stress_EigVals = Eigenvalues of Stress Tensor, Ascending Order               
  Stress_EigVecs = Eigenvectors of Stress Tensor                               
  -DivStress = Ehrenfest Force Density = Minus Divergence of Stress Tensor     
  ESP = Total Electrostatic Potential                                          
  ESPe = Electrostatic Potential from Electrons                                
  ESPn = Electrostatic Potential from Nuclei                                   
  BP = Bond Path                                                               
  BPL = Bond Path Length                                                       
  GBL = Geometric Bond Length                                                  
  GBL_I = Distance Between Nuclear Attractors                                  
  GBL_II = Distance Between Nuclei                                             
  GBL_III = Sum of Distances Between BCP and Nuclear Attractors                
  GBL_IV = Sum of Distances Between BCP and Nuclei                             

CP# 1      Coords = -3.27982169990633E-01  5.91396640279848E-01 -2.69859794556127E-01
           Type = (3,-3) NACP c1
           Rho =  1.2218258904E+02     Rho at Nucleus =  1.2218258869E+02
           GradRho =  6.2491096742E-09 -4.3388104221E-09 -4.1616496915E-09
           HessRho_EigVals = -3.2298401656E+05 -3.2298250844E+05 -3.2298126822E+05
           HessRho_EigVec1 =  5.5616525295E-01  8.3045723324E-01 -3.1953015082E-02
           HessRho_EigVec2 =  7.0094298616E-01 -4.4807805885E-01  5.5489186634E-01
           HessRho_EigVec3 = -4.4649651910E-01  3.3100881701E-01  8.3130861988E-01
           DelSqRho = -9.6894779321E+05
           Bond Ellipticity = NA
           V = -2.4225433636E+05
           G =  8.6940298360E+00
           K =  2.4224564233E+05
           L =  2.4223694830E+05
           Vnuc =  4.0427351332E+06
           Ven = -4.9395184540E+08
           Vrep =  4.9370959106E+08
           DelSqV =  2.3766068921E+10
           DelSqVen =  3.9171992863E+12
           DelSqVrep = -3.8934332174E+12
           DelSqG =  6.4046521916E+08
           DelSqK = -2.4406534141E+10
           Stress_EigVals = -8.0751912570E+04 -8.0751525229E+04 -8.0750898564E+04
           Stress_EigVec1 = -3.8855356249E-01  2.9367002139E-01  8.7337508987E-01
           Stress_EigVec2 =  7.3519941199E-01 -4.7255550339E-01  4.8597646118E-01
           Stress_EigVec3 =  5.5543492299E-01  8.3093273780E-01 -3.2292902729E-02
           -DivStress = -8.3702579133E+03  5.7863288977E+03  5.5931298583E+03
           ESP =  -1.4772080382E+01     ESP at Nucleus =  -1.4772080393E+01
           ESPe = -2.7432972385E+01     ESPe at Nucleus = -2.7432973222E+01
           ESPn =  1.2660892003E+01     ESPn at Nucleus =  1.2660892829E+01

CP# 2      Coords = -1.61214721322066E+00  1.51560544809833E+00  1.70885093404802E+00
           Type = (3,-3) NACP c2
           Rho =  1.2220178028E+02     Rho at Nucleus =  1.2220178004E+02
           GradRho = -1.1218710405E-09  7.3667738576E-10  4.5102825919E-09
           HessRho_EigVals = -3.2303890243E+05 -3.2303686703E+05 -3.2303581864E+05
           HessRho_EigVec1 =  5.5969548806E-01  8.2811458777E-01 -3.1099681125E-02
           HessRho_EigVec2 =  5.6135454880E-01 -3.5126013742E-01  7.4933129282E-01
           HessRho_EigVec3 = -6.0960809639E-01  4.3685529112E-01  6.6146460482E-01
           DelSqRho = -9.6911158810E+05
           Bond Ellipticity = NA
           V = -2.4229528418E+05
           G =  8.6935762690E+00
           K =  2.4228659060E+05
           L =  2.4227789703E+05
           Vnuc =  4.9477153574E+06
           Ven = -6.0461962499E+08
           Vrep =  6.0437732971E+08
           DelSqV =  2.3770087886E+10
           DelSqVen =  4.7948884869E+12
           DelSqVrep = -4.7711183990E+12
           DelSqG =  6.4058139401E+08
           DelSqK = -2.4410669280E+10
           Stress_EigVals = -8.0765572735E+04 -8.0765238814E+04 -8.0764472629E+04
           Stress_EigVec1 = -6.3750885225E-01  4.5289203046E-01  6.2327463613E-01
           Stress_EigVec2 =  5.3141846960E-01 -3.2725050189E-01  7.8134596639E-01
           Stress_EigVec3 =  5.5783229870E-01  8.2933462351E-01 -3.2050097865E-02
           -DivStress =  2.2190079984E+03 -1.4741020576E+03 -9.1090905078E+03
           ESP =  -1.4777095522E+01     ESP at Nucleus =  -1.4777095529E+01
           ESPe = -2.7753195474E+01     ESPe at Nucleus = -2.7753195909E+01
           ESPn =  1.2976099952E+01     ESPn at Nucleus =  1.2976100380E+01

CP# 3      Coords = -3.34921695591597E-01  7.64311123940040E-01  4.05189255738513E+00
           Type = (3,-3) NACP c3
           Rho =  1.2220224222E+02     Rho at Nucleus =  1.2220224197E+02
           GradRho = -4.2235037689E-09  2.6586315371E-09 -6.6223204698E-10
           HessRho_EigVals = -3.2304094613E+05 -3.2303891552E+05 -3.2303785595E+05
           HessRho_EigVec1 =  5.5494439509E-01  8.3085380719E-01 -4.1456838126E-02
           HessRho_EigVec2 =  3.4667683952E-01 -1.8567644480E-01  9.1942342084E-01
           HessRho_EigVec3 =  7.5620889131E-01 -5.2460099973E-01 -3.9107787432E-01
           DelSqRho = -9.6911771760E+05
           Bond Ellipticity = NA
           V = -2.4229680838E+05
           G =  8.6894886730E+00
           K =  2.4228811889E+05
           L =  2.4227942940E+05
           Vnuc =  4.8393709957E+06
           Ven = -5.9138198661E+08
           Vrep =  5.9113968980E+08
           DelSqV =  2.3770239351E+10
           DelSqVen =  4.6899204588E+12
           DelSqVrep = -4.6661502194E+12
           DelSqG =  6.4058707307E+08
           DelSqK = -2.4410826424E+10
           Stress_EigVals = -8.0766082415E+04 -8.0765745890E+04 -8.0764980071E+04
           Stress_EigVec1 =  7.3970554141E-01 -5.1285817851E-01 -4.3567442056E-01
           Stress_EigVec2 =  3.8192650016E-01 -2.1309017540E-01  8.9929123515E-01
           Stress_EigVec3 =  5.5404680351E-01  8.3160631664E-01 -3.8250145631E-02
           -DivStress =  8.1049371918E+03 -5.1183075218E+03  1.5040943342E+03
           ESP =  -1.4775044163E+01     ESP at Nucleus =  -1.4775044170E+01
           ESPe = -2.7728899909E+01     ESPe at Nucleus = -2.7728900331E+01
           ESPn =  1.2953855745E+01     ESPn at Nucleus =  1.2953856162E+01

CP# 4      Coords =  1.71557270250381E+00 -6.08884079833522E-01  3.47818836630551E+00
           Type = (3,-3) NACP c4
           Rho =  1.2218522133E+02     Rho at Nucleus =  1.2218522099E+02
           GradRho =  5.4853859233E-09 -3.7739273928E-09 -5.2117052896E-09
           HessRho_EigVals = -3.2299213809E+05 -3.2299054905E+05 -3.2298931624E+05
           HessRho_EigVec1 =  5.5006902603E-01  8.3428845347E-01 -3.7240341261E-02
           HessRho_EigVec2 =  1.2604734895E-01 -3.8859192751E-02  9.9126284555E-01
           HessRho_EigVec3 =  8.2555201679E-01 -5.4995703428E-01 -1.2653508613E-01
           DelSqRho = -9.6897200338E+05
           Bond Ellipticity = NA
           V = -2.4226038418E+05
           G =  8.6916661284E+00
           K =  2.4225169251E+05
           L =  2.4224300085E+05
           Vnuc =  4.0831500748E+06
           Ven = -4.9890059563E+08
           Vrep =  4.9865833525E+08
           DelSqV =  2.3766663911E+10
           DelSqVen =  3.9564580700E+12
           DelSqVrep = -3.9326914102E+12
           DelSqG =  6.4048348978E+08
           DelSqK = -2.4407147401E+10
           Stress_EigVals = -8.0753935144E+04 -8.0753547227E+04 -8.0752901806E+04
           Stress_EigVec1 =  8.3233095514E-01 -5.5223121375E-01 -4.7601131083E-02
           Stress_EigVec2 =  5.9567090099E-02  3.7362246418E-03  9.9821731221E-01
           Stress_EigVec3 =  5.5106890939E-01  8.3368262977E-01 -3.6004581890E-02
           -DivStress = -7.4537365316E+03  5.1631530334E+03  7.0678515626E+03
           ESP =  -1.4769764008E+01     ESP at Nucleus =  -1.4769764018E+01
           ESPe = -2.7372964827E+01     ESPe at Nucleus = -2.7372965571E+01
           ESPn =  1.2603200819E+01     ESPn at Nucleus =  1.2603201553E+01

CP# 5      Coords =  1.91508370133160E+00 -8.66299355479238E-01  6.65214026115950E-01
           Type = (3,-3) NACP c5
           Rho =  1.2199602346E+02     Rho at Nucleus =  1.2199602346E+02
           GradRho = -2.0302870496E-11  8.0455642149E-12 -4.3054448895E-12
           HessRho_EigVals = -3.2245723768E+05 -3.2245687415E+05 -3.2245652022E+05
           HessRho_EigVec1 =  4.6877118444E-01 -2.7695790408E-01  8.3877762011E-01
           HessRho_EigVec2 =  4.9496804563E-01  8.6885056660E-01  1.0262880972E-02
           HessRho_EigVec3 =  7.3161479649E-01 -4.1035717648E-01 -5.4437742171E-01
           DelSqRho = -9.6737063205E+05
           Bond Ellipticity = NA
           V = -2.4186018616E+05
           G =  8.7640759965E+00
           K =  2.4185142209E+05
           L =  2.4184265801E+05
           Vnuc =  3.1524531079E+07
           Ven = -3.8458674331E+09
           Vrep =  3.8456255729E+09
           DelSqV =  2.3727394019E+10
           DelSqVen =  3.0495937135E+13
           DelSqVrep = -3.0472218129E+13
           DelSqG =  6.3935392737E+08
           DelSqK = -2.4366747946E+10
           Stress_EigVals = -8.0620165003E+04 -8.0620061792E+04 -8.0619959368E+04
           Stress_EigVec1 =  7.2921335256E-01 -4.1686896396E-01 -5.4264919914E-01
           Stress_EigVec2 =  5.0123561702E-01  8.6526553072E-01  8.8553698748E-03
           Stress_EigVec3 =  4.6584411843E-01 -2.7845256011E-01  8.3991275088E-01
           -DivStress =  1.3165206719E+03 -3.4750296420E+02 -5.9394307076E+02
           ESP =  -1.4755282428E+01     ESP at Nucleus =  -1.4755282426E+01
           ESPe = -2.7178416527E+01     ESPe at Nucleus = -2.7178416274E+01
           ESPn =  1.2423134099E+01     ESPn at Nucleus =  1.2423133848E+01

CP# 6      Coords =  4.05502693433591E+00  5.33417747729533E+00  1.00964583927741E-01
           Type = (3,-3) NACP c6
           Rho =  1.2223050758E+02     Rho at Nucleus =  1.2223050756E+02
           GradRho = -3.5187852632E-11  7.1802119805E-11 -1.5677592557E-10
           HessRho_EigVals = -3.2311700263E+05 -3.2311375989E+05 -3.2311322186E+05
           HessRho_EigVec1 =  3.4236366755E-01  9.3824452868E-01 -4.9842988996E-02
           HessRho_EigVec2 =  9.3038787017E-01 -3.3114402278E-01  1.5723246234E-01
           HessRho_EigVec3 = -1.3101728964E-01  1.0020399484E-01  9.8630301086E-01
           DelSqRho = -9.6934398438E+05
           Bond Ellipticity = NA
           V = -2.4235331702E+05
           G =  8.6604634967E+00
           K =  2.4234465656E+05
           L =  2.4233599610E+05
           Vnuc =  1.4745738844E+07
           Ven = -1.8023791436E+09
           Vrep =  1.8021367903E+09
           DelSqV =  2.3775778448E+10
           DelSqVen =  1.4293688910E+13
           DelSqVrep = -1.4269913131E+13
           DelSqG =  6.4073889852E+08
           DelSqK = -2.4416517346E+10
           Stress_EigVals = -8.0784936176E+04 -8.0784727345E+04 -8.0783653502E+04
           Stress_EigVec1 = -1.4352892323E-01  1.0203767638E-01  9.8437175945E-01
           Stress_EigVec2 =  9.2923533089E-01 -3.2830525696E-01  1.6952096648E-01
           Stress_EigVec3 =  3.4047194895E-01  9.3904417939E-01 -4.7695713947E-02
           -DivStress = -9.7375295205E+02  1.1959682539E+03  2.7894748705E+03
           ESP =  -1.4725791051E+01     ESP at Nucleus =  -1.4725791055E+01
           ESPe = -2.5866686910E+01     ESPe at Nucleus = -2.5866687395E+01
           ESPn =  1.1140895859E+01     ESPn at Nucleus =  1.1140896340E+01

CP# 7      Coords =  3.68363009554899E+00  5.59724441850998E+00  2.56723410415489E+00
           Type = (3,-3) NACP c7
           Rho =  1.2213332841E+02     Rho at Nucleus =  1.2213332660E+02
           GradRho =  3.5760949757E-11 -8.9463547681E-11 -1.5355938743E-11
           HessRho_EigVals = -3.2285318320E+05 -3.2285267967E+05 -3.2285056906E+05
           HessRho_EigVec1 =  2.8554904209E-01  9.5772475883E-01 -3.5000441155E-02
           HessRho_EigVec2 =  9.3604987267E-01 -2.8654938852E-01 -2.0420598377E-01
           HessRho_EigVec3 =  2.0560248157E-01 -2.5548664570E-02  9.7830204196E-01
           DelSqRho = -9.6855643193E+05
           Bond Ellipticity = NA
           V = -2.4215667190E+05
           G =  8.7819572944E+00
           K =  2.4214788994E+05
           L =  2.4213910798E+05
           Vnuc =  1.7902226899E+06
           Ven = -2.1864585573E+08
           Vrep =  2.1840369905E+08
           DelSqV =  2.3756494314E+10
           DelSqVen =  1.7339316977E+12
           DelSqVrep = -1.7101752036E+12
           DelSqG =  6.4020529028E+08
           DelSqK = -2.4396699604E+10
           Stress_EigVals = -8.0719448536E+04 -8.0718787565E+04 -8.0718435795E+04
           Stress_EigVec1 =  1.9071793037E-01 -1.6538237672E-02  9.8150555665E-01
           Stress_EigVec2 =  9.2846446875E-01 -3.2159114954E-01 -1.8583019885E-01
           Stress_EigVec3 =  3.1871680424E-01  9.4673418615E-01 -4.5978032411E-02
           -DivStress =  2.0208058091E+04 -8.1192370422E+03 -1.4578421530E+04
           ESP =  -1.4709159257E+01     ESP at Nucleus =  -1.4709159283E+01
           ESPe = -2.6992925037E+01     ESPe at Nucleus = -2.6992923854E+01
           ESPn =  1.2283765780E+01     ESPn at Nucleus =  1.2283764572E+01

CP# 8      Coords =  3.02803874521461E+00 -1.41165753360056E+00  4.77707660130656E+00
           Type = (3,-3) NACP h8
           Rho =  4.3932444447E-01     Rho at Nucleus =  4.3588331943E-01
           GradRho = -2.3579402320E-13  1.4231660555E-13 -2.3933459381E-13
           HessRho_EigVals = -9.0079401859E+00 -9.0026481256E+00 -8.2667194219E+00
           HessRho_EigVec1 = -5.2449865162E-01  3.8909059751E-01  7.5730421323E-01
           HessRho_EigVec2 =  5.5213504833E-01  8.3252126666E-01 -4.5334633199E-02
           HessRho_EigVec3 =  6.4811114236E-01 -3.9435624439E-01  6.5148683767E-01
           DelSqRho = -2.6277307733E+01
           Bond Ellipticity = NA
           V = -6.5827382183E+00
           G =  6.7056424477E-03
           K =  6.5760325758E+00
           L =  6.5693269334E+00
           Vnuc =  4.7163745246E+01
           Ven = -2.0720186179E+01
           Vrep =  1.4137447961E+01
           DelSqV =  1.7120887297E+03
           DelSqVen =  1.2393362477E+03
           DelSqVrep =  4.7275248207E+02
           DelSqG =  1.3147173947E+02
           DelSqK = -1.8435604692E+03
           Stress_EigVals = -2.2573750941E+00 -2.2567902729E+00 -2.0685728513E+00
           Stress_EigVec1 =  5.4481561528E-01  8.3782663673E-01 -3.4963869060E-02
           Stress_EigVec2 = -5.3146277076E-01  3.7724658642E-01  7.5844072697E-01
           Stress_EigVec3 =  6.4863184369E-01 -3.9462835659E-01  6.5080349686E-01
           -DivStress =  1.0246724293E+01 -6.2199637773E+00  1.0305649711E+01
           ESP =  -1.0969369846E+00     ESP at Nucleus =  -1.0982517872E+00
           ESPe = -1.3066606655E+01     ESPe at Nucleus = -1.2991996414E+01
           ESPn =  1.1969669671E+01     ESPn at Nucleus =  1.1893744627E+01

CP# 9      Coords = -7.83296952072305E-01  8.29911077074211E-01 -2.21726359810891E+00
           Type = (3,-3) NACP h9
           Rho =  4.3971593016E-01     Rho at Nucleus =  4.3630809310E-01
           GradRho =  2.7339241981E-15 -1.0165479569E-15  1.0688498697E-14
           HessRho_EigVals = -9.0184984177E+00 -9.0130412475E+00 -8.2816797823E+00
           HessRho_EigVec1 =  7.9928441645E-01 -5.4089201736E-01 -2.6187830605E-01
           HessRho_EigVec2 =  5.5427431376E-01  8.3191072345E-01 -2.6543046466E-02
           HessRho_EigVec3 =  2.3221629299E-01 -1.2393697497E-01  9.6473582887E-01
           DelSqRho = -2.6313219448E+01
           Bond Ellipticity = NA
           V = -6.5918513316E+00
           G =  6.7732348808E-03
           K =  6.5850780968E+00
           L =  6.5783048619E+00
           Vnuc =  4.7447591449E+01
           Ven = -2.0863461808E+01
           Vrep =  1.4271610476E+01
           DelSqV =  1.7149975554E+03
           DelSqVen =  1.2484988861E+03
           DelSqVrep =  4.6649866930E+02
           DelSqG =  1.3171305726E+02
           DelSqK = -1.8467106126E+03
           Stress_EigVals = -2.2600650407E+00 -2.2594516374E+00 -2.0723346535E+00
           Stress_EigVec1 =  5.5372275416E-01  8.3228569567E-01 -2.6298903262E-02
           Stress_EigVec2 =  7.9988969633E-01 -5.4041705582E-01 -2.6100934749E-01
           Stress_EigVec3 =  2.3144672222E-01 -1.2349059301E-01  9.6497797292E-01
           -DivStress = -3.6587551000E+00  1.9626466434E+00 -1.5184877250E+01
           ESP =  -1.1006455476E+00     ESP at Nucleus =  -1.1019806755E+00
           ESPe = -1.3156888471E+01     ESPe at Nucleus = -1.3082928516E+01
           ESPn =  1.2056242923E+01     ESPn at Nucleus =  1.1980947841E+01

CP# 10     Coords = -9.52413171720928E-01  1.27983558353127E+00  5.89878380591344E+00
           Type = (3,-3) NACP h10
           Rho =  4.3930867959E-01     Rho at Nucleus =  4.3581425038E-01
           GradRho =  1.4137996329E-15 -9.1593399532E-16 -4.1130293615E-15
           HessRho_EigVals = -9.0093867126E+00 -9.0049783979E+00 -8.2603255648E+00
           HessRho_EigVec1 = -7.4618257024E-01  5.3632008318E-01 -3.9442659678E-01
           HessRho_EigVec2 =  5.9402462767E-01  8.0385928615E-01 -3.0740686216E-02
           HessRho_EigVec3 = -3.0057663514E-01  2.5723727655E-01  9.1841312598E-01
           DelSqRho = -2.6274690675E+01
           Bond Ellipticity = NA
           V = -6.5812022224E+00
           G =  6.2647767768E-03
           K =  6.5749374456E+00
           L =  6.5686726688E+00
           Vnuc =  4.7454700863E+01
           Ven = -2.0847261976E+01
           Vrep =  1.4266059754E+01
           DelSqV =  1.7111078159E+03
           DelSqVen =  1.2468575862E+03
           DelSqVrep =  4.6425022969E+02
           DelSqG =  1.3143730543E+02
           DelSqK = -1.8425451214E+03
           Stress_EigVals = -2.2572478509E+00 -2.2569647674E+00 -2.0669896040E+00
           Stress_EigVec1 =  4.6740111527E-01  8.7909157650E-01 -9.3456928998E-02
           Stress_EigVec2 =  8.3122533480E-01 -4.0101834721E-01  3.8503081433E-01
           Stress_EigVec3 = -3.0099940237E-01  2.5764759913E-01  9.1815961272E-01
           -DivStress = -4.7802054331E+00  4.1415180869E+00  1.4619235571E+01
           ESP =  -1.1061264480E+00     ESP at Nucleus =  -1.1074673021E+00
           ESPe = -1.3641055279E+01     ESPe at Nucleus = -1.3567874797E+01
           ESPn =  1.2534928831E+01     ESPn at Nucleus =  1.2460407495E+01

CP# 11     Coords = -3.27409928956646E+00  2.65074454351471E+00  1.63632993179348E+00
           Type = (3,-3) NACP h11
           Rho =  4.3998313883E-01     Rho at Nucleus =  4.3649694687E-01
           GradRho = -1.0408340856E-17 -1.1102230246E-15  8.8817841970E-16
           HessRho_EigVals = -9.0296704923E+00 -9.0254352332E+00 -8.2806274798E+00
           HessRho_EigVec1 =  1.8992849283E-02  9.8147330434E-02  9.9499063976E-01
           HessRho_EigVec2 =  5.6918027508E-01  8.1710944752E-01 -9.1465650519E-02
           HessRho_EigVec3 =  8.2199336137E-01 -5.6806623936E-01  4.0344287951E-02
           DelSqRho = -2.6335733205E+01
           Bond Ellipticity = NA
           V = -6.5964937320E+00
           G =  6.2802153582E-03
           K =  6.5902135167E+00
           L =  6.5839333013E+00
           Vnuc =  4.7571376210E+01
           Ven = -2.0930603423E+01
           Vrep =  1.4334109691E+01
           DelSqV =  1.7154199453E+03
           DelSqVen =  1.2528270721E+03
           DelSqVrep =  4.6259287317E+02
           DelSqG =  1.3184607976E+02
           DelSqK = -1.8472660250E+03
           Stress_EigVals = -2.2623799570E+00 -2.2620441481E+00 -2.0720696270E+00
           Stress_EigVec1 =  5.6498936781E-01  8.2217224487E-01  6.9424880474E-02
           Stress_EigVec2 = -7.2092156875E-02 -3.4629222165E-02  9.9679663818E-01
           Stress_EigVec3 =  8.2194265930E-01 -5.6818449182E-01  3.9707028116E-02
           -DivStress = -1.3063845511E+01  9.0938946860E+00 -6.1699350640E-01
           ESP =  -1.1104884976E+00     ESP at Nucleus =  -1.1118661818E+00
           ESPe = -1.3680478787E+01     ESPe at Nucleus = -1.3607673118E+01
           ESPn =  1.2569990290E+01     ESPn at Nucleus =  1.2495806936E+01

CP# 12     Coords =  2.61617650117165E+00  5.79146151272771E+00 -1.23445913625472E+00
           Type = (3,-3) NACP h12
           Rho =  4.3804389515E-01     Rho at Nucleus =  4.3448197342E-01
           GradRho =  7.4179867110E-11 -2.3459218942E-11  6.8491042698E-11
           HessRho_EigVals = -8.9883042820E+00 -8.9854915470E+00 -8.2311321073E+00
           HessRho_EigVec1 = -6.2965384258E-01  2.0018282287E-01  7.5064164283E-01
           HessRho_EigVec2 =  3.0233394419E-01  9.5320188236E-01 -5.9804018810E-04
           HessRho_EigVec3 =  7.1563274430E-01 -2.2656789025E-01  6.6070929038E-01
           DelSqRho = -2.6204927936E+01
           Bond Ellipticity = NA
           V = -6.5634423721E+00
           G =  6.1051940143E-03
           K =  6.5573371781E+00
           L =  6.5512319841E+00
           Vnuc =  4.6810871313E+01
           Ven = -2.0505216405E+01
           Vrep =  1.3941774033E+01
           DelSqV =  1.7056652067E+03
           DelSqVen =  1.2266755096E+03
           DelSqVrep =  4.7898969704E+02
           DelSqG =  1.3112125001E+02
           DelSqK = -1.8367864567E+03
           Stress_EigVals = -2.2520035983E+00 -2.2517006907E+00 -2.0597380831E+00
           Stress_EigVec1 =  4.1719374322E-01  8.9741048034E-01 -1.4354027447E-01
           Stress_EigVec2 = -5.6091758063E-01  3.7852817847E-01  7.3626617866E-01
           Stress_EigVec3 =  7.1506702368E-01 -2.2665137960E-01  6.6129290316E-01
           -DivStress = -1.1494505263E+01  3.6361356330E+00 -1.0613830327E+01
           ESP =  -1.0691760759E+00     ESP at Nucleus =  -1.0706133396E+00
           ESPe = -1.3341492193E+01     ESPe at Nucleus = -1.3281435001E+01
           ESPn =  1.2272316117E+01     ESPn at Nucleus =  1.2210821662E+01

CP# 13     Coords =  5.82258254598588E+00  4.66455338638625E+00 -5.99824083122897E-01
           Type = (3,-3) NACP h13
           Rho =  4.3880049919E-01     Rho at Nucleus =  4.3526731606E-01
           GradRho =  1.1891529428E-15 -1.8041124150E-15  1.2611439670E-15
           HessRho_EigVals = -9.0005230154E+00 -8.9968880474E+00 -8.2470661476E+00
           HessRho_EigVec1 =  3.5033046344E-01 -4.9191247336E-02  9.3533351676E-01
           HessRho_EigVec2 =  3.2568017292E-01  9.4270351933E-01 -7.2405107606E-02
           HessRho_EigVec3 =  8.7818050044E-01 -3.2998529638E-01 -3.4627837475E-01
           DelSqRho = -2.6244477210E+01
           Bond Ellipticity = NA
           V = -6.5733460839E+00
           G =  6.1133906398E-03
           K =  6.5672326932E+00
           L =  6.5611193026E+00
           Vnuc =  4.6091934301E+01
           Ven = -2.0225163780E+01
           Vrep =  1.3651817696E+01
           DelSqV =  1.7085537979E+03
           DelSqVen =  1.2096587193E+03
           DelSqVrep =  4.9889507852E+02
           DelSqG =  1.3128778654E+02
           DelSqK = -1.8398415844E+03
           Stress_EigVals = -2.2549206812E+00 -2.2547758774E+00 -2.0636495253E+00
           Stress_EigVec1 =  3.6358761120E-01  9.3088675944E-01  3.5410310365E-02
           Stress_EigVec2 = -3.1147266411E-01  1.5730397500E-01 -9.3714472680E-01
           Stress_EigVec3 =  8.7794580043E-01 -3.2970486886E-01 -3.4713955545E-01
           -DivStress =  1.4060929120E+01 -5.2524232625E+00 -5.5631664948E+00
           ESP =  -1.0606748644E+00     ESP at Nucleus =  -1.0620109865E+00
           ESPe = -1.2445872527E+01     ESPe at Nucleus = -1.2378193333E+01
           ESPn =  1.1385197663E+01     ESPn at Nucleus =  1.1316182347E+01

CP# 14     Coords =  5.10351892475849E+00  5.15872863995942E+00  3.92948410047699E+00
           Type = (3,-3) NACP h14
           Rho =  4.3485203278E-01     Rho at Nucleus =  4.3124508639E-01
           GradRho = -9.6353879411E-11  2.9927598377E-11 -9.0790290216E-11
           HessRho_EigVals = -8.9300290701E+00 -8.9256083521E+00 -8.1665776026E+00
           HessRho_EigVec1 = -6.2154820649E-01  2.5171132269E-01  7.4183504705E-01
           HessRho_EigVec2 =  3.3210930286E-01  9.4232831785E-01 -4.1481951901E-02
           HessRho_EigVec3 =  7.0949364899E-01 -2.2058728750E-01  6.6929814779E-01
           DelSqRho = -2.6022215025E+01
           Bond Ellipticity = NA
           V = -6.5177460721E+00
           G =  6.0961579570E-03
           K =  6.5116499142E+00
           L =  6.5055537562E+00
           Vnuc =  4.6499226045E+01
           Ven = -2.0220282968E+01
           Vrep =  1.3702536896E+01
           DelSqV =  1.6929950377E+03
           DelSqVen =  1.2100128589E+03
           DelSqVrep =  4.8298217872E+02
           DelSqG =  1.3025669242E+02
           DelSqK = -1.8232517301E+03
           Stress_EigVals = -2.2376272303E+00 -2.2365420854E+00 -2.0435767564E+00
           Stress_EigVec1 =  3.5243631201E-01  9.3349300701E-01 -6.6177426916E-02
           Stress_EigVec2 = -6.1028318683E-01  2.8286724318E-01  7.3995983311E-01
           Stress_EigVec3 =  7.0946675599E-01 -2.2040174362E-01  6.6938777518E-01
           -DivStress =  1.1438515002E+01 -3.5517506394E+00  1.0773081791E+01
           ESP =  -1.0513096726E+00     ESP at Nucleus =  -1.0526462126E+00
           ESPe = -1.3351782352E+01     ESPe at Nucleus = -1.3279016469E+01
           ESPn =  1.2300472679E+01     ESPn at Nucleus =  1.2226370257E+01

CP# 15     Coords =  1.33300629765401E+00  6.51541065458152E+00  3.55150084370060E+00
           Type = (3,-3) NACP c15
           Rho =  1.2256108410E+02     Rho at Nucleus =  1.2256108225E+02
           GradRho = -2.4004354060E-11  1.1896172936E-10 -6.8017591559E-11
           HessRho_EigVals = -3.2406936417E+05 -3.2406932436E+05 -3.2406560866E+05
           HessRho_EigVec1 =  2.6201562265E-01 -3.4349896449E-01  9.0186266963E-01
           HessRho_EigVec2 =  4.3291372719E-01  8.7704500876E-01  2.0827327581E-01
           HessRho_EigVec3 =  8.6251580756E-01 -3.3585787768E-01 -3.7850491107E-01
           DelSqRho = -9.7220429718E+05
           Bond Ellipticity = NA
           V = -2.4306868488E+05
           G =  8.8052896840E+00
           K =  2.4305987959E+05
           L =  2.4305107430E+05
           Vnuc =  1.7754579145E+06
           Ven = -2.1760204677E+08
           Vrep =  2.1735897808E+08
           DelSqV =  2.3845988359E+10
           DelSqVen =  1.7261078364E+12
           DelSqVrep = -1.7022618460E+12
           DelSqG =  6.4279405495E+08
           DelSqK = -2.4488782414E+10
           Stress_EigVals = -8.1023994760E+04 -8.1022350810E+04 -8.1022339305E+04
           Stress_EigVec1 =  8.6404383334E-01 -3.3628773236E-01 -3.7461822584E-01
           Stress_EigVec2 =  4.3619634360E-01  8.7161912866E-01  2.2363551684E-01
           Stress_EigVec3 =  2.5131853075E-01 -3.5663798960E-01  8.9980461239E-01
           -DivStress = -2.3214633237E+04  8.9113324139E+03  9.2322634896E+03
           ESP =  -1.4740704671E+01     ESP at Nucleus =  -1.4740704718E+01
           ESPe = -2.7298628955E+01     ESPe at Nucleus = -2.7298629599E+01
           ESPn =  1.2557924284E+01     ESPn at Nucleus =  1.2557924881E+01

CP# 16     Coords =  3.67224201129929E+00 -1.01865249392848E-01 -4.46430328534528E-02
           Type = (3,-3) NACP h16
           Rho =  4.3100276263E-01     Rho at Nucleus =  4.2799010113E-01
           GradRho = -8.0191006023E-09 -3.5268715805E-09  3.2137357879E-09
           HessRho_EigVals = -8.8773368449E+00 -8.8762321489E+00 -8.2118549676E+00
           HessRho_EigVec1 = -4.7501217354E-01  3.3777391632E-01 -8.1257136083E-01
           HessRho_EigVec2 = -1.9077251479E-01  8.6191018112E-01  4.6980494600E-01
           HessRho_EigVec3 =  8.5905138530E-01  3.7817935049E-01 -3.4497984908E-01
           DelSqRho = -2.5965423961E+01
           Bond Ellipticity = NA
           V = -6.5055232132E+00
           G =  7.0836114411E-03
           K =  6.4984396018E+00
           L =  6.4913559904E+00
           Vnuc =  5.0392248709E+01
           Ven = -2.1719198409E+01
           Vrep =  1.5213675196E+01
           DelSqV =  1.6977849880E+03
           DelSqVen =  1.3084561282E+03
           DelSqVrep =  3.8932885980E+02
           DelSqG =  1.3083809403E+02
           DelSqK = -1.8286230820E+03
