AIMSum (Version 19.02.13, Professional)
Copyright (c) 1997-2019 by Todd A. Keith
AIMSum is a component of the AIMAll package ( http://aim.tkgristmill.com )

TP:  64-bit Linux

Much of the Quantum Theory of Atoms in Molecules (QTAIM) is described in the book:
  "Atoms in Molecules - A Quantum Theory"
  R.F.W. Bader, Oxford University Press, Oxford, 1990

For additional references see:  http://aim.tkgristmill.com/references.html

Wfn File:  /home/mhennefarth/Documents/DielsAlder/DielsAlder_QTAIM/reactionC/reactC_exol10MVc/reactC_exol10MVc.wfn
Sum File:  /home/mhennefarth/Documents/DielsAlder/DielsAlder_QTAIM/reactionC/reactC_exol10MVc/reactC_exol10MVc.sum

SumViz File:  /home/mhennefarth/Documents/DielsAlder/DielsAlder_QTAIM/reactionC/reactC_exol10MVc/reactC_exol10MVc.sumviz

Wfn Title:  SCF/DFT density                                                                
 
Total memory allocated for AIMSum =        0.993 Megabytes

Atomic units (a.u.) used throughout, except where stated otherwise

Model:  Restricted SCF
 
Restricted, closed-shell, single-determinant wavefunction.
  Number of electrons (from MO Occs)                   =          64.0000000000
  Number of Alpha electrons (from MO Occs)             =          32.0000000000
  Number of Beta electrons (from MO Occs)              =          32.0000000000
  Number of electron pairs (N*(N-1)/2)                 =        2016.0000000000
  Number of electron pairs (from Muller 2EDM)          =        2016.0000000000
 
Nuclear Charges and Cartesian Coordinates:
-------------------------------------------------------------------------------
Atom      Charge                X                  Y                  Z
-------------------------------------------------------------------------------
c1         6.0           3.3654692000E-01  -5.4261260000E-02  -5.7480045000E-01
c2         6.0          -1.7605004400E+00   9.4704861000E-01   4.4043628000E-01
c3         6.0          -1.3907740400E+00   1.2595303900E+00   3.1680786900E+00
c4         6.0           9.2833968000E-01   4.4541335000E-01   3.7903789600E+00
c5         6.0           2.2450029900E+00  -4.9372876000E-01   1.4690658700E+00
c6         6.0           2.7197376000E+00   5.7657299200E+00  -5.6100780000E-01
c7         6.0           2.9050837400E+00   6.0298684600E+00   1.9262270100E+00
h8         1.0           1.7725716900E+00   4.5027401000E-01   5.6495670400E+00
h9         1.0           6.4646230000E-01  -5.0292440000E-01  -2.5430586400E+00
h10        1.0          -2.7782493300E+00   2.0423214400E+00   4.4481389600E+00
h11        1.0          -3.4601798500E+00   1.4674905800E+00  -5.6776238000E-01
h12        1.0           1.1013014500E+00   6.5056723700E+00  -1.5652154700E+00
h13        1.0           4.1721957100E+00   4.8224811400E+00  -1.6493512000E+00
c14        6.0           5.0157610000E+00   5.0362659200E+00   3.3017759200E+00
h15        1.0           1.4715941900E+00   6.9724750700E+00   3.0383245100E+00
n16        7.0           6.6870885800E+00   4.2061708500E+00   4.4093892300E+00
h17        1.0           4.0245053600E+00   5.0729146000E-01   1.1265943400E+00
h18        1.0           2.7471856200E+00  -2.4965907100E+00   1.6356855600E+00
 
Some Atomic Properties:
----------------------
  q(A) = Net Charge of Atom A
  L(A) = Lagrangian of Atom A = -(1/4) Times Atomic Integral of the Laplacian of the Electron Density
  K(A) = Electronic Kinetic Energy of Atom A (Hamiltonian Form)
  K_Scaled(A) = K(A) * E(Mol)/K(Mol) = Approximation to Virial-Based Total Energy of Atom A.
  |Mu_Intra(A)| = Magnitude of Intraatomic Dipole Moment of Atom A
--------------------------------------------------------------------------------------------------
Atom A          q(A)              L(A)              K(A)          K_Scaled(A)      |Mu_Intra(A)|
--------------------------------------------------------------------------------------------------
c1       -7.1480991600E-02 -2.2955248142E-05  3.7906170621E+01 -3.8097937938E+01  1.8519376678E-01
c2       -5.9087246100E-02  9.9286484153E-06  3.7905491691E+01 -3.8097255574E+01  1.6779078041E-01
c3       -5.9265604600E-02 -1.7215910982E-04  3.7905487604E+01 -3.8097251466E+01  1.7230695000E-01
c4       -6.2838802800E-02 -7.1316609293E-05  3.7907723833E+01 -3.8099499008E+01  1.9324785008E-01
c5       -1.0916262500E-02  6.2938705592E-05  3.7864145199E+01 -3.8055699910E+01  1.5106190324E-01
c6        6.0707493000E-03  1.0205469267E-04  3.7850811201E+01 -3.8042298455E+01  1.7198142401E-01
c7        5.9712994900E-02 -5.2751602856E-05  3.7831901239E+01 -3.8023292827E+01  3.1028802954E-01
h8        5.8104332770E-02  1.9761914754E-05  5.9180417717E-01 -5.9479811450E-01  1.3818009562E-01
h9        4.0068089200E-02  1.8927904105E-05  5.9868566639E-01 -6.0171441717E-01  1.4267388530E-01
h10       4.3553717380E-02  1.8489163524E-05  5.9819155293E-01 -6.0121780400E-01  1.3890437935E-01
h11       3.8029923050E-02  1.5646693123E-05  6.0058172142E-01 -6.0362006435E-01  1.4016136575E-01
h12       7.0268921660E-02  1.6379920408E-05  5.8966130641E-01 -5.9264440296E-01  1.3394798251E-01
h13       6.7806110520E-02  2.7398230155E-05  5.8983791036E-01 -5.9282190035E-01  1.3431031364E-01
c14       9.7222608250E-01 -1.3289768006E-04  3.7367548176E+01 -3.7556590602E+01  1.0478531294E+00
h15       9.8568823280E-02  2.0944553398E-05  5.7896487818E-01 -5.8189386150E-01  1.3067982460E-01
n16      -1.2891481949E+00  1.7473913700E-06  5.5205208029E+01 -5.5484491177E+01  6.2181029121E-01
h17       5.3591234660E-02  2.5856431679E-05  5.9091613764E-01 -5.9390558238E-01  1.3469815526E-01
h18       4.4491320320E-02  2.3769457495E-05  5.9392934869E-01 -5.9693403727E-01  1.4450157829E-01
--------------------------------------------------------------------------------------------------
Total    -2.4480296000E-04 -8.8236543483E-05  3.6307706029E+02 -3.6491386714E+02
 
1st Largest |L(A)| = 1.7215910982E-04, atom c3      
2nd Largest |L(A)| = 1.3289768006E-04, atom c14     
 
Molecular charge q(Mol) from the wfn file:   0.0000000000E+00
Molecular energy E(Mol) from the wfn file:  -3.6491391586E+02
Molecular virial ratio (-V(Mol)/T(Mol)) from the wfn file:   2.0050590000E+00
Note.  K_Scaled(A) = (1+V(Mol)/T(Mol))*K(A) = (E(Mol)/T(Mol))*K(A)
       Only use K_Scaled(A) data with caution.
 
N_AIMInt(SumA)     =         64.000245
N_Analytic(Mol)    =         63.999992
 
G_AIMInt(SumA)     =        363.077149
G_Analytic(Mol)    =        363.077064
 
K_AIMInt(SumA)     =        363.077060
K_Analytic(Mol)    =        363.077064
 
L_AIMInt(SumA)     =         -0.000088
L_Analytic(Mol)    =          0.000000
 
VenT_AIMInt(SumA)  =      -1620.505772
VenT_Analytic(Mol) =      -1620.501806
 
Some Information About the Atomic Calculations:
----------------------------------------------
  Time(sec) = "Elapsed User Time", in Seconds, for Atom A by AIMInt and, if used, by TWOe
  NProc = Number of Processors Used for AIMInt Job
  BIM = Basin Integration Method
  OAQ = Angular Quadrature Outside of Beta Sphere
  ORQ = Multiple of Default for Radial Quadrature Outside of Beta Sphere
  IAQ = Multiple of Default for Angular Quadrature Inside of Beta Sphere
  IRQ = Multiple of Default for Radial Quadrature Inside of Beta Sphere
  MIR = Maximum Integration Radius
------------------------------------------------------------------------------------------------------
Atom A     Time(sec)   NProc      BIM          OAQ                     ORQ      IAQ      IRQ      MIR
------------------------------------------------------------------------------------------------------
c1             48        8     Proaim(5)    4500(GS4)                  1.00     1.00     1.00    13.00
c2             36        8     Proaim(5)    4500(GS4)                  1.00     1.00     1.00    13.00
c3             38        8     Proaim(5)    4500(GS4)                  1.00     1.00     1.00    13.00
c4             78        8     Proaim(5)    4500(GS4)                  1.00     1.00     1.00    13.00
c5             43        8     Proaim(5)    4500(GS4)                  1.00     1.00     1.00    13.00
c6             48        8     Proaim(5)    4500(GS4)                  1.00     1.00     1.00    13.00
c7             94        8     Proaim(5)    4500(GS4)                  1.00     1.00     1.00    13.00
h8             11        8     Proaim(5)    1800(GS4)                  1.00     1.00     1.00    13.00
h9              9        8     Proaim(5)    1800(GS4)                  1.00     1.00     1.00    13.00
h10             9        8     Proaim(5)    1800(GS4)                  1.00     1.00     1.00    13.00
h11             9        8     Proaim(5)    1800(GS4)                  1.00     1.00     1.00    13.00
h12            10        8     Proaim(5)    1800(GS4)                  1.00     1.00     1.00    13.00
h13            10        8     Proaim(5)    1800(GS4)                  1.00     1.00     1.00    13.00
c14            59        8     Proaim(5)    4500(GS4)                  1.00     1.00     1.00    13.00
h15            11        8     Proaim(5)    1800(GS4)                  1.00     1.00     1.00    13.00
n16            20        8     Proaim(5)    2700(GS4)                  1.00     1.00     1.00    13.00
h17            29        8     Proaim(5)    4500(GS4)                  1.00     1.00     1.00    13.00
h18             9        8     Proaim(5)    1800(GS4)                  1.00     1.00     1.00    13.00
------------------------------------------------------------------------------------------------------
Total         571
Note:  Total wall clock time is less than total of atomic times if more than one atom
       was calculated at a time
 
Electron Density Critical Point Analysis of Molecular Structure:               
---------------------------------------------------------------                
  NACP = Nuclear Attractor Critical Point                                      
  NNACP = Non-Nuclear Attractor Critical Point                                 
  BCP = Bond Critical Point                                                    
  RCP = Ring Critical Point                                                    
  CCP = Cage Critical Point                                                    
  Rho = Electron Density                                                       
  GradRho = Gradient of Electron Density                                       
  HessRho_EigVals = Eigenvalues of the Hessian of Rho, Ascending Order         
  HessRho_EigVecs = Eigenvectors of the Hessian of Rho                         
  DelSqRho = Laplacian of Rho = Trace of Hessian of Rho                        
  Bond Ellipticity = (HessRho_EigVal(1) / HessRho_EigVal(2)) - 1               
  V = Virial Field = Potential Energy Density = Trace of Stress Tensor         
  G = Lagrangian Form of Kinetic Energy Density                                
  K = Hamiltonian Form of Kinetic Energy Density                               
  L = K - G = Lagrangian Density = (-1/4)DelSqRho                              
  Vnuc = Electrostatic Potential from Nuclei                                   
  Ven = Electron-nuclear attractive contribution to Virial Field V             
  Vrep = V - Ven = Repulsive contribution to Virial Field V                    
  DelSqV = Laplacian of V                                                      
  DelSqVen = Laplacian of Ven                                                  
  DelSqVrep = Laplacian of Vrep                                                
  DelSqG = Laplacian of G                                                      
  DelSqK = Laplacian of K                                                      
  Stress_EigVals = Eigenvalues of Stress Tensor, Ascending Order               
  Stress_EigVecs = Eigenvectors of Stress Tensor                               
  -DivStress = Ehrenfest Force Density = Minus Divergence of Stress Tensor     
  ESP = Total Electrostatic Potential                                          
  ESPe = Electrostatic Potential from Electrons                                
  ESPn = Electrostatic Potential from Nuclei                                   
  BP = Bond Path                                                               
  BPL = Bond Path Length                                                       
  GBL = Geometric Bond Length                                                  
  GBL_I = Distance Between Nuclear Attractors                                  
  GBL_II = Distance Between Nuclei                                             
  GBL_III = Sum of Distances Between BCP and Nuclear Attractors                
  GBL_IV = Sum of Distances Between BCP and Nuclei                             

CP# 1      Coords =  3.36548169959376E-01 -5.42617875911496E-02 -5.74800508866403E-01
           Type = (3,-3) NACP c1
           Rho =  1.2218706632E+02     Rho at Nucleus =  1.2218706602E+02
           GradRho =  6.1151901320E-09 -2.5800446224E-09 -2.7941471359E-10
           HessRho_EigVals = -3.2299795456E+05 -3.2299627393E+05 -3.2299511751E+05
           HessRho_EigVec1 =  3.6152772801E-01  9.1847399075E-01 -1.6032226980E-01
           HessRho_EigVec2 =  4.9121030326E-01 -4.1478909286E-02  8.7005283636E-01
           HessRho_EigVec3 =  7.9247090789E-01 -3.9330017595E-01 -4.6615966337E-01
           DelSqRho = -9.6898934600E+05
           Bond Ellipticity = NA
           V = -2.4226470306E+05
           G =  8.6832801798E+00
           K =  2.4225601978E+05
           L =  2.4224733650E+05
           Vnuc =  4.4182122462E+06
           Ven = -5.3984839272E+08
           Vrep =  5.3960612802E+08
           DelSqV =  2.3767089672E+10
           DelSqVen =  4.2812004434E+12
           DelSqVrep = -4.2574332882E+12
           DelSqG =  6.4049673556E+08
           DelSqK = -2.4407586408E+10
           Stress_EigVals = -8.0755367539E+04 -8.0755004052E+04 -8.0754331468E+04
           Stress_EigVec1 =  7.4625197344E-01 -3.8951044835E-01 -5.3980515260E-01
           Stress_EigVec2 =  5.5712318372E-01 -7.8346052152E-02  8.2672586404E-01
           Stress_EigVec3 =  3.6430996460E-01  9.1768377273E-01 -1.5853940505E-01
           -DivStress = -9.7795572679E+03  4.1282353306E+03  4.6358916921E+02
           ESP =  -1.4767415057E+01     ESP at Nucleus =  -1.4767415066E+01
           ESPe = -2.7292991248E+01     ESPe at Nucleus = -2.7292991802E+01
           ESPn =  1.2525576191E+01     ESPn at Nucleus =  1.2525576736E+01

CP# 2      Coords = -1.76050134961372E+00  9.47049088980728E-01  4.40437071893293E-01
           Type = (3,-3) NACP c2
           Rho =  1.2219342731E+02     Rho at Nucleus =  1.2219342704E+02
           GradRho = -4.0252885469E-09  2.1244668247E-09  3.5410252508E-09
           HessRho_EigVals = -3.2301363892E+05 -3.2301171948E+05 -3.2301069849E+05
           HessRho_EigVec1 =  3.6591358321E-01  9.1782417544E-01 -1.5396763495E-01
           HessRho_EigVec2 =  3.2610045203E-01  2.8502469744E-02  9.4490534150E-01
           HessRho_EigVec3 =  8.7164542379E-01 -3.9596261466E-01 -2.8887343766E-01
           DelSqRho = -9.6903605689E+05
           Bond Ellipticity = NA
           V = -2.4227640348E+05
           G =  8.6946282483E+00
           K =  2.4226770885E+05
           L =  2.4225901422E+05
           Vnuc =  4.6237290260E+06
           Ven = -5.6498929664E+08
           Vrep =  5.6474702024E+08
           DelSqV =  2.3768232068E+10
           DelSqVen =  4.4805599642E+12
           DelSqVrep = -4.4567917321E+12
           DelSqG =  6.4052524109E+08
           DelSqK = -2.4408757309E+10
           Stress_EigVals = -8.0759260931E+04 -8.0758940533E+04 -8.0758202016E+04
           Stress_EigVec1 =  8.8898611347E-01 -3.9326011911E-01 -2.3462772377E-01
           Stress_EigVec2 =  2.7607613278E-01  5.1473242005E-02  9.5975646612E-01
           Stress_EigVec3 =  3.6535689258E-01  9.1798528532E-01 -1.5432873022E-01
           -DivStress =  7.1196054402E+03 -3.7486095662E+03 -6.1945525540E+03
           ESP =  -1.4768333650E+01     ESP at Nucleus =  -1.4768333661E+01
           ESPe = -2.7123832476E+01     ESPe at Nucleus = -2.7123833421E+01
           ESPn =  1.2355498826E+01     ESPn at Nucleus =  1.2355499761E+01

CP# 3      Coords = -1.39077515696336E+00  1.25953068315367E+00  3.16807796325919E+00
           Type = (3,-3) NACP c3
           Rho =  1.2219148473E+02     Rho at Nucleus =  1.2219148443E+02
           GradRho = -5.5205018334E-09  1.4254371017E-09 -3.6298310191E-09
           HessRho_EigVals = -3.2300909847E+05 -3.2300725845E+05 -3.2300617978E+05
           HessRho_EigVec1 =  3.6494515646E-01  9.1821621337E-01 -1.5392861427E-01
           HessRho_EigVec2 = -4.5619275510E-02  1.8276888765E-01  9.8209694807E-01
           HessRho_EigVec3 =  9.2991070242E-01 -3.5138941250E-01  1.0858897871E-01
           DelSqRho = -9.6902253670E+05
           Bond Ellipticity = NA
           V = -2.4227303489E+05
           G =  8.7003579288E+00
           K =  2.4226433453E+05
           L =  2.4225563417E+05
           Vnuc =  4.3974187265E+06
           Ven = -5.3732712316E+08
           Vrep =  5.3708485013E+08
           DelSqV =  2.3767903000E+10
           DelSqVen =  4.2611977011E+12
           DelSqVrep = -4.2374298227E+12
           DelSqG =  6.4051755529E+08
           DelSqK = -2.4408420555E+10
           Stress_EigVals = -8.0758142627E+04 -8.0757805131E+04 -8.0757087133E+04
           Stress_EigVec1 =  9.3123028061E-01 -3.6019026666E-01  5.5435875467E-02
           Stress_EigVec2 =  4.3591033031E-03  1.6311442084E-01  9.8659752885E-01
           Stress_EigVec3 =  3.6440521772E-01  9.1850784293E-01 -1.5346719447E-01
           -DivStress =  8.7413857833E+03 -2.2950327450E+03  5.6841491662E+03
           ESP =  -1.4768902216E+01     ESP at Nucleus =  -1.4768902225E+01
           ESPe = -2.7308939030E+01     ESPe at Nucleus = -2.7308940017E+01
           ESPn =  1.2540036815E+01     ESPn at Nucleus =  1.2540037792E+01

CP# 4      Coords =  9.28340854487892E-01  4.45412807492178E-01  3.79037860430072E+00
           Type = (3,-3) NACP c4
           Rho =  1.2219589561E+02     Rho at Nucleus =  1.2219589532E+02
           GradRho =  5.6175063490E-09 -2.5926583103E-09 -1.6945405079E-09
           HessRho_EigVals = -3.2302445598E+05 -3.2302263621E+05 -3.2302145746E+05
           HessRho_EigVec1 =  3.6245637651E-01  9.1743159053E-01 -1.6414826172E-01
           HessRho_EigVec2 = -2.9627956515E-01  2.8041057323E-01  9.1301058575E-01
           HessRho_EigVec3 =  8.8365366202E-01 -2.8229273302E-01  3.7345283300E-01
           DelSqRho = -9.6906854964E+05
           Bond Ellipticity = NA
           V = -2.4228449033E+05
           G =  8.6764598546E+00
           K =  2.4227581387E+05
           L =  2.4226713741E+05
           Vnuc =  4.4718278070E+06
           Ven = -5.4643900388E+08
           Vrep =  5.4619671939E+08
           DelSqV =  2.3769034623E+10
           DelSqVen =  4.3335074120E+12
           DelSqVrep = -4.3097383773E+12
           DelSqG =  6.4055524535E+08
           DelSqK = -2.4409589868E+10
           Stress_EigVals = -8.0761983316E+04 -8.0761605039E+04 -8.0760901975E+04
           Stress_EigVec1 =  8.5825245343E-01 -2.6257354378E-01  4.4097376372E-01
           Stress_EigVec2 = -3.6219910231E-01  2.9886065189E-01  8.8288964262E-01
           Stress_EigVec3 =  3.6361316872E-01  9.1746250325E-01 -1.6139398587E-01
           -DivStress = -9.1909738017E+03  4.2446871445E+03  2.7800459080E+03
           ESP =  -1.4769261612E+01     ESP at Nucleus =  -1.4769261618E+01
           ESPe = -2.7740014720E+01     ESPe at Nucleus = -2.7740014884E+01
           ESPn =  1.2970753108E+01     ESPn at Nucleus =  1.2970753266E+01

CP# 5      Coords =  2.24500267919020E+00 -4.93728756638791E-01  1.46906583363823E+00
           Type = (3,-3) NACP c5
           Rho =  1.2199591470E+02     Rho at Nucleus =  1.2199591469E+02
           GradRho = -5.9177551748E-11  7.2679640084E-12  1.1795009414E-11
           HessRho_EigVals = -3.2245702634E+05 -3.2245659291E+05 -3.2245625574E+05
           HessRho_EigVec1 =  1.4925458839E-01  7.6228469657E-02  9.8585611945E-01
           HessRho_EigVec2 =  2.4023458176E-01  9.6435493548E-01 -1.1093648698E-01
           HessRho_EigVec3 =  9.5917173310E-01 -2.5339451223E-01 -1.2562168443E-01
           DelSqRho = -9.6736987500E+05
           Bond Ellipticity = NA
           V = -2.4186001810E+05
           G =  8.7746738701E+00
           K =  2.4185124342E+05
           L =  2.4184246875E+05
           Vnuc =  1.9172550653E+07
           Ven = -2.3389728541E+09
           Vrep =  2.3387309941E+09
           DelSqV =  2.3727376617E+10
           DelSqVen =  1.8546981601E+13
           DelSqVrep = -1.8523254225E+13
           DelSqG =  6.3935352248E+08
           DelSqK = -2.4366730140E+10
           Stress_EigVals = -8.0620113535E+04 -8.0620011068E+04 -8.0619893495E+04
           Stress_EigVec1 =  9.5764433427E-01 -2.6157342752E-01 -1.2040212232E-01
           Stress_EigVec2 =  2.4871492677E-01  9.6208798906E-01 -1.1192670145E-01
           Stress_EigVec3 =  1.4511448667E-01  7.7240166460E-02  9.8639532767E-01
           -DivStress =  2.4263589091E+03 -2.6136280658E+01  2.8396628328E+02
           ESP =  -1.4757924641E+01     ESP at Nucleus =  -1.4757924639E+01
           ESPe = -2.7634415633E+01     ESPe at Nucleus = -2.7634415311E+01
           ESPn =  1.2876490991E+01     ESPn at Nucleus =  1.2876490672E+01

CP# 6      Coords =  2.71973757587649E+00  5.76572982470189E+00 -5.61008156782919E-01
           Type = (3,-3) NACP c6
           Rho =  1.2223191202E+02     Rho at Nucleus =  1.2223191199E+02
           GradRho =  4.0025760484E-12  8.5231377511E-11 -1.1726175586E-10
           HessRho_EigVals = -3.2312100932E+05 -3.2311778032E+05 -3.2311722673E+05
           HessRho_EigVec1 =  4.7276667541E-01  8.7239913424E-01 -1.2414274528E-01
           HessRho_EigVec2 =  8.7291236259E-01 -4.8291812443E-01 -6.9383660413E-02
           HessRho_EigVec3 =  1.2048102699E-01  7.5563454616E-02  9.8983558557E-01
           DelSqRho = -9.6935601637E+05
           Bond Ellipticity = NA
           V = -2.4235631900E+05
           G =  8.6574556070E+00
           K =  2.4234766155E+05
           L =  2.4233900409E+05
           Vnuc =  1.6212809785E+07
           Ven = -1.9817227392E+09
           Vrep =  1.9814803829E+09
           DelSqV =  2.3776073350E+10
           DelSqVen =  1.5715989979E+13
           DelSqVrep = -1.5692213906E+13
           DelSqG =  6.4074744925E+08
           DelSqK = -2.4416820799E+10
           Stress_EigVals = -8.0785939125E+04 -8.0785725237E+04 -8.0784654641E+04
           Stress_EigVec1 =  1.1300986427E-01  7.7855654006E-02  9.9053887744E-01
           Stress_EigVec2 =  8.7353200521E-01 -4.8283924336E-01 -6.1709812366E-02
           Stress_EigVec3 =  4.7346658430E-01  8.7224122937E-01 -1.2257500292E-01
           -DivStress =  1.8947095699E+02  7.4650887252E+02  2.7952445864E+03
           ESP =  -1.4727342383E+01     ESP at Nucleus =  -1.4727342386E+01
           ESPe = -2.5996963069E+01     ESPe at Nucleus = -2.5996963495E+01
           ESPn =  1.1269620686E+01     ESPn at Nucleus =  1.1269621109E+01

CP# 7      Coords =  2.90508604925206E+00  6.02986748036412E+00  1.92622929125915E+00
           Type = (3,-3) NACP c7
           Rho =  1.2212994335E+02     Rho at Nucleus =  1.2212994149E+02
           GradRho = -5.3173465631E-11  1.2747136680E-10  2.7648994205E-12
           HessRho_EigVals = -3.2284424190E+05 -3.2284384679E+05 -3.2284172498E+05
           HessRho_EigVec1 =  4.7532997137E-01  8.7147513559E-01 -1.2079944689E-01
           HessRho_EigVec2 =  8.3925998468E-01 -4.0792716785E-01  3.5949701507E-01
           HessRho_EigVec3 = -2.6401533370E-01  2.7226184782E-01  9.2529421796E-01
           DelSqRho = -9.6852981367E+05
           Bond Ellipticity = NA
           V = -2.4215003241E+05
           G =  8.7894990172E+00
           K =  2.4214124292E+05
           L =  2.4213245342E+05
           Vnuc =  1.7695870632E+06
           Ven = -2.1611956778E+08
           Vrep =  2.1587741775E+08
           DelSqV =  2.3755843432E+10
           DelSqVen =  1.7138978304E+12
           DelSqVrep = -1.6901419870E+12
           DelSqG =  6.4018780991E+08
           DelSqK = -2.4396031242E+10
           Stress_EigVals = -8.0717229018E+04 -8.0716564602E+04 -8.0716238795E+04
           Stress_EigVec1 = -2.4624069360E-01  2.6799346667E-01  9.3142096961E-01
           Stress_EigVec2 =  8.4164354774E-01 -4.1743561098E-01  3.4261297295E-01
           Stress_EigVec3 =  4.8062631988E-01  8.6828970540E-01 -1.2276533768E-01
           -DivStress = -1.8054894269E+04  7.6596047880E+03 -1.7839295829E+04
           ESP =  -1.4710677737E+01     ESP at Nucleus =  -1.4710677767E+01
           ESPe = -2.7061186260E+01     ESPe at Nucleus = -2.7061185354E+01
           ESPn =  1.2350508523E+01     ESPn at Nucleus =  1.2350507588E+01

CP# 8      Coords =  1.76074865807154E+00  4.50019585200444E-01  5.62342867067792E+00
           Type = (3,-3) NACP h8
           Rho =  4.3811571595E-01     Rho at Nucleus =  4.3461768561E-01
           GradRho = -2.8796409701E-15  1.9255430583E-16 -6.3178628995E-15
           HessRho_EigVals = -8.9868364873E+00 -8.9818490819E+00 -8.2378884371E+00
           HessRho_EigVec1 = -8.4838547516E-01  3.7005961816E-01  3.7854717612E-01
           HessRho_EigVec2 =  3.3462696934E-01  9.2897742196E-01 -1.5819526190E-01
           HessRho_EigVec3 =  4.1020345797E-01  7.5384681352E-03  9.1196288004E-01
           DelSqRho = -2.6206574006E+01
           Bond Ellipticity = NA
           V = -6.5647469446E+00
           G =  6.5517215145E-03
           K =  6.5581952231E+00
           L =  6.5516435016E+00
           Vnuc =  4.7515701233E+01
           Ven = -2.0817375465E+01
           Vrep =  1.4252628520E+01
           DelSqV =  1.7067119035E+03
           DelSqVen =  1.2452237408E+03
           DelSqVrep =  4.6148816266E+02
           DelSqG =  1.3112613697E+02
           DelSqK = -1.8378380405E+03
           Stress_EigVals = -2.2519439442E+00 -2.2514685655E+00 -2.0613344349E+00
           Stress_EigVec1 =  4.0400675643E-01  8.9496027973E-01 -1.8927397726E-01
           Stress_EigVec2 =  8.1721712340E-01 -4.4608691463E-01 -3.6491456236E-01
           Stress_EigVec3 =  4.1101668334E-01  7.2499865218E-03  9.1159899282E-01
           -DivStress =  6.5593839358E+00  1.4024109935E-01  1.4503822882E+01
           ESP =  -1.1007113291E+00     ESP at Nucleus =  -1.1020783390E+00
           ESPe = -1.3759941467E+01     ESPe at Nucleus = -1.3687729424E+01
           ESPn =  1.2659230138E+01     ESPn at Nucleus =  1.2585651085E+01

CP# 9      Coords =  6.42281506647840E-01 -4.96804765268538E-01 -2.51574374568943E+00
           Type = (3,-3) NACP h9
           Rho =  4.3958552323E-01     Rho at Nucleus =  4.3616815128E-01
           GradRho = -1.2732870314E-15  2.5372499241E-15  1.1552390988E-14
           HessRho_EigVals = -9.0146010960E+00 -9.0091751757E+00 -8.2764171294E+00
           HessRho_EigVec1 = -9.1810389822E-01  3.3338056105E-01 -2.1434232804E-01
           HessRho_EigVec2 =  3.6818748426E-01  9.1758975347E-01 -1.4989002890E-01
           HessRho_EigVec3 = -1.4670790201E-01  2.1653278237E-01  9.6518927970E-01
           DelSqRho = -2.6300193401E+01
           Bond Ellipticity = NA
           V = -6.5885352911E+00
           G =  6.7434704116E-03
           K =  6.5817918207E+00
           L =  6.5750483503E+00
           Vnuc =  4.7255559628E+01
           Ven = -2.0772859904E+01
           Vrep =  1.4184324613E+01
           DelSqV =  1.7139663637E+03
           DelSqVen =  1.2428303575E+03
           DelSqVrep =  4.7113600619E+02
           DelSqG =  1.3162157278E+02
           DelSqK = -1.8455879365E+03
           Stress_EigVals = -2.2590383056E+00 -2.2584821811E+00 -2.0710148044E+00
           Stress_EigVec1 =  3.9031295395E-01  9.0926395473E-01 -1.4455054000E-01
           Stress_EigVec2 = -9.0876333966E-01  3.5530077647E-01 -2.1888478873E-01
           Stress_EigVec3 = -1.4766512953E-01  2.1679579994E-01  9.6498424373E-01
           -DivStress =  2.3278586737E+00 -3.4077504713E+00 -1.5210355776E+01
           ESP =  -1.0968636407E+00     ESP at Nucleus =  -1.0982047980E+00
           ESPe = -1.3019875483E+01     ESPe at Nucleus = -1.2945941662E+01
           ESPn =  1.1923011842E+01     ESPn at Nucleus =  1.1847736864E+01

CP# 10     Coords = -2.75916272156310E+00  2.03147549456324E+00  4.43017053912763E+00
           Type = (3,-3) NACP h10
           Rho =  4.4007382311E-01     Rho at Nucleus =  4.3663641077E-01
           GradRho =  2.8656897276E-13 -1.6502250955E-13 -2.6853172463E-13
           HessRho_EigVals = -9.0257082291E+00 -9.0210346745E+00 -8.2848285119E+00
           HessRho_EigVec1 =  6.3360500693E-01 -1.4147210642E-01  7.6061181840E-01
           HessRho_EigVec2 =  3.8032936875E-01  9.1309584704E-01 -1.4698824915E-01
           HessRho_EigVec3 =  6.7371675537E-01 -3.8241550338E-01 -6.3234809742E-01
           DelSqRho = -2.6331571415E+01
           Bond Ellipticity = NA
           V = -6.5957204039E+00
           G =  6.4137750046E-03
           K =  6.5893066289E+00
           L =  6.5828928539E+00
           Vnuc =  4.7148418350E+01
           Ven = -2.0748784717E+01
           Vrep =  1.4153064313E+01
           DelSqV =  1.7156737409E+03
           DelSqVen =  1.2414919449E+03
           DelSqVrep =  4.7418179603E+02
           DelSqG =  1.3177770419E+02
           DelSqK = -1.8474514451E+03
           Stress_EigVals = -2.2614797794E+00 -2.2610945628E+00 -2.0731460617E+00
           Stress_EigVec1 =  3.5413152640E-01  9.1810451299E-01 -1.7797461962E-01
           Stress_EigVec2 =  6.4829672149E-01 -1.0384535314E-01  7.5427283097E-01
           Stress_EigVec3 =  6.7401945292E-01 -3.8249215136E-01 -6.3197905918E-01
           -DivStress = -1.0639739393E+01  6.0461020251E+00  1.0016409455E+01
           ESP =  -1.0963484288E+00     ESP at Nucleus =  -1.0976525657E+00
           ESPe = -1.2994959743E+01     ESPe at Nucleus = -1.2920749148E+01
           ESPn =  1.1898611314E+01     ESPn at Nucleus =  1.1823096582E+01

CP# 11     Coords = -3.43675253746375E+00  1.46034332429937E+00 -5.53671813940277E-01
           Type = (3,-3) NACP h11
           Rho =  4.4084483249E-01     Rho at Nucleus =  4.3742753698E-01
           GradRho = -9.5279686918E-16 -1.0052722543E-15  4.9873299934E-17
           HessRho_EigVals = -9.0423434518E+00 -9.0377075808E+00 -8.3037016255E+00
           HessRho_EigVec1 = -4.1217386599E-01  3.2628631008E-01  8.5067617108E-01
           HessRho_EigVec2 =  3.7787218472E-01  9.1080714753E-01 -1.6626169739E-01
           HessRho_EigVec3 =  8.2905085261E-01 -2.5291813668E-01  4.9870542401E-01
           DelSqRho = -2.6383752658E+01
           Bond Ellipticity = NA
           V = -6.6088224683E+00
           G =  6.4421518816E-03
           K =  6.6023803164E+00
           L =  6.5959381645E+00
           Vnuc =  4.7065830861E+01
           Ven = -2.0748728322E+01
           Vrep =  1.4139905854E+01
           DelSqV =  1.7194207647E+03
           DelSqVen =  1.2417732401E+03
           DelSqVrep =  4.7764752465E+02
           DelSqG =  1.3206756612E+02
           DelSqK = -1.8514883309E+03
           Stress_EigVals = -2.2656392500E+00 -2.2652935348E+00 -2.0778896834E+00
           Stress_EigVec1 =  3.6062133996E-01  9.2344645965E-01 -1.3114452072E-01
           Stress_EigVec2 = -4.2685990594E-01  2.8841702012E-01  8.5709173559E-01
           Stress_EigVec3 =  8.2930264070E-01 -2.5310523238E-01  4.9819160117E-01
           -DivStress = -1.3085178675E+01  3.9920938082E+00 -7.8704053061E+00
           ESP =  -1.0974853495E+00     ESP at Nucleus =  -1.0988116204E+00
           ESPe = -1.2774037790E+01     ESPe at Nucleus = -1.2700049150E+01
           ESPn =  1.1676552440E+01     ESPn at Nucleus =  1.1601237530E+01

CP# 12     Coords =  1.12420866252774E+00  6.49520708903032E+00 -1.55104715546355E+00
           Type = (3,-3) NACP h12
           Rho =  4.3912084038E-01     Rho at Nucleus =  4.3556398634E-01
           GradRho = -1.6653345369E-16  2.3798237686E-16  7.4652740586E-16
           HessRho_EigVals = -9.0105195440E+00 -9.0074532837E+00 -8.2527828958E+00
           HessRho_EigVec1 = -3.6256746299E-01  3.6452254442E-01  8.5771099410E-01
           HessRho_EigVec2 =  4.8924089879E-01  8.5776603879E-01 -1.5773638025E-01
           HessRho_EigVec3 =  7.9321382851E-01 -3.6243721845E-01  4.8933739378E-01
           DelSqRho = -2.6270755723E+01
           Bond Ellipticity = NA
           V = -6.5798434917E+00
           G =  6.0772804355E-03
           K =  6.5737662113E+00
           L =  6.5676889309E+00
           Vnuc =  4.6271925650E+01
           Ven = -2.0318966877E+01
           Vrep =  1.3739123386E+01
           DelSqV =  1.7100584952E+03
           DelSqVen =  1.2155984556E+03
           DelSqVrep =  4.9446003960E+02
           DelSqG =  1.3145571716E+02
           DelSqK = -1.8415142124E+03
           Stress_EigVals = -2.2575226192E+00 -2.2572515811E+00 -2.0650692915E+00
           Stress_EigVec1 =  4.6653696339E-01  8.7818164495E-01 -1.0554743133E-01
           Stress_EigVec2 = -3.9221836621E-01  3.1235640503E-01  8.6521571266E-01
           Stress_EigVec3 =  7.9278497400E-01 -3.6225747019E-01  4.9016477872E-01
           -DivStress = -1.2738802143E+01  5.8206561378E+00 -7.8797942396E+00
           ESP =  -1.0664895920E+00     ESP at Nucleus =  -1.0678660963E+00
           ESPe = -1.2732063420E+01     ESPe at Nucleus = -1.2665601668E+01
           ESPn =  1.1665573828E+01     ESPn at Nucleus =  1.1597735572E+01

CP# 13     Coords =  4.15174157589293E+00  4.83571353200405E+00 -1.63398685452613E+00
           Type = (3,-3) NACP h13
           Rho =  4.3846490583E-01     Rho at Nucleus =  4.3493539009E-01
           GradRho = -1.2024079649E-11  7.7855864117E-12  9.0307292894E-12
           HessRho_EigVals = -8.9975188890E+00 -8.9946936460E+00 -8.2451524656E+00
           HessRho_EigVec1 = -5.4929165670E-01  1.0959511854E-01 -8.2841269056E-01
           HessRho_EigVec2 =  4.3996517589E-01  8.8075743897E-01 -1.7520552990E-01
           HessRho_EigVec3 =  7.1042896893E-01 -4.6071167089E-01 -5.3201074841E-01
           DelSqRho = -2.6237365001E+01
           Bond Ellipticity = NA
           V = -6.5715798034E+00
           G =  6.1192766405E-03
           K =  6.5654605268E+00
           L =  6.5593412502E+00
           Vnuc =  4.6953055176E+01
           Ven = -2.0587266916E+01
           Vrep =  1.4015687113E+01
           DelSqV =  1.7082633797E+03
           DelSqVen =  1.2319244466E+03
           DelSqVrep =  4.7633893309E+02
           DelSqG =  1.3131693586E+02
           DelSqK = -1.8395803155E+03
           Stress_EigVals = -2.2543021200E+00 -2.2540267590E+00 -2.0632509245E+00
           Stress_EigVec1 =  5.2529233962E-01  8.5022714488E-01 -3.4376736997E-02
           Stress_EigVec2 =  4.6877218444E-01 -2.5543069467E-01  8.4558133809E-01
           Stress_EigVec3 =  7.1015533303E-01 -4.6029225752E-01 -5.3273862319E-01
           -DivStress =  1.1361256270E+01 -7.3493445523E+00 -8.5351187396E+00
           ESP =  -1.0676050414E+00     ESP at Nucleus =  -1.0689963731E+00
           ESPe = -1.3300340730E+01     ESPe at Nucleus = -1.3238276387E+01
           ESPn =  1.2232735689E+01     ESPn at Nucleus =  1.2169280014E+01

CP# 14     Coords =  5.01575837428150E+00  5.03626721205320E+00  3.30177426830738E+00
           Type = (3,-3) NACP c14
           Rho =  1.2256207423E+02     Rho at Nucleus =  1.2256207240E+02
           GradRho =  8.6710638669E-11 -1.2013057216E-10 -3.5573988200E-11
           HessRho_EigVals = -3.2407255030E+05 -3.2407254074E+05 -3.2406878368E+05
           HessRho_EigVec1 = -3.6305719294E-01  4.1344072328E-01  8.3501870817E-01
           HessRho_EigVec2 =  5.2864285561E-01  8.2936731795E-01 -1.8079431167E-01
           HessRho_EigVec3 =  7.6728495741E-01 -3.7578799908E-01  5.1967025495E-01
           DelSqRho = -9.7221387472E+05
           Bond Ellipticity = NA
           V = -2.4307107358E+05
           G =  8.8024500325E+00
           K =  2.4306227113E+05
           L =  2.4305346868E+05
           Vnuc =  1.7855457440E+06
           Ven = -2.1884019002E+08
           Vrep =  2.1859711894E+08
           DelSqV =  2.3846223949E+10
           DelSqVen =  1.7359323453E+12
           DelSqVrep = -1.7120861224E+12
           DelSqG =  6.4280156110E+08
           DelSqK = -2.4489025510E+10
           Stress_EigVals = -8.1024794373E+04 -8.1023141409E+04 -8.1023137800E+04
           Stress_EigVec1 =  7.6935475680E-01 -3.7596682625E-01  5.1647091278E-01
           Stress_EigVec2 =  4.4363956389E-01  8.9616502775E-01 -8.4959044145E-03
           Stress_EigVec3 = -4.5964899166E-01  2.3566329498E-01  8.5626258581E-01
           -DivStress =  2.0608913207E+04 -1.0141993489E+04  1.2963693622E+04
           ESP =  -1.4738207583E+01     ESP at Nucleus =  -1.4738207628E+01
           ESPe = -2.7090791901E+01     ESPe at Nucleus = -2.7090792271E+01
           ESPn =  1.2352584318E+01     ESPn at Nucleus =  1.2352584642E+01

CP# 15     Coords =  1.49224671956437E+00  6.95895182427111E+00  3.02267080534839E+00
           Type = (3,-3) NACP h15
           Rho =  4.3508662285E-01     Rho at Nucleus =  4.3147973660E-01
           GradRho =  5.3231124776E-11 -3.4847956118E-11 -4.0364804815E-11
           HessRho_EigVals = -8.9359315016E+00 -8.9315878837E+00 -8.1721933695E+00
           HessRho_EigVec1 = -5.2028389514E-01  1.7512634002E-01 -8.3584414426E-01
           HessRho_EigVec2 =  4.8013026154E-01  8.6939878876E-01 -1.1670766065E-01
           HessRho_EigVec3 =  7.0624330115E-01 -4.6203518386E-01 -5.3641764368E-01
           DelSqRho = -2.6039712755E+01
           Bond Ellipticity = NA
           V = -6.5221543003E+00
           G =  6.1130557874E-03
           K =  6.5160412445E+00
           L =  6.5099281887E+00
           Vnuc =  4.6710250013E+01
           Ven = -2.0323004930E+01
           Vrep =  1.3800850630E+01
           DelSqV =  1.6941941845E+03
           DelSqVen =  1.2163214932E+03
           DelSqVrep =  4.7787269130E+02
           DelSqG =  1.3036279357E+02
           DelSqK = -1.8245569781E+03
           Stress_EigVals = -2.2391608622E+00 -2.2380112293E+00 -2.0449822087E+00
           Stress_EigVec1 =  4.7652247427E-01  8.7053327735E-01 -1.2287450727E-01
           Stress_EigVec2 =  5.2382334089E-01 -1.6888916848E-01  8.3491649661E-01
           Stress_EigVec3 =  7.0607042075E-01 -4.6222100968E-01 -5.3648513414E-01
           -DivStress = -1.1385584162E+01  7.4562311770E+00  8.6290476837E+00
           ESP =  -1.0539010100E+00     ESP at Nucleus =  -1.0552546598E+00
           ESPe = -1.3553739856E+01     ESPe at Nucleus = -1.3482287826E+01
           ESPn =  1.2499838846E+01     ESPn at Nucleus =  1.2427033166E+01

CP# 16     Coords =  6.68708393667882E+00  4.20617315224941E+00  4.40938611177412E+00
           Type = (3,-3) NACP n16
           Rho =  1.9937167701E+02     Rho at Nucleus =  1.9937166344E+02
           GradRho =  2.8040147981E-10  4.5146109073E-12 -1.4372236734E-10
           HessRho_EigVals = -7.4215551539E+05 -7.4215489079E+05 -7.4214023707E+05
           HessRho_EigVec1 =  3.9547703780E-01 -3.3366890626E-01 -8.5572365491E-01
           HessRho_EigVec2 =  4.9411049033E-01  8.6266258775E-01 -1.0801890135E-01
           HessRho_EigVec3 =  7.7424333121E-01 -3.8010303958E-01  5.0603255170E-01
           DelSqRho = -2.2264506432E+06
           Bond Ellipticity = NA
           V = -5.5666513702E+05
           G =  2.6238103114E+01
           K =  5.5663889891E+05
           L =  5.5661266081E+05
           Vnuc =  1.1573252146E+06
           Ven = -2.3073786888E+08
           Vrep =  2.3018120375E+08
           DelSqV =  7.9263214731E+10
           DelSqVen =  2.5767274742E+12
           DelSqVrep = -2.4974642587E+12
           DelSqG =  2.0725067917E+09
           DelSqK = -8.1335721522E+10
