AIMSum (Version 19.02.13, Professional)
Copyright (c) 1997-2019 by Todd A. Keith
AIMSum is a component of the AIMAll package ( http://aim.tkgristmill.com )

TP:  64-bit Linux

Much of the Quantum Theory of Atoms in Molecules (QTAIM) is described in the book:
  "Atoms in Molecules - A Quantum Theory"
  R.F.W. Bader, Oxford University Press, Oxford, 1990

For additional references see:  http://aim.tkgristmill.com/references.html

Wfn File:  /home/mhennefarth/Documents/DielsAlder/DielsAlder_QTAIM/reactionC/reactC_exoc10MVc/reactC_exoc10MVc.wfn
Sum File:  /home/mhennefarth/Documents/DielsAlder/DielsAlder_QTAIM/reactionC/reactC_exoc10MVc/reactC_exoc10MVc.sum

SumViz File:  /home/mhennefarth/Documents/DielsAlder/DielsAlder_QTAIM/reactionC/reactC_exoc10MVc/reactC_exoc10MVc.sumviz

Wfn Title:  SCF/DFT density                                                                
 
Total memory allocated for AIMSum =        0.993 Megabytes

Atomic units (a.u.) used throughout, except where stated otherwise

Model:  Restricted SCF
 
Restricted, closed-shell, single-determinant wavefunction.
  Number of electrons (from MO Occs)                   =          64.0000000000
  Number of Alpha electrons (from MO Occs)             =          32.0000000000
  Number of Beta electrons (from MO Occs)              =          32.0000000000
  Number of electron pairs (N*(N-1)/2)                 =        2016.0000000000
  Number of electron pairs (from Muller 2EDM)          =        2016.0000000000
 
Nuclear Charges and Cartesian Coordinates:
-------------------------------------------------------------------------------
Atom      Charge                X                  Y                  Z
-------------------------------------------------------------------------------
c1         6.0           3.0352614000E-01  -5.9793500000E-03  -5.7969751000E-01
c2         6.0          -1.7759398100E+00   1.0059572300E+00   4.6280219000E-01
c3         6.0          -1.3802750600E+00   1.2876600900E+00   3.1889065100E+00
c4         6.0           9.3645046000E-01   4.4411545000E-01   3.7840070600E+00
c5         6.0           2.2197569700E+00  -4.9194480000E-01   1.4447619800E+00
c6         6.0           2.7785913900E+00   5.7060530900E+00  -5.7972976000E-01
c7         6.0           2.8824365700E+00   5.9447449200E+00   1.9147094200E+00
h8         1.0           1.7883824400E+00   4.0376841000E-01   5.6393075900E+00
h9         1.0           5.8926204000E-01  -4.5280646000E-01  -2.5518004700E+00
h10        1.0          -2.7533613100E+00   2.0563973700E+00   4.4928410800E+00
h11        1.0          -3.4841706900E+00   1.5397086500E+00  -5.2488965000E-01
h12        1.0           1.1273811900E+00   6.3233246800E+00  -1.6121143000E+00
h13        1.0           4.3268852900E+00   4.8967007100E+00  -1.6438869800E+00
c14        6.0           5.0335247100E+00   5.1129705000E+00   3.3341214000E+00
h15        1.0           1.3465446600E+00   6.7396901300E+00   3.0048799700E+00
n16        7.0           6.7462971300E+00   4.4365021200E+00   4.4813273300E+00
h17        1.0           4.0192840500E+00   4.7035099000E-01   1.0960294600E+00
h18        1.0           2.6790969800E+00  -2.5066852700E+00   1.5908911400E+00
 
Some Atomic Properties:
----------------------
  q(A) = Net Charge of Atom A
  L(A) = Lagrangian of Atom A = -(1/4) Times Atomic Integral of the Laplacian of the Electron Density
  K(A) = Electronic Kinetic Energy of Atom A (Hamiltonian Form)
  K_Scaled(A) = K(A) * E(Mol)/K(Mol) = Approximation to Virial-Based Total Energy of Atom A.
  |Mu_Intra(A)| = Magnitude of Intraatomic Dipole Moment of Atom A
--------------------------------------------------------------------------------------------------
Atom A          q(A)              L(A)              K(A)          K_Scaled(A)      |Mu_Intra(A)|
--------------------------------------------------------------------------------------------------
c1       -6.8770825300E-02 -4.6775011553E-05  3.7905423570E+01 -3.8096690547E+01  1.8432878428E-01
c2       -6.2766785400E-02  3.9107380071E-05  3.7906449099E+01 -3.8097721250E+01  1.6202643334E-01
c3       -6.2037430600E-02 -7.9706485805E-05  3.7906722918E+01 -3.8097996451E+01  1.6764675291E-01
c4       -5.9478455500E-02 -3.3595778839E-05  3.7907032142E+01 -3.8098307235E+01  1.9294974554E-01
c5       -1.0260407300E-02  3.3659679674E-04  3.7865096955E+01 -3.8056160448E+01  1.5636578801E-01
c6        2.0239595000E-03 -1.4520437767E-04  3.7851671220E+01 -3.8042666968E+01  1.7474415990E-01
c7        5.9140421300E-02 -7.7705414098E-04  3.7832454475E+01 -3.8023353257E+01  3.0147086776E-01
h8        6.3306892240E-02  1.9320432338E-05  5.8976971377E-01 -5.9274563277E-01  1.3680004645E-01
h9        4.1259193840E-02  1.9318657942E-05  5.9832889596E-01 -6.0134800373E-01  1.4236045192E-01
h10       3.8289599240E-02  1.8741351127E-05  6.0020204246E-01 -6.0323060195E-01  1.4023988862E-01
h11       3.0149813760E-02  1.4872164320E-05  6.0347202245E-01 -6.0651708192E-01  1.4220286508E-01
h12       6.0794581120E-02  1.7071965585E-05  5.9358470897E-01 -5.9657987805E-01  1.3662576848E-01
h13       7.0798958850E-02  2.6744629953E-05  5.8841404507E-01 -5.9138312350E-01  1.3379786050E-01
c14       9.7000635320E-01 -2.8725652440E-05  3.7368228137E+01 -3.7556784479E+01  1.0396713084E+00
h15       9.1509957980E-02  2.0563862440E-05  5.8208976639E-01 -5.8502693314E-01  1.3244162901E-01
n16      -1.2751928431E+00  2.3678156871E-06  5.5201074042E+01 -5.5479613142E+01  6.2894999155E-01
h17       5.1944956920E-02 -7.3655078459E-04  5.9069108635E-01 -5.9367165450E-01  1.3626525102E-01
h18       5.7748747150E-02  2.4456829991E-05  5.8857246051E-01 -5.9154233829E-01  1.4077413437E-01
--------------------------------------------------------------------------------------------------
Total    -1.5333121000E-03 -1.3084503457E-03  3.6307927730E+02 -3.6491133902E+02
 
1st Largest |L(A)| = 7.7705414098E-04, atom c7      
2nd Largest |L(A)| = 7.3655078459E-04, atom h17     
 
Molecular charge q(Mol) from the wfn file:   0.0000000000E+00
Molecular energy E(Mol) from the wfn file:  -3.6491166736E+02
Molecular virial ratio (-V(Mol)/T(Mol)) from the wfn file:   2.0050459000E+00
Note.  K_Scaled(A) = (1+V(Mol)/T(Mol))*K(A) = (E(Mol)/T(Mol))*K(A)
       Only use K_Scaled(A) data with caution.
 
N_AIMInt(SumA)     =         64.001533
N_Analytic(Mol)    =         63.999992
 
G_AIMInt(SumA)     =        363.080586
G_Analytic(Mol)    =        363.079578
 
K_AIMInt(SumA)     =        363.079277
K_Analytic(Mol)    =        363.079578
 
L_AIMInt(SumA)     =         -0.001308
L_Analytic(Mol)    =          0.000000
 
VenT_AIMInt(SumA)  =      -1620.151812
VenT_Analytic(Mol) =      -1620.130501
 
Some Information About the Atomic Calculations:
----------------------------------------------
  Time(sec) = "Elapsed User Time", in Seconds, for Atom A by AIMInt and, if used, by TWOe
  NProc = Number of Processors Used for AIMInt Job
  BIM = Basin Integration Method
  OAQ = Angular Quadrature Outside of Beta Sphere
  ORQ = Multiple of Default for Radial Quadrature Outside of Beta Sphere
  IAQ = Multiple of Default for Angular Quadrature Inside of Beta Sphere
  IRQ = Multiple of Default for Radial Quadrature Inside of Beta Sphere
  MIR = Maximum Integration Radius
------------------------------------------------------------------------------------------------------
Atom A     Time(sec)   NProc      BIM          OAQ                     ORQ      IAQ      IRQ      MIR
------------------------------------------------------------------------------------------------------
c1             57        8     Proaim(5)    4500(GS4)                  1.00     1.00     1.00    13.00
c2             37        8     Proaim(5)    4500(GS4)                  1.00     1.00     1.00    13.00
c3             43        8     Proaim(5)    4500(GS4)                  1.00     1.00     1.00    13.00
c4             75        8     Proaim(5)    4500(GS4)                  1.00     1.00     1.00    13.00
c5             47        8     Proaim(5)    4500(GS4)                  1.00     1.00     1.00    13.00
c6             51        8     Proaim(5)    4500(GS4)                  1.00     1.00     1.00    13.00
c7            217        8     Proaim(5)    9000(GS9)                  1.00     1.00     1.00    13.00
h8             11        8     Proaim(5)    1800(GS4)                  1.00     1.00     1.00    13.00
h9             10        8     Proaim(5)    1800(GS4)                  1.00     1.00     1.00    13.00
h10             9        8     Proaim(5)    1800(GS4)                  1.00     1.00     1.00    13.00
h11             9        8     Proaim(5)    1800(GS4)                  1.00     1.00     1.00    13.00
h12            12        8     Proaim(5)    1800(GS4)                  1.00     1.00     1.00    13.00
h13            10        8     Proaim(5)    1800(GS4)                  1.00     1.00     1.00    13.00
c14            57        8     Proaim(5)    4500(GS4)                  1.00     1.00     1.00    13.00
h15            13        8     Proaim(5)    1800(GS4)                  1.00     1.00     1.00    13.00
n16            20        8     Proaim(5)    2700(GS4)                  1.00     1.00     1.00    13.00
h17           131        8     Proaim(5)    9000(GS9)                  1.00     1.00     1.00    13.00
h18            10        8     Proaim(5)    1800(GS4)                  1.00     1.00     1.00    13.00
------------------------------------------------------------------------------------------------------
Total         819
Note:  Total wall clock time is less than total of atomic times if more than one atom
       was calculated at a time
 
Electron Density Critical Point Analysis of Molecular Structure:               
---------------------------------------------------------------                
  NACP = Nuclear Attractor Critical Point                                      
  NNACP = Non-Nuclear Attractor Critical Point                                 
  BCP = Bond Critical Point                                                    
  RCP = Ring Critical Point                                                    
  CCP = Cage Critical Point                                                    
  Rho = Electron Density                                                       
  GradRho = Gradient of Electron Density                                       
  HessRho_EigVals = Eigenvalues of the Hessian of Rho, Ascending Order         
  HessRho_EigVecs = Eigenvectors of the Hessian of Rho                         
  DelSqRho = Laplacian of Rho = Trace of Hessian of Rho                        
  Bond Ellipticity = (HessRho_EigVal(1) / HessRho_EigVal(2)) - 1               
  V = Virial Field = Potential Energy Density = Trace of Stress Tensor         
  G = Lagrangian Form of Kinetic Energy Density                                
  K = Hamiltonian Form of Kinetic Energy Density                               
  L = K - G = Lagrangian Density = (-1/4)DelSqRho                              
  Vnuc = Electrostatic Potential from Nuclei                                   
  Ven = Electron-nuclear attractive contribution to Virial Field V             
  Vrep = V - Ven = Repulsive contribution to Virial Field V                    
  DelSqV = Laplacian of V                                                      
  DelSqVen = Laplacian of Ven                                                  
  DelSqVrep = Laplacian of Vrep                                                
  DelSqG = Laplacian of G                                                      
  DelSqK = Laplacian of K                                                      
  Stress_EigVals = Eigenvalues of Stress Tensor, Ascending Order               
  Stress_EigVecs = Eigenvectors of Stress Tensor                               
  -DivStress = Ehrenfest Force Density = Minus Divergence of Stress Tensor     
  ESP = Total Electrostatic Potential                                          
  ESPe = Electrostatic Potential from Electrons                                
  ESPn = Electrostatic Potential from Nuclei                                   
  BP = Bond Path                                                               
  BPL = Bond Path Length                                                       
  GBL = Geometric Bond Length                                                  
  GBL_I = Distance Between Nuclear Attractors                                  
  GBL_II = Distance Between Nuclei                                             
  GBL_III = Sum of Distances Between BCP and Nuclear Attractors                
  GBL_IV = Sum of Distances Between BCP and Nuclei                             

CP# 1      Coords =  3.03527330609706E-01 -5.97982945684107E-03 -5.79697596278842E-01
           Type = (3,-3) NACP c1
           Rho =  1.2218961395E+02     Rho at Nucleus =  1.2218961368E+02
           GradRho =  5.2236210912E-09 -2.1037629416E-09 -3.8309355688E-10
           HessRho_EigVals = -3.2300567518E+05 -3.2300390827E+05 -3.2300279230E+05
           HessRho_EigVec1 =  3.6414387868E-01  9.1779432467E-01 -1.5828080496E-01
           HessRho_EigVec2 =  4.9766646765E-01 -4.8099746783E-02  8.6603377610E-01
           HessRho_EigVec3 =  7.8722761804E-01 -3.9413194739E-01 -4.7427068794E-01
           DelSqRho = -9.6901237575E+05
           Bond Ellipticity = NA
           V = -2.4227045029E+05
           G =  8.6781778086E+00
           K =  2.4226177211E+05
           L =  2.4225309394E+05
           Vnuc =  4.6641220026E+06
           Ven = -5.6990726690E+08
           Vrep =  5.6966499645E+08
           DelSqV =  2.3767654983E+10
           DelSqVen =  4.5195918705E+12
           DelSqVrep = -4.4958242810E+12
           DelSqG =  6.4051385243E+08
           DelSqK = -2.4408168835E+10
           Stress_EigVals = -8.0757283318E+04 -8.0756931046E+04 -8.0756235929E+04
           Stress_EigVec1 =  7.3834569591E-01 -3.9113849824E-01 -5.4941451430E-01
           Stress_EigVec2 =  5.6460619847E-01 -8.7078201296E-02  8.2075406031E-01
           Stress_EigVec3 =  3.6887053824E-01  9.1620306813E-01 -1.5654540543E-01
           -DivStress = -9.3155505002E+03  3.7516524939E+03  6.7817057478E+02
           ESP =  -1.4765138721E+01     ESP at Nucleus =  -1.4765138732E+01
           ESPe = -2.7299184894E+01     ESPe at Nucleus = -2.7299185427E+01
           ESPn =  1.2534046173E+01     ESPn at Nucleus =  1.2534046695E+01

CP# 2      Coords = -1.77594076803946E+00  1.00595776422332E+00  4.62802951160922E-01
           Type = (3,-3) NACP c2
           Rho =  1.2219026938E+02     Rho at Nucleus =  1.2219026909E+02
           GradRho = -4.5257042558E-09  2.5180225682E-09  3.6048741769E-09
           HessRho_EigVals = -3.2300439510E+05 -3.2300255324E+05 -3.2300153100E+05
           HessRho_EigVec1 =  3.7279910712E-01  9.1513876328E-01 -1.5343360021E-01
           HessRho_EigVec2 =  3.6172887924E-01  8.9437833519E-03  9.3224043393E-01
           HessRho_EigVec3 =  8.5450163467E-01 -4.0303976563E-01 -3.2769788474E-01
           DelSqRho = -9.6900847934E+05
           Bond Ellipticity = NA
           V = -2.4226951611E+05
           G =  8.6981384943E+00
           K =  2.4226081797E+05
           L =  2.4225211984E+05
           Vnuc =  4.4939214922E+06
           Ven = -5.4911347770E+08
           Vrep =  5.4887120818E+08
           DelSqV =  2.3767555382E+10
           DelSqVen =  4.3546481828E+12
           DelSqVrep = -4.3308806264E+12
           DelSqG =  6.4050528904E+08
           DelSqK = -2.4408060671E+10
           Stress_EigVals = -8.0756957351E+04 -8.0756639661E+04 -8.0755919100E+04
           Stress_EigVec1 =  8.7545271197E-01 -4.0039324001E-01 -2.7068025873E-01
           Stress_EigVec2 =  3.0901176809E-01  3.3088358150E-02  9.5048244999E-01
           Stress_EigVec3 =  3.7161038238E-01  9.1574582386E-01 -1.5269351590E-01
           -DivStress =  7.4982168548E+03 -4.1809629814E+03 -5.9539068991E+03
           ESP =  -1.4769214337E+01     ESP at Nucleus =  -1.4769214346E+01
           ESPe = -2.7136743860E+01     ESPe at Nucleus = -2.7136744935E+01
           ESPn =  1.2367529524E+01     ESPn at Nucleus =  1.2367530589E+01

CP# 3      Coords = -1.38027621579258E+00  1.28766046572781E+00  3.18890580312485E+00
           Type = (3,-3) NACP c3
           Rho =  1.2218884744E+02     Rho at Nucleus =  1.2218884712E+02
           GradRho = -6.0208358299E-09  1.9437162990E-09 -3.7722071022E-09
           HessRho_EigVals = -3.2300144364E+05 -3.2299967524E+05 -3.2299858787E+05
           HessRho_EigVec1 =  3.7518799405E-01  9.1597760144E-01 -1.4219353989E-01
           HessRho_EigVec2 = -5.1207887504E-02  1.7364669674E-01  9.8347576329E-01
           HessRho_EigVec3 =  9.2553320923E-01 -3.6170686803E-01  1.1205543379E-01
           DelSqRho = -9.6899970675E+05
           Bond Ellipticity = NA
           V = -2.4226733379E+05
           G =  8.7035500489E+00
           K =  2.4225863024E+05
           L =  2.4224992669E+05
           Vnuc =  4.2675842882E+06
           Ven = -5.2145120553E+08
           Vrep =  5.2120893820E+08
           DelSqV =  2.3767343018E+10
           DelSqVen =  4.1352880456E+12
           DelSqVrep = -4.1115206862E+12
           DelSqG =  6.4050115804E+08
           DelSqK = -2.4407844176E+10
           Stress_EigVals = -8.0756236859E+04 -8.0755898936E+04 -8.0755197993E+04
           Stress_EigVec1 =  9.2782893079E-01 -3.6857445649E-01  5.7326653511E-02
           Stress_EigVec2 =  4.7712685816E-05  1.5380555938E-01  9.8810113229E-01
           Stress_EigVec3 =  3.7300599580E-01  9.1678608188E-01 -1.4272283339E-01
           -DivStress =  9.0449005465E+03 -2.9412268128E+03  5.5285152128E+03
           ESP =  -1.4768800882E+01     ESP at Nucleus =  -1.4768800890E+01
           ESPe = -2.7317004494E+01     ESPe at Nucleus = -2.7317005548E+01
           ESPn =  1.2548203612E+01     ESPn at Nucleus =  1.2548204658E+01

CP# 4      Coords =  9.36451573541603E-01  4.44114964115987E-01  3.78400666475645E+00
           Type = (3,-3) NACP c4
           Rho =  1.2219910932E+02     Rho at Nucleus =  1.2219910906E+02
           GradRho =  4.8257939866E-09 -2.0977626303E-09 -1.6561847449E-09
           HessRho_EigVals = -3.2303382990E+05 -3.2303189550E+05 -3.2303075456E+05
           HessRho_EigVec1 =  3.6592671234E-01  9.1848010914E-01 -1.4997309861E-01
           HessRho_EigVec2 = -2.9751288109E-01  2.6814569101E-01  9.1628815008E-01
           HessRho_EigVec3 =  8.8180708025E-01 -2.9067538167E-01  3.7138133463E-01
           DelSqRho = -9.6909647996E+05
           Bond Ellipticity = NA
           V = -2.4229146060E+05
           G =  8.6703070546E+00
           K =  2.4228279030E+05
           L =  2.4227411999E+05
           Vnuc =  4.6962985700E+06
           Ven = -5.7388350238E+08
           Vrep =  5.7364121092E+08
           DelSqV =  2.3769719706E+10
           DelSqVen =  4.5511662961E+12
           DelSqVrep = -4.5273965764E+12
           DelSqG =  6.4057536093E+08
           DelSqK = -2.4410295067E+10
           Stress_EigVals = -8.0764309912E+04 -8.0763941167E+04 -8.0763209525E+04
           Stress_EigVec1 =  8.5557811326E-01 -2.7316026449E-01  4.3973806069E-01
           Stress_EigVec2 = -3.6278491572E-01  2.8957954553E-01  8.8573742821E-01
           Stress_EigVec3 =  3.6928741793E-01  9.1734789296E-01 -1.4865949767E-01
           -DivStress = -8.7144723447E+03  3.8017347368E+03  3.0894936193E+03
           ESP =  -1.4765015251E+01     ESP at Nucleus =  -1.4765015258E+01
           ESPe = -2.7723027464E+01     ESPe at Nucleus = -2.7723027556E+01
           ESPn =  1.2958012213E+01     ESPn at Nucleus =  1.2958012298E+01

CP# 5      Coords =  2.21975662120800E+00 -4.91944688652210E-01  1.44476193231946E+00
           Type = (3,-3) NACP c5
           Rho =  1.2199579720E+02     Rho at Nucleus =  1.2199579717E+02
           GradRho = -1.5489387550E-10  3.2932545579E-11 -2.5429214290E-11
           HessRho_EigVals = -3.2245672828E+05 -3.2245623290E+05 -3.2245592729E+05
           HessRho_EigVec1 =  1.6794317974E-01  7.2143239489E-02  9.8315331529E-01
           HessRho_EigVec2 =  3.5157193847E-01  9.2735450726E-01 -1.2810460546E-01
           HessRho_EigVec3 =  9.2097353950E-01 -3.6716341165E-01 -1.3037932614E-01
           DelSqRho = -9.6736888847E+05
           Bond Ellipticity = NA
           V = -2.4185978083E+05
           G =  8.7793548703E+00
           K =  2.4185100147E+05
           L =  2.4184222212E+05
           Vnuc =  1.6250235578E+07
           Ven = -1.9824604440E+09
           Vrep =  1.9822185842E+09
           DelSqV =  2.3727352861E+10
           DelSqVen =  1.5719993442E+13
           DelSqVrep = -1.5696261895E+13
           DelSqG =  6.3935284783E+08
           DelSqK = -2.4366705709E+10
           Stress_EigVals = -8.0620034517E+04 -8.0619939786E+04 -8.0619806524E+04
           Stress_EigVec1 =  9.2658813737E-01 -3.5354993638E-01 -1.2820634213E-01
           Stress_EigVec2 =  3.3862316887E-01  9.3263977151E-01 -1.2456888095E-01
           Stress_EigVec3 =  1.6361165357E-01  7.2010409528E-02  9.8389314854E-01
           -DivStress =  2.7229575047E+03 -8.6954099608E+02  3.7238754159E+02
           ESP =  -1.4753357323E+01     ESP at Nucleus =  -1.4753357321E+01
           ESPe = -2.7609443113E+01     ESPe at Nucleus = -2.7609442640E+01
           ESPn =  1.2856085790E+01     ESPn at Nucleus =  1.2856085320E+01

CP# 6      Coords =  2.77859133125515E+00  5.70605305970429E+00 -5.79730159683883E-01
           Type = (3,-3) NACP c6
           Rho =  1.2222804740E+02     Rho at Nucleus =  1.2222804737E+02
           GradRho =  4.0364156462E-11 -9.5731422789E-11 -1.6091483701E-10
           HessRho_EigVals = -3.2310996531E+05 -3.2310684119E+05 -3.2310627512E+05
           HessRho_EigVec1 =  4.0364669721E-01  9.0954420776E-01 -9.8988271869E-02
           HessRho_EigVec2 =  9.1341333049E-01 -4.0681484533E-01 -1.3333015457E-02
           HessRho_EigVec3 =  5.2396865491E-02  8.5035379435E-02  9.9499927273E-01
           DelSqRho = -9.6932308162E+05
           Bond Ellipticity = NA
           V = -2.4234810057E+05
           G =  8.6650840556E+00
           K =  2.4233943549E+05
           L =  2.4233077040E+05
           Vnuc =  1.4810718499E+07
           Ven = -1.8102852027E+09
           Vrep =  1.8100428546E+09
           DelSqV =  2.3775266094E+10
           DelSqVen =  1.4356381172E+13
           DelSqVrep = -1.4332610100E+13
           DelSqG =  6.4072412775E+08
           DelSqK = -2.4415990221E+10
           Stress_EigVals = -8.0783193222E+04 -8.0782976222E+04 -8.0781931129E+04
           Stress_EigVec1 =  5.4872671876E-02  8.2550772947E-02  9.9507505233E-01
           Stress_EigVec2 =  9.1317990000E-01 -4.0721956507E-01 -1.6573957032E-02
           Stress_EigVec3 =  4.0384583706E-01  9.0959199409E-01 -9.7728932160E-02
           -DivStress =  4.6025490084E+02  2.3776758018E+02  3.1308862246E+03
           ESP =  -1.4731751496E+01     ESP at Nucleus =  -1.4731751499E+01
           ESPe = -2.6026947180E+01     ESPe at Nucleus = -2.6026947706E+01
           ESPn =  1.1295195683E+01     ESPn at Nucleus =  1.1295196206E+01

CP# 7      Coords =  2.88243883787158E+00  5.94474415301287E+00  1.91471173167014E+00
           Type = (3,-3) NACP c7
           Rho =  1.2213119565E+02     Rho at Nucleus =  1.2213119386E+02
           GradRho =  2.4285684574E-11  1.3353584905E-10  2.0756729668E-11
           HessRho_EigVals = -3.2284845402E+05 -3.2284801468E+05 -3.2284593116E+05
           HessRho_EigVec1 =  3.7432863724E-01  9.2039959133E-01 -1.1288340721E-01
           HessRho_EigVec2 =  8.7778441197E-01 -3.1246055120E-01  3.6312935718E-01
           HessRho_EigVec3 = -2.9895250031E-01  2.3501701264E-01  9.2487534637E-01
           DelSqRho = -9.6854239986E+05
           Bond Ellipticity = NA
           V = -2.4215317515E+05
           G =  8.7875934577E+00
           K =  2.4214438756E+05
           L =  2.4213559997E+05
           Vnuc =  1.8029177437E+06
           Ven = -2.2019249970E+08
           Vrep =  2.1995034652E+08
           DelSqV =  2.3756153458E+10
           DelSqVen =  1.7462022871E+12
           DelSqVrep = -1.7224461336E+12
           DelSqG =  6.4019788969E+08
           DelSqK = -2.4396351348E+10
           Stress_EigVals = -8.0718272995E+04 -8.0717620709E+04 -8.0717281449E+04
           Stress_EigVec1 = -2.8180191011E-01  2.3082878494E-01  9.3129251876E-01
           Stress_EigVec2 =  8.7218484318E-01 -3.4287326870E-01  3.4890044560E-01
           Stress_EigVec3 =  3.9985157594E-01  9.1058003144E-01 -1.0470302555E-01
           -DivStress = -1.7731505021E+04  5.9969636070E+03 -1.8077289646E+04
           ESP =  -1.4713804475E+01     ESP at Nucleus =  -1.4713804510E+01
           ESPe = -2.7139094287E+01     ESPe at Nucleus = -2.7139093581E+01
           ESPn =  1.2425289811E+01     ESPn at Nucleus =  1.2425289071E+01

CP# 8      Coords =  1.77640977584484E+00  4.04251839830167E-01  5.61311911335611E+00
           Type = (3,-3) NACP h8
           Rho =  4.3761967802E-01     Rho at Nucleus =  4.3409971591E-01
           GradRho = -3.2855662635E-15  1.3010426070E-16 -8.1479961667E-15
           HessRho_EigVals = -8.9757991246E+00 -8.9709007623E+00 -8.2240133290E+00
           HessRho_EigVec1 = -8.3363632713E-01  3.9477064806E-01  3.8627271392E-01
           HessRho_EigVec2 =  3.6576063929E-01  9.1862828056E-01 -1.4946985282E-01
           HessRho_EigVec3 =  4.1384734968E-01 -1.6679855658E-02  9.1019347041E-01
           DelSqRho = -2.6170713216E+01
           Bond Ellipticity = NA
           V = -6.5556692541E+00
           G =  6.4954750369E-03
           K =  6.5491737790E+00
           L =  6.5426783040E+00
           Vnuc =  4.7345707437E+01
           Ven = -2.0719413244E+01
           Vrep =  1.4163743990E+01
           DelSqV =  1.7040032916E+03
           DelSqVen =  1.2390709313E+03
           DelSqVrep =  4.6493236025E+02
           DelSqG =  1.3091613892E+02
           DelSqK = -1.8349194305E+03
           Stress_EigVals = -2.2491285562E+00 -2.2486935978E+00 -2.0578471001E+00
           Stress_EigVec1 =  4.1565142915E-01  8.9297239210E-01 -1.7272578382E-01
           Stress_EigVec2 =  8.0949965516E-01 -4.4978921677E-01 -3.7735920391E-01
           Stress_EigVec3 =  4.1466154602E-01 -1.7028429966E-02  9.0981637424E-01
           -DivStress =  6.6332748154E+00 -2.6855191996E-01  1.4511408581E+01
           ESP =  -1.0950933549E+00     ESP at Nucleus =  -1.0964393914E+00
           ESPe = -1.3718049006E+01     ESPe at Nucleus = -1.3645264407E+01
           ESPn =  1.2622955652E+01     ESPn at Nucleus =  1.2548825015E+01

CP# 9      Coords =  5.85378178763752E-01 -4.46619314635479E-01 -2.52442378273942E+00
           Type = (3,-3) NACP h9
           Rho =  4.3960619066E-01     Rho at Nucleus =  4.3618111479E-01
           GradRho = -1.3496148643E-15  2.6575963652E-15  1.0839419640E-14
           HessRho_EigVals = -9.0150887029E+00 -9.0097993956E+00 -8.2757240086E+00
           HessRho_EigVec1 = -9.1405261462E-01  3.4903853404E-01 -2.0659118922E-01
           HessRho_EigVec2 =  3.8229919204E-01  9.1155418669E-01 -1.5138128181E-01
           HessRho_EigVec3 = -1.3548116279E-01  2.1735010116E-01  9.6664563727E-01
           DelSqRho = -2.6300612107E+01
           Bond Ellipticity = NA
           V = -6.5885977655E+00
           G =  6.7223693589E-03
           K =  6.5818753961E+00
           L =  6.5751530267E+00
           Vnuc =  4.7219770402E+01
           Ven = -2.0758103390E+01
           Vrep =  1.4169505625E+01
           DelSqV =  1.7138883015E+03
           DelSqVen =  1.2419088651E+03
           DelSqVrep =  4.7197943643E+02
           DelSqG =  1.3161947099E+02
           DelSqK = -1.8455077725E+03
           Stress_EigVals = -2.2591467142E+00 -2.2586120805E+00 -2.0708389708E+00
           Stress_EigVec1 =  4.0645818617E-01  9.0196345800E-01 -1.4578636196E-01
           Stress_EigVec2 = -9.0342243905E-01  3.7292053910E-01 -2.1156126334E-01
           Stress_EigVec3 = -1.3645379997E-01  2.1769747806E-01  9.6643063306E-01
           -DivStress =  2.1624148984E+00 -3.4452098625E+00 -1.5244904897E+01
           ESP =  -1.0950457973E+00     ESP at Nucleus =  -1.0963933495E+00
           ESPe = -1.3022245434E+01     ESPe at Nucleus = -1.2948144396E+01
           ESPn =  1.1927199637E+01     ESPn at Nucleus =  1.1851751046E+01

CP# 10     Coords = -2.73455177232404E+00  2.04587855929763E+00  4.47456456215312E+00
           Type = (3,-3) NACP h10
           Rho =  4.4050387888E-01     Rho at Nucleus =  4.3708933072E-01
           GradRho =  2.4623152909E-13 -1.3870675442E-13 -2.4171289970E-13
           HessRho_EigVals = -9.0346566240E+00 -9.0298447151E+00 -8.2969331728E+00
           HessRho_EigVec1 =  6.4302842597E-01 -1.4918679243E-01  7.5117091554E-01
           HessRho_EigVec2 =  3.7687221805E-01  9.1550260529E-01 -1.4079172906E-01
           HessRho_EigVec3 =  6.6669466373E-01 -3.7362853301E-01 -6.4491855662E-01
           DelSqRho = -2.6361434512E+01
           Bond Ellipticity = NA
           V = -6.6033046393E+00
           G =  6.4730056607E-03
           K =  6.5968316336E+00
           L =  6.5903586280E+00
           Vnuc =  4.7290657076E+01
           Ven = -2.0831717877E+01
           Vrep =  1.4228413238E+01
           DelSqV =  1.7179756522E+03
           DelSqVen =  1.2466495595E+03
           DelSqVrep =  4.7132609267E+02
           DelSqG =  1.3194748114E+02
           DelSqK = -1.8499231334E+03
           Stress_EigVals = -2.2637603360E+00 -2.2633521911E+00 -2.0761921122E+00
           Stress_EigVec1 =  3.5175536014E-01  9.2059195847E-01 -1.6964260261E-01
           Stress_EigVec2 =  6.5679917580E-01 -1.1359071524E-01  7.4546092593E-01
           Stress_EigVec3 =  6.6699550919E-01 -3.7364099804E-01 -6.4460018251E-01
           -DivStress = -1.0497356578E+01  5.8705714020E+00  1.0199702028E+01
           ESP =  -1.0980250415E+00     ESP at Nucleus =  -1.0993580968E+00
           ESPe = -1.2999600975E+01     ESPe at Nucleus = -1.2925641956E+01
           ESPn =  1.1901575933E+01     ESPn at Nucleus =  1.1826283859E+01

CP# 11     Coords = -3.46076741323823E+00  1.53249566512319E+00 -5.11178373802947E-01
           Type = (3,-3) NACP h11
           Rho =  4.4144184634E-01     Rho at Nucleus =  4.3806410679E-01
           GradRho = -6.3013830265E-16 -5.6378512969E-17 -2.2898349883E-16
           HessRho_EigVals = -9.0561457387E+00 -9.0513682267E+00 -8.3228314088E+00
           HessRho_EigVec1 = -4.0289525657E-01  3.2103169168E-01  8.5709629865E-01
           HessRho_EigVec2 =  3.7797142119E-01  9.1124086397E-01 -1.6363890917E-01
           HessRho_EigVec3 =  8.3355444753E-01 -2.5802856581E-01  4.8847542644E-01
           DelSqRho = -2.6430345374E+01
           Bond Ellipticity = NA
           V = -6.6206143060E+00
           G =  6.5139812299E-03
           K =  6.6141003248E+00
           L =  6.6075863435E+00
           Vnuc =  4.7310696550E+01
           Ven = -2.0884921237E+01
           Vrep =  1.4264306931E+01
           DelSqV =  1.7230879779E+03
           DelSqVen =  1.2504380497E+03
           DelSqVrep =  4.7264992822E+02
           DelSqG =  1.3235374315E+02
           DelSqK = -1.8554417211E+03
           Stress_EigVals = -2.2691426218E+00 -2.2687705812E+00 -2.0827011030E+00
           Stress_EigVec1 =  3.5782454966E-01  9.2583339085E-01 -1.2163109819E-01
           Stress_EigVec2 = -4.2036764298E-01  2.7602143733E-01  8.6435132375E-01
           Stress_EigVec3 =  8.3381810750E-01 -2.5815634512E-01  4.8795764681E-01
           -DivStress = -1.3095257461E+01  4.0362082678E+00 -7.6723298196E+00
           ESP =  -1.1009823027E+00     ESP at Nucleus =  -1.1023432242E+00
           ESPe = -1.2782266584E+01     ESPe at Nucleus = -1.2708764093E+01
           ESPn =  1.1681284281E+01     ESPn at Nucleus =  1.1606420869E+01

CP# 12     Coords =  1.15062158810080E+00  6.31479551738907E+00 -1.59763584557170E+00
           Type = (3,-3) NACP h12
           Rho =  4.4036220004E-01     Rho at Nucleus =  4.3684586083E-01
           GradRho =  1.1080546203E-15  3.2944567213E-15 -1.4745149546E-16
           HessRho_EigVals = -9.0399528701E+00 -9.0368785141E+00 -8.2869721416E+00
           HessRho_EigVec1 = -4.1036650259E-01  3.2355076038E-01  8.5259265714E-01
           HessRho_EigVec2 =  4.1836675099E-01  8.9754162584E-01 -1.3924184558E-01
           HessRho_EigVec3 =  8.1028920468E-01 -2.9955623070E-01  5.0368389832E-01
           DelSqRho = -2.6363803526E+01
           Bond Ellipticity = NA
           V = -6.6033014404E+00
           G =  6.1752794819E-03
           K =  6.5971261609E+00
           L =  6.5909508814E+00
           Vnuc =  4.6636659207E+01
           Ven = -2.0537021851E+01
           Vrep =  1.3933720411E+01
           DelSqV =  1.7168917788E+03
           DelSqVen =  1.2295197204E+03
           DelSqVrep =  4.8737205839E+02
           DelSqG =  1.3201435652E+02
           DelSqK = -1.8489061353E+03
           Stress_EigVals = -2.2649970126E+00 -2.2646562266E+00 -2.0736482012E+00
           Stress_EigVec1 =  3.9498212705E-01  9.1411032922E-01 -9.1604723239E-02
           Stress_EigVec2 = -4.3377037297E-01  2.7346398300E-01  8.5852240130E-01
           Stress_EigVec3 =  8.0983478738E-01 -2.9936558922E-01  5.0452736412E-01
           -DivStress = -1.2970544431E+01  4.7614351577E+00 -8.0811692457E+00
           ESP =  -1.0740392640E+00     ESP at Nucleus =  -1.0754663319E+00
           ESPe = -1.2842049581E+01     ESPe at Nucleus = -1.2776960960E+01
           ESPn =  1.1768010317E+01     ESPn at Nucleus =  1.1701494628E+01

CP# 13     Coords =  4.30503748615777E+00  4.90813190200182E+00 -1.62889397491662E+00
           Type = (3,-3) NACP h13
           Rho =  4.3789945164E-01     Rho at Nucleus =  4.3436113651E-01
           GradRho = -2.4463342521E-09  1.2801201471E-09  1.6786520837E-09
           HessRho_EigVals = -8.9854286613E+00 -8.9823972324E+00 -8.2323284428E+00
           HessRho_EigVec1 =  5.2016939042E-01 -1.1449341955E-01  8.4635398159E-01
           HessRho_EigVec2 =  3.9490414268E-01  9.1091994902E-01 -1.1948039411E-01
           HessRho_EigVec3 =  7.5728100686E-01 -3.9637873728E-01 -5.1904660030E-01
           DelSqRho = -2.6200154336E+01
           Bond Ellipticity = NA
           V = -6.5622572385E+00
           G =  6.1093272158E-03
           K =  6.5561479113E+00
           L =  6.5500385841E+00
           Vnuc =  4.6798590822E+01
           Ven = -2.0493077259E+01
           Vrep =  1.3930820020E+01
           DelSqV =  1.7056642251E+03
           DelSqVen =  1.2261303100E+03
           DelSqVrep =  4.7953391504E+02
           DelSqG =  1.3111469366E+02
           DelSqK = -1.8367789187E+03
           Stress_EigVals = -2.2512597998E+00 -2.2509700890E+00 -2.0600273498E+00
           Stress_EigVec1 =  4.2810509657E-01  9.0150198731E-01 -6.3404993230E-02
           Stress_EigVec2 =  4.9362646669E-01 -1.7449060139E-01  8.5198940217E-01
           Stress_EigVec3 =  7.5700656382E-01 -3.9603938807E-01 -5.1970555647E-01
           -DivStress =  1.2118352433E+01 -6.3396362651E+00 -8.3172449322E+00
           ESP =  -1.0684274703E+00     ESP at Nucleus =  -1.0697741212E+00
           ESPe = -1.3214680442E+01     ESPe at Nucleus = -1.3151289473E+01
           ESPn =  1.2146252972E+01     ESPn at Nucleus =  1.2081515352E+01

CP# 14     Coords =  5.03352194340725E+00  5.11297157779481E+00  3.33411963415493E+00
           Type = (3,-3) NACP c14
           Rho =  1.2255566915E+02     Rho at Nucleus =  1.2255566722E+02
           GradRho =  9.2117868888E-11  7.3181460891E-11  6.6923355746E-11
           HessRho_EigVals = -3.2405429211E+05 -3.2405428910E+05 -3.2405060353E+05
           HessRho_EigVec1 = -5.1574463295E-01  1.5712536683E-01  8.4221083624E-01
           HessRho_EigVec2 =  3.4248049284E-01  9.3888898277E-01  3.4562842214E-02
           HessRho_EigVec3 =  7.8531177605E-01 -3.0626638264E-01  5.3803932687E-01
           DelSqRho = -9.7215918474E+05
           Bond Ellipticity = NA
           V = -2.4305743168E+05
           G =  8.8177493459E+00
           K =  2.4304861393E+05
           L =  2.4303979618E+05
           Vnuc =  1.7368542912E+06
           Ven = -2.1286133988E+08
           Vrep =  2.1261828245E+08
           DelSqV =  2.3844883544E+10
           DelSqVen =  1.6884988621E+12
           DelSqVrep = -1.6646539785E+12
           DelSqG =  6.4276276946E+08
           DelSqK = -2.4487646313E+10
           Stress_EigVals = -8.1020234378E+04 -8.1018599661E+04 -8.1018597644E+04
           Stress_EigVec1 =  7.8712326136E-01 -3.0811382402E-01  5.3432466056E-01
           Stress_EigVec2 =  2.7278325233E-01  9.5086144722E-01  1.4646434868E-01
           Stress_EigVec3 = -5.5319641058E-01  3.0469322901E-02  8.3249345444E-01
           -DivStress =  2.1713671529E+04 -8.4596917290E+03  1.3858991891E+04
           ESP =  -1.4739680986E+01     ESP at Nucleus =  -1.4739681027E+01
           ESPe = -2.7045089871E+01     ESPe at Nucleus = -2.7045090098E+01
           ESPn =  1.2305408884E+01     ESPn at Nucleus =  1.2305409071E+01

CP# 15     Coords =  1.36857513033772E+00  6.72846520372657E+00  2.98955168771156E+00
           Type = (3,-3) NACP h15
           Rho =  4.3613827957E-01     Rho at Nucleus =  4.3255516246E-01
           GradRho =  3.5927095955E-09 -1.8314803988E-09 -2.5003287318E-09
           HessRho_EigVals = -8.9602846298E+00 -8.9558862351E+00 -8.1991092226E+00
           HessRho_EigVec1 =  5.0058897921E-01 -1.7539463682E-01  8.4773073276E-01
           HessRho_EigVec2 =  4.2046683073E-01  9.0525561165E-01 -6.0991161879E-02
           HessRho_EigVec3 =  7.5671548031E-01 -3.8697415798E-01 -5.2690860964E-01
           DelSqRho = -2.6115280087E+01
           Bond Ellipticity = NA
           V = -6.5411418018E+00
           G =  6.1608899466E-03
           K =  6.5349809118E+00
           L =  6.5288200219E+00
           Vnuc =  4.7062243726E+01
           Ven = -2.0525646012E+01
           Vrep =  1.3984504210E+01
           DelSqV =  1.6995992158E+03
           DelSqVen =  1.2290436876E+03
           DelSqVrep =  4.7055552817E+02
           DelSqG =  1.3080300939E+02
           DelSqK = -1.8304022252E+03
           Stress_EigVals = -2.2452700821E+00 -2.2441235889E+00 -2.0517481308E+00
           Stress_EigVec1 =  3.9433409839E-01  9.1298928633E-01 -1.0464789486E-01
           Stress_EigVec2 =  5.2169023669E-01 -1.2865704508E-01  8.4337812498E-01
           Stress_EigVec3 =  7.5653150350E-01 -3.8716653755E-01 -5.2703145676E-01
           -DivStress = -1.2180625216E+01  6.2076675890E+00  8.4741441964E+00
           ESP =  -1.0604249929E+00     ESP at Nucleus =  -1.0618167959E+00
           ESPe = -1.3747990403E+01     ESPe at Nucleus = -1.3678134394E+01
           ESPn =  1.2687565410E+01     ESPn at Nucleus =  1.2616317598E+01

CP# 16     Coords =  6.74629230251298E+00  4.43650402326057E+00  4.48132406125627E+00
           Type = (3,-3) NACP n16
           Rho =  1.9938942859E+02     Rho at Nucleus =  1.9938941463E+02
           GradRho =  2.8429525400E-10 -6.8348882110E-11  1.2906653524E-10
           HessRho_EigVals = -7.4222617314E+05 -7.4222565582E+05 -7.4221067829E+05
           HessRho_EigVec1 = -4.2635763993E-01  3.3209890536E-01  8.4138545265E-01
           HessRho_EigVec2 = -4.3623871669E-01 -8.9033757300E-01  1.3036406008E-01
           HessRho_EigVec3 =  7.9241084353E-01 -3.1146319712E-01  5.2447662665E-01
           DelSqRho = -2.2266625073E+06
           Bond Ellipticity = NA
           V = -5.5671801556E+05
           G =  2.6194373965E+01
           K =  5.5669182119E+05
           L =  5.5666562681E+05
           Vnuc =  1.1414059496E+06
           Ven = -2.2758428008E+08
           Vrep =  2.2702756207E+08
           DelSqV =  7.9270748287E+10
           DelSqVen =  2.5415258304E+12
           DelSqVrep = -2.4622550815E+12
           DelSqG =  2.0727172649E+09
           DelSqK = -8.1343465552E+10
